TIMESTAMP_START,TIMESTAMP_END,NEE,NEE_VUT_REF_QC,SW_IN_F,VPD_F_MDS,TA_F_MDS,RECO_NT_VUT_REF,GPP_NT_VUT_REF,RECO_DT_VUT_REF,GPP_DT_VUT_REF,SW_IN_POT,PPFD_IN,TS_F_MDS_1,RH
201201010000,201201010030,-9999.0,1.0,0.267,3.088,8.037,1.29233,0.17451,0.984517,0.000547,0.0,-9999.0,6.796,-9999.0
201201010030,201201010100,-9999.0,1.0,0.207,3.088,8.037,1.29233,0.17451,0.984517,0.000424,0.0,-9999.0,6.756,-9999.0
201201010100,201201010130,-9999.0,1.0,0.028,3.088,8.037,1.29233,0.17451,0.984517,5.7e-05,0.0,-9999.0,6.718,-9999.0
201201010130,201201010200,-9999.0,1.0,0.026,3.088,8.037,1.29233,0.17451,0.984517,5.3e-05,0.0,-9999.0,6.678,-9999.0
201201010200,201201010230,-9999.0,1.0,0.142,3.088,8.037,1.29233,0.17451,0.984517,0.000291,0.0,-9999.0,6.637,-9999.0
201201010230,201201010300,-9999.0,1.0,0.309,3.088,8.037,1.29233,0.17451,0.984517,0.000633,0.0,-9999.0,6.597,-9999.0
201201010300,201201010330,-9999.0,1.0,0.255,3.088,8.037,1.29233,0.17451,0.984517,0.000523,0.0,-9999.0,6.557,-9999.0
201201010330,201201010400,-9999.0,1.0,0.008,3.088,8.037,1.29233,0.17451,0.984517,1.6e-05,0.0,-9999.0,6.519,-9999.0
201201010400,201201010430,-9999.0,1.0,0.027,3.088,8.037,1.29233,0.17451,0.984517,5.5e-05,0.0,-9999.0,6.478,-9999.0
201201010430,201201010500,-9999.0,1.0,0.02,3.088,8.037,1.29233,0.17451,0.984517,4.1e-05,0.0,-9999.0,6.439,-9999.0
201201010500,201201010530,-9999.0,1.0,0.001,3.088,8.037,1.29233,0.17451,0.984517,2e-06,0.0,-9999.0,6.4,-9999.0
201201010530,201201010600,-9999.0,1.0,0.0,3.088,8.037,1.29233,0.17451,0.984517,0.0,0.0,-9999.0,6.361,-9999.0
201201010600,201201010630,-9999.0,1.0,0.012,3.088,8.037,1.29233,0.17451,0.984517,2.5e-05,0.0,-9999.0,6.323,-9999.0
201201010630,201201010700,-9999.0,1.0,0.015,3.088,8.037,1.29233,0.17451,0.984517,3.1e-05,0.0,-9999.0,6.286,-9999.0
201201010700,201201010730,-9999.0,1.0,0.648,3.088,8.037,1.29233,0.17451,0.984517,0.001328,0.0,-9999.0,6.251,-9999.0
201201010730,201201010800,-9999.0,1.0,10.9,3.178,8.117,1.29922,0.200044,0.995342,0.021995,10.933,-9999.0,6.217,-9999.0
201201010800,201201010830,-9999.0,1.0,72.3,5.323,10.749,1.53486,0.487134,1.40199,0.133835,105.674,-9999.0,6.185,-9999.0
201201010830,201201010900,-9999.0,1.0,176.2,5.672,11.184,1.5754,0.33619,1.47916,0.28615,211.017,-9999.0,6.154,-9999.0
201201010900,201201010930,-9999.0,1.0,249.2,6.631,11.202,1.57709,0.210454,1.48242,0.372587,306.315,-9999.0,6.123,-9999.0
201201010930,201201011000,-9999.0,2.0,139.7,4.667,6.453,1.15924,0.301327,0.787434,0.237092,389.936,-9999.0,6.098,51.64
201201011000,201201011030,-9999.0,2.0,146.4,4.588,6.64,1.17461,0.403565,0.809041,0.246425,460.451,-9999.0,6.075,53.07
201201011030,201201011100,-0.708598,0.0,306.0,5.11,7.59,1.25411,2.01013,0.92561,0.430904,516.653,-9999.0,6.055,51.03
201201011100,201201011130,2.13767,0.0,226.2,6.978,9.73,1.44163,-0.684089,1.23258,0.346871,557.579,-9999.0,6.045,42.15
201201011130,201201011200,1.30496,0.0,272.75,9.118,12.14,1.66601,0.325277,1.65933,0.397618,582.531,-9999.0,6.05,35.61
201201011200,201201011230,-9999.0,1.0,187.65,10.309,13.41,1.78951,0.00403,1.92204,0.289913,591.081,-9999.0,6.065,33.01
201201011230,201201011300,-9999.0,1.0,239.5,10.528,13.66,1.81423,0.291568,1.977,0.334813,583.082,-9999.0,6.094,32.69
201201011300,201201011330,-9999.0,1.0,135.8,9.199,12.7,1.72004,0.281923,1.77181,0.231587,558.672,-9999.0,6.133,37.38
201201011330,201201011400,-9999.0,1.0,124.3,8.589,12.65,1.71519,0.295173,1.76156,0.215042,518.268,-9999.0,6.183,41.34
201201011400,201201011430,1.62225,0.0,84.7,8.426,12.53,1.70356,0.037054,1.73711,0.154215,462.561,-9999.0,6.244,42.0
201201011430,201201011500,-9999.0,1.0,67.54,7.969,12.42,1.69294,0.521913,1.71492,0.12583,392.505,-9999.0,6.312,44.75
201201011500,201201011530,-9999.0,1.0,52.0,7.371,12.25,1.67657,0.590003,1.68101,0.098961,309.299,-9999.0,6.381,48.32
201201011530,201201011600,-9999.0,1.0,30.73,6.753,12.04,1.65644,0.470174,1.63979,0.060256,214.365,-9999.0,6.451,51.99
201201011600,201201011630,-9999.0,1.0,15.38,6.425,11.89,1.64212,0.21223,1.61079,0.030832,109.329,-9999.0,6.519,53.87
201201011630,201201011700,0.530322,0.0,3.205,6.214,11.61,1.61552,1.06062,1.55763,0.006541,12.6661,-9999.0,6.584,54.55
201201011700,201201011730,1.09634,0.0,0.169,5.83,11.26,1.58253,0.468782,1.49295,0.000346,0.0,-9999.0,6.647,56.36
201201011730,201201011800,2.01692,0.0,0.0,5.336,10.8,1.53959,-0.485564,1.41089,0.0,0.0,-9999.0,6.706,58.82
201201011800,201201011830,1.27687,0.0,0.0,5.525,10.36,1.49898,0.222371,1.33546,0.0,0.0,-9999.0,6.759,56.09
201201011830,201201011900,-9999.0,1.0,0.0,3.055,8.018,1.29069,0.176582,0.981959,0.0,0.0,-9999.0,6.807,-9999.0
201201011900,201201011930,-9999.0,1.0,0.0,3.049,8.016,1.29052,0.183652,0.981689,0.0,0.0,-9999.0,6.853,-9999.0
201201011930,201201012000,-9999.0,1.0,0.0,3.042,8.015,1.29043,0.190192,0.981556,0.0,0.0,-9999.0,6.895,-9999.0
201201012000,201201012030,-9999.0,1.0,0.0,3.037,8.017,1.29061,0.197302,0.981824,0.0,0.0,-9999.0,6.931,-9999.0
201201012030,201201012100,-9999.0,1.0,0.0,3.032,8.02,1.29086,0.199143,0.982228,0.0,0.0,-9999.0,6.968,-9999.0
201201012100,201201012130,-9999.0,1.0,0.0,3.02,8.023,1.29112,0.200404,0.982631,0.0,0.0,-9999.0,6.999,-9999.0
201201012130,201201012200,-9999.0,1.0,0.0,3.006,8.026,1.29138,0.197756,0.983035,0.0,0.0,-9999.0,7.03,-9999.0
201201012200,201201012230,-9999.0,1.0,0.0,2.993,8.03,1.29173,0.199067,0.983574,0.0,0.0,-9999.0,7.06,-9999.0
201201012230,201201012300,-9999.0,1.0,0.0,2.978,8.035,1.29215,0.207159,0.984248,0.0,0.0,-9999.0,7.09,-9999.0
201201012300,201201012330,-9999.0,1.0,0.0,2.962,8.038,1.29241,0.205,0.984652,0.0,0.0,-9999.0,7.11,-9999.0
201201012330,201201020000,-9999.0,1.0,0.0,2.949,8.044,1.29293,0.208692,0.985461,0.0,0.0,-9999.0,7.14,-9999.0
201201020000,201201020030,-9999.0,1.0,0.0,2.937,8.051,1.29353,0.211765,0.986405,0.0,0.0,-9999.0,7.16,-9999.0
201201020030,201201020100,-9999.0,1.0,0.0,2.925,8.058,1.29414,0.215048,0.98735,0.0,0.0,-9999.0,7.19,-9999.0
201201020100,201201020130,-9999.0,1.0,0.0,2.914,8.065,1.29474,0.215381,0.988296,0.0,0.0,-9999.0,7.21,-9999.0
201201020130,201201020200,-9999.0,1.0,0.0,2.903,8.071,1.29526,0.220194,0.989107,0.0,0.0,-9999.0,7.23,-9999.0
201201020200,201201020230,-9999.0,1.0,0.0,2.893,8.079,1.29594,0.217957,0.990189,0.0,0.0,-9999.0,7.25,-9999.0
201201020230,201201020300,-9999.0,1.0,0.0,2.885,8.09,1.29689,0.219072,0.991678,0.0,0.0,-9999.0,7.27,-9999.0
201201020300,201201020330,-9999.0,1.0,0.0,2.885,8.09,1.29689,0.219072,0.991678,0.0,0.0,-9999.0,7.3,-9999.0
201201020330,201201020400,-9999.0,1.0,0.0,2.885,8.09,1.29689,0.219072,0.991678,0.0,0.0,-9999.0,7.32,-9999.0
201201020400,201201020430,-9999.0,1.0,0.0,2.885,8.09,1.29689,0.219072,0.991678,0.0,0.0,-9999.0,7.34,-9999.0
201201020430,201201020500,-9999.0,1.0,0.0,2.885,8.09,1.29689,0.219072,0.991678,0.0,0.0,-9999.0,7.36,-9999.0
201201020500,201201020530,-9999.0,1.0,0.0,2.885,8.09,1.29689,0.219072,0.991678,0.0,0.0,-9999.0,7.38,-9999.0
201201020530,201201020600,-9999.0,1.0,0.0,2.885,8.09,1.29689,0.219072,0.991678,0.0,0.0,-9999.0,7.4,-9999.0
201201020600,201201020630,-9999.0,1.0,0.0,2.885,8.09,1.29689,0.219072,0.991678,0.0,0.0,-9999.0,7.42,-9999.0
201201020630,201201020700,-9999.0,1.0,0.0,2.885,8.09,1.29689,0.219072,0.991678,0.0,0.0,-9999.0,7.44,-9999.0
201201020700,201201020730,-9999.0,1.0,0.039,2.885,8.09,1.29689,0.219072,0.991678,8e-05,0.0,-9999.0,7.47,-9999.0
201201020730,201201020800,-9999.0,1.0,2.599,2.932,8.123,1.29974,0.229077,0.996157,0.005309,11.5654,-9999.0,7.49,-9999.0
201201020800,201201020830,-9999.0,1.0,5.094,2.972,8.146,1.30172,0.239719,0.999287,0.010367,107.182,-9999.0,7.51,-9999.0
201201020830,201201020900,-9999.0,1.0,22.56,3.1,9.633,1.43289,0.418065,1.21726,0.044757,212.589,-9999.0,7.54,-9999.0
201201020900,201201020930,-9999.0,1.0,40.63,3.535,9.826,1.45031,0.388073,1.24787,0.078559,307.945,-9999.0,7.56,-9999.0
201201020930,201201021000,-9999.0,1.0,123.6,0.431,11.75,1.6288,-1.14092,1.58405,0.21402,391.617,-9999.0,7.58,96.8786
201201021000,201201021030,-9999.0,1.0,180.7,0.174,12.52,1.7026,0.887713,1.73509,0.291907,462.174,-9999.0,7.61,98.8
201201021030,201201021100,-9999.0,1.0,271.0,1.709,13.98,1.84606,0.678678,2.04895,0.395801,518.41,-9999.0,7.64,89.3
201201021100,201201021130,-0.110275,0.0,145.0,3.065,14.8,1.92858,1.9411,2.24164,0.244488,559.362,-9999.0,7.68,81.8
201201021130,201201021200,0.014985,0.0,35.11,1.903,14.13,1.86105,1.76482,2.0833,0.068417,584.329,-9999.0,7.73,88.2
201201021200,201201021230,0.659637,0.0,49.23,1.151,13.78,1.82614,1.09365,2.00377,0.09405,592.883,-9999.0,7.78,92.7
201201021230,201201021300,-9999.0,1.0,60.84,5.327,10.653,1.52597,0.556891,1.38536,0.114385,584.88,-9999.0,7.83,-9999.0
201201021300,201201021330,-9999.0,1.0,57.8,5.569,10.782,1.53792,0.568044,1.40774,0.109123,560.455,-9999.0,7.89,-9999.0
201201021330,201201021400,-9999.0,1.0,65.73,5.457,10.809,1.54043,0.540507,1.41246,0.122759,520.026,-9999.0,7.95,-9999.0
201201021400,201201021430,-9999.0,1.0,101.7,2.664,14.72,1.92047,0.229655,2.22231,0.181092,464.286,-9999.0,8.01,84.1
201201021430,201201021500,-9999.0,1.0,104.9,2.418,14.54,1.90227,0.215929,2.17923,0.186019,394.187,-9999.0,8.06,85.4
201201021500,201201021530,-9999.0,1.0,41.54,3.535,9.826,1.45031,0.388073,1.24787,0.080216,310.93,-9999.0,8.12,-9999.0
201201021530,201201021600,-9999.0,1.0,21.93,3.1,9.633,1.43289,0.418065,1.21726,0.043547,215.939,-9999.0,8.18,-9999.0
201201021600,201201021630,-9999.0,1.0,9.99,2.971,8.154,1.30242,0.245323,1.00038,0.020185,110.839,-9999.0,8.24,-9999.0
201201021630,201201021700,-9999.0,1.0,3.103,2.972,8.146,1.30172,0.239719,0.999287,0.006334,13.3477,-9999.0,8.29,-9999.0
201201021700,201201021730,-9999.0,1.0,0.107,2.908,8.097,1.2975,0.219565,0.992628,0.000219,0.0,-9999.0,8.34,-9999.0
201201021730,201201021800,-9999.0,1.0,0.0,2.927,8.099,1.29767,0.219706,0.992898,0.0,0.0,-9999.0,8.39,-9999.0
201201021800,201201021830,-9999.0,1.0,0.0,2.939,8.096,1.29741,0.222034,0.992491,0.0,0.0,-9999.0,8.43,-9999.0
201201021830,201201021900,-9999.0,1.0,0.0,2.947,8.085,1.29646,0.22585,0.991001,0.0,0.0,-9999.0,8.47,-9999.0
201201021900,201201021930,-9999.0,1.0,0.0,2.949,8.065,1.29474,0.221301,0.988296,0.0,0.0,-9999.0,8.5,-9999.0
201201021930,201201022000,-9999.0,1.0,0.0,2.949,8.042,1.29276,0.235012,0.985191,0.0,0.0,-9999.0,8.53,-9999.0
201201022000,201201022030,-9999.0,1.0,0.0,2.944,8.013,1.29026,0.233781,0.981287,0.0,0.0,-9999.0,8.56,-9999.0
201201022030,201201022100,-9999.0,1.0,0.0,2.94,7.983,1.28768,0.235801,0.97726,0.0,0.0,-9999.0,8.58,-9999.0
201201022100,201201022130,-9999.0,1.0,0.0,2.935,7.955,1.28528,0.242592,0.973511,0.0,0.0,-9999.0,8.6,-9999.0
201201022130,201201022200,-9999.0,1.0,0.0,2.928,7.95,1.28485,0.24939,0.972844,0.0,0.0,-9999.0,8.62,-9999.0
201201022200,201201022230,-9999.0,1.0,0.0,2.92,7.944,1.28433,0.245609,0.972042,0.0,0.0,-9999.0,8.63,-9999.0
201201022230,201201022300,-9999.0,1.0,0.0,2.912,7.939,1.28391,0.250937,0.971375,0.0,0.0,-9999.0,8.65,-9999.0
201201022300,201201022330,-9999.0,1.0,0.0,2.906,7.936,1.28365,0.249857,0.970975,0.0,0.0,-9999.0,8.66,-9999.0
201201022330,201201030000,-9999.0,1.0,0.0,2.902,7.935,1.28356,0.244026,0.970841,0.0,0.0,-9999.0,8.67,-9999.0
201201030000,201201030030,-9999.0,1.0,0.0,2.899,7.938,1.28382,0.236967,0.971241,0.0,0.0,-9999.0,8.69,-9999.0
201201030030,201201030100,-9999.0,1.0,0.0,2.899,7.945,1.28442,0.240069,0.972176,0.0,0.0,-9999.0,8.71,-9999.0
201201030100,201201030130,-9999.0,1.0,0.0,2.9,7.954,1.28519,0.243042,0.973378,0.0,0.0,-9999.0,8.72,-9999.0
201201030130,201201030200,-9999.0,1.0,0.0,2.9,7.954,1.28519,0.243042,0.973378,0.0,0.0,-9999.0,8.74,-9999.0
201201030200,201201030230,-9999.0,1.0,0.0,2.9,7.954,1.28519,0.243042,0.973378,0.0,0.0,-9999.0,8.77,-9999.0
201201030230,201201030300,-9999.0,1.0,0.0,2.9,7.954,1.28519,0.243042,0.973378,0.0,0.0,-9999.0,8.79,-9999.0
201201030300,201201030330,-9999.0,1.0,0.0,2.9,7.954,1.28519,0.243042,0.973378,0.0,0.0,-9999.0,8.81,-9999.0
201201030330,201201030400,-9999.0,1.0,0.0,2.9,7.954,1.28519,0.243042,0.973378,0.0,0.0,-9999.0,8.83,-9999.0
201201030400,201201030430,-9999.0,1.0,0.0,2.9,7.954,1.28519,0.243042,0.973378,0.0,0.0,-9999.0,8.85,-9999.0
201201030430,201201030500,-9999.0,1.0,0.0,2.9,7.954,1.28519,0.243042,0.973378,0.0,0.0,-9999.0,8.86,-9999.0
201201030500,201201030530,-9999.0,1.0,0.0,2.9,7.954,1.28519,0.243042,0.973378,0.0,0.0,-9999.0,8.87,-9999.0
201201030530,201201030600,-9999.0,1.0,0.0,2.9,7.954,1.28519,0.243042,0.973378,0.0,0.0,-9999.0,8.89,-9999.0
201201030600,201201030630,-9999.0,1.0,0.0,2.9,7.954,1.28519,0.243042,0.973378,0.0,0.0,-9999.0,8.89,-9999.0
201201030630,201201030700,-9999.0,1.0,0.0,2.9,7.954,1.28519,0.243042,0.973378,0.0,0.0,-9999.0,8.9,-9999.0
201201030700,201201030730,-9999.0,1.0,0.251,2.9,7.954,1.28519,0.243042,0.973378,0.000515,0.0,-9999.0,8.9,-9999.0
201201030730,201201030800,-9999.0,1.0,6.051,3.034,8.042,1.29276,0.267812,0.985191,0.012298,10.5898,-9999.0,8.91,-9999.0
201201030800,201201030830,-9999.0,1.0,40.89,3.818,9.553,1.42569,0.446605,1.20473,0.079033,105.166,-9999.0,8.91,-9999.0
201201030830,201201030900,-9999.0,1.0,60.27,5.621,10.738,1.53384,0.63352,1.40008,0.113402,210.946,-9999.0,8.91,-9999.0
201201030900,201201030930,-9999.0,1.0,141.2,5.751,11.507,1.60578,0.42997,1.53839,0.239195,306.726,-9999.0,8.9,-9999.0
201201030930,201201031000,-9999.0,1.0,140.9,5.751,11.507,1.60578,0.42997,1.53839,0.238775,390.867,-9999.0,8.9,-9999.0
201201031000,201201031030,-9999.0,1.0,290.8,7.23,11.617,1.61619,0.440127,1.55894,0.415973,461.928,-9999.0,8.89,-9999.0
201201031030,201201031100,-9999.0,1.0,196.3,6.312,10.999,1.55811,0.50608,1.44598,0.311402,518.695,-9999.0,8.88,-9999.0
201201031100,201201031130,-9999.0,1.0,161.0,5.391,11.108,1.56829,0.460933,1.46547,0.266243,560.196,-9999.0,8.89,-9999.0
201201031130,201201031200,-9999.0,1.0,357.3,7.568,11.882,1.64136,0.329277,1.60925,0.478035,585.721,-9999.0,8.9,-9999.0
201201031200,201201031230,-9999.0,2.0,252.333,2.188,13.968,1.71713,1.48165,1.76566,0.37599,594.832,-9999.0,8.93,-9999.0
201201031230,201201031300,-9999.0,2.0,242.233,1.527,13.955,1.74584,1.35456,1.82688,0.364934,587.375,-9999.0,8.96,-9999.0
201201031300,201201031330,-9999.0,1.0,238.7,6.146,11.149,1.57212,0.533726,1.47284,0.361008,563.477,-9999.0,9.01,-9999.0
201201031330,201201031400,-9999.0,1.0,130.7,5.981,11.543,1.60918,0.411059,1.54509,0.224309,523.546,-9999.0,9.06,-9999.0
201201031400,201201031430,-9999.0,1.0,90.9,5.604,11.258,1.58234,0.297614,1.49258,0.164156,468.266,-9999.0,9.12,-9999.0
201201031430,201201031500,-9999.0,1.0,125.4,5.775,11.244,1.58103,0.466504,1.49004,0.216645,398.583,-9999.0,9.19,-9999.0
201201031500,201201031530,-9999.0,1.0,52.39,5.767,10.799,1.5395,0.686269,1.41071,0.09965,315.689,-9999.0,9.25,-9999.0
201201031530,201201031600,-9999.0,1.0,22.43,3.467,9.325,1.40527,0.451051,1.16953,0.044508,221.003,-9999.0,9.31,-9999.0
201201031600,201201031630,-9999.0,1.0,9.89,3.032,8.051,1.29353,0.273425,0.986405,0.019986,116.143,-9999.0,9.37,-9999.0
201201031630,201201031700,-9999.0,1.0,1.783,2.9,7.954,1.28519,0.243042,0.973378,0.003647,16.098,-9999.0,9.41,-9999.0
201201031700,201201031730,-9999.0,1.0,0.114,2.902,7.972,1.28674,0.254347,0.975786,0.000234,0.0,-9999.0,9.45,-9999.0
201201031730,201201031800,-9999.0,1.0,0.0,2.902,7.99,1.28828,0.264323,0.978197,0.0,0.0,-9999.0,9.49,-9999.0
201201031800,201201031830,-9999.0,1.0,0.0,2.912,8.012,1.29018,0.26259,0.981152,0.0,0.0,-9999.0,9.51,-9999.0
201201031830,201201031900,-9999.0,1.0,0.0,2.925,8.033,1.29198,0.264069,0.983979,0.0,0.0,-9999.0,9.54,-9999.0
201201031900,201201031930,-9999.0,1.0,0.0,2.936,8.052,1.29362,0.265406,0.98654,0.0,0.0,-9999.0,9.55,-9999.0
201201031930,201201032000,-9999.0,1.0,0.0,2.948,8.073,1.29543,0.268284,0.989377,0.0,0.0,-9999.0,9.57,-9999.0
201201032000,201201032030,-9999.0,1.0,0.0,2.948,8.068,1.295,0.274513,0.988702,0.0,0.0,-9999.0,9.58,-9999.0
201201032030,201201032100,-9999.0,1.0,0.0,2.946,8.059,1.29422,0.287658,0.987485,0.0,0.0,-9999.0,9.58,-9999.0
201201032100,201201032130,-9999.0,1.0,0.0,2.943,8.053,1.29371,0.301076,0.986675,0.0,0.0,-9999.0,9.59,-9999.0
201201032130,201201032200,-9999.0,1.0,0.0,2.942,8.049,1.29336,0.319235,0.986136,0.0,0.0,-9999.0,9.59,-9999.0
201201032200,201201032230,-9999.0,1.0,0.0,2.941,8.045,1.29302,0.328333,0.985596,0.0,0.0,-9999.0,9.58,-9999.0
201201032230,201201032300,-9999.0,1.0,0.0,2.939,8.039,1.2925,0.324341,0.984787,0.0,0.0,-9999.0,9.58,-9999.0
201201032300,201201032330,-9999.0,1.0,0.006,2.942,8.031,1.29181,0.333621,0.983709,1.2e-05,0.0,-9999.0,9.57,-9999.0
201201032330,201201040000,-9999.0,1.0,0.058,2.944,8.023,1.29112,0.335738,0.982631,0.000119,0.0,-9999.0,9.57,-9999.0
201201040000,201201040030,-9999.0,1.0,0.114,2.944,8.01,1.29,0.337734,0.980884,0.000234,0.0,-9999.0,9.56,-9999.0
201201040030,201201040100,-9999.0,1.0,0.08,2.943,7.994,1.28863,0.336608,0.978735,0.000164,0.0,-9999.0,9.54,-9999.0
201201040100,201201040130,-9999.0,1.0,0.094,2.94,7.973,1.28682,0.335131,0.97592,0.000193,0.0,-9999.0,9.52,-9999.0
201201040130,201201040200,-9999.0,1.0,0.163,2.937,7.952,1.28502,0.333655,0.97311,0.000334,0.0,-9999.0,9.5,-9999.0
201201040200,201201040230,-9999.0,1.0,0.058,2.934,7.932,1.2833,0.332249,0.970441,0.000119,0.0,-9999.0,9.47,-9999.0
201201040230,201201040300,-9999.0,1.0,0.099,2.931,7.914,1.28176,0.336427,0.968043,0.000203,0.0,-9999.0,9.43,-9999.0
201201040300,201201040330,-9999.0,1.0,0.263,2.927,7.896,1.28022,0.339288,0.965649,0.000539,0.0,-9999.0,9.39,-9999.0
201201040330,201201040400,-9999.0,1.0,0.126,2.922,7.874,1.27833,0.340034,0.962729,0.000258,0.0,-9999.0,9.35,-9999.0
201201040400,201201040430,-9999.0,1.0,0.275,2.917,7.852,1.27645,0.346736,0.959815,0.000564,0.0,-9999.0,9.31,-9999.0
201201040430,201201040500,-9999.0,1.0,0.289,2.911,7.829,1.27448,0.350569,0.956776,0.000592,0.0,-9999.0,9.26,-9999.0
201201040500,201201040530,-9999.0,1.0,0.067,2.905,7.805,1.27243,0.355285,0.953612,0.000137,0.0,-9999.0,9.21,-9999.0
201201040530,201201040600,-9999.0,1.0,0.011,2.901,7.785,1.27072,0.362775,0.950981,2.3e-05,0.0,-9999.0,9.16,-9999.0
201201040600,201201040630,-9999.0,1.0,0.001,2.901,7.785,1.27072,0.362775,0.950981,2e-06,0.0,-9999.0,9.12,-9999.0
201201040630,201201040700,-9999.0,1.0,0.0,2.901,7.785,1.27072,0.362775,0.950981,0.0,0.0,-9999.0,9.07,-9999.0
201201040700,201201040730,-9999.0,1.0,0.234,2.901,7.785,1.27072,0.362775,0.950981,0.00048,0.0,-9999.0,9.03,-9999.0
201201040730,201201040800,-9999.0,1.0,5.625,3.02,7.866,1.27765,0.380686,0.961668,0.011439,11.342,-9999.0,9.0,-9999.0
201201040800,201201040830,-9999.0,1.0,36.16,3.722,9.618,1.43154,0.476962,1.2149,0.070358,106.958,-9999.0,8.97,-9999.0
201201040830,201201040900,-9999.0,1.0,168.2,5.728,11.28,1.58441,0.455124,1.49659,0.275763,212.811,-9999.0,8.94,-9999.0
201201040900,201201040930,-9999.0,1.0,195.4,0.463,9.88,1.4552,0.443257,1.25653,0.310296,308.657,-9999.0,8.91,96.2
201201040930,201201041000,-9999.0,1.0,146.2,5.27,11.292,1.58553,0.277797,1.49878,0.246149,392.856,-9999.0,8.89,-9999.0
201201041000,201201041030,-9999.0,1.0,191.5,1.244,11.12,1.56941,0.782481,1.46762,0.305478,463.967,-9999.0,8.87,90.6
201201041030,201201041100,-9999.0,1.0,190.7,1.993,12.22,1.67369,0.863845,1.67508,0.304485,520.773,-9999.0,8.84,86.0
201201041100,201201041130,-9999.0,1.0,141.5,2.634,13.16,1.76492,0.137678,1.86816,0.239615,562.303,-9999.0,8.83,82.6
201201041130,201201041200,-9999.0,1.0,148.3,5.239,11.411,1.59673,0.417177,1.52061,0.249044,587.845,-9999.0,8.84,-9999.0
201201041200,201201041230,-9999.0,2.0,192.925,5.356,13.568,1.54052,-0.028442,1.41264,0.307244,596.963,-9999.0,8.85,-9999.0
201201041230,201201041300,-9999.0,1.0,273.2,6.28,10.921,1.55084,0.584611,1.43215,0.398084,589.501,-9999.0,8.87,-9999.0
201201041300,201201041330,-9999.0,1.0,208.7,5.823,10.972,1.55559,0.604113,1.44118,0.326404,565.586,-9999.0,8.91,-9999.0
201201041330,201201041400,-9999.0,1.0,209.7,5.904,10.963,1.55475,0.529939,1.43959,0.327596,525.628,-9999.0,8.95,-9999.0
201201041400,201201041430,-9999.0,1.0,111.8,5.835,11.335,1.58957,0.289765,1.50664,0.196507,470.31,-9999.0,9.0,-9999.0
201201041430,201201041500,-9999.0,1.0,100.1,5.5,11.278,1.58422,0.225577,1.49623,0.178613,400.578,-9999.0,9.06,-9999.0
201201041500,201201041530,-9999.0,1.0,205.9,5.935,11.024,1.56044,0.627282,1.45043,0.323054,317.627,-9999.0,9.11,-9999.0
201201041530,201201041600,-9999.0,1.0,127.8,4.338,14.13,1.86105,0.123116,2.0833,0.220128,222.875,-9999.0,9.16,73.1
201201041600,201201041630,-9999.0,1.0,25.14,3.492,9.438,1.41538,0.500674,1.18688,0.049691,117.943,-9999.0,9.21,-9999.0
201201041630,201201041700,-9999.0,1.0,4.535,3.704,13.52,1.80037,0.294676,1.94609,0.009237,17.0259,-9999.0,9.26,76.1
201201041700,201201041730,3.80046,0.0,0.146,3.203,13.2,1.76885,-2.09093,1.87671,0.000299,0.0,-9999.0,9.3,78.9
201201041730,201201041800,4.01695,0.0,0.109,2.935,12.99,1.74828,-2.3232,1.83213,0.000223,0.0,-9999.0,9.34,80.4
201201041800,201201041830,-9999.0,1.0,0.123,2.716,12.69,1.71907,0.210115,1.76976,0.000252,0.0,-9999.0,9.37,81.5
201201041830,201201041900,-9999.0,1.0,0.117,2.477,12.31,1.68234,0.056962,1.69293,0.00024,0.0,-9999.0,9.4,82.7
201201041900,201201041930,-0.34489,0.0,0.128,2.469,12.17,1.66889,1.97736,1.66522,0.000262,0.0,-9999.0,9.42,82.6
201201041930,201201042000,1.65166,0.0,0.161,2.055,11.54,1.6089,-0.065892,1.54454,0.00033,0.0,-9999.0,9.43,84.9
201201042000,201201042030,1.5314,0.0,0.185,1.806,11.28,1.58441,0.035194,1.49659,0.000379,0.0,-9999.0,9.44,86.5
201201042030,201201042100,-9999.0,1.0,0.156,1.586,11.1,1.56754,0.020185,1.46403,0.00032,0.0,-9999.0,9.45,88.0
201201042100,201201042130,-9999.0,1.0,0.039,1.39,10.84,1.5433,0.001114,1.41789,8e-05,0.0,-9999.0,9.45,89.3
201201042130,201201042200,-9999.0,1.0,0.012,1.347,10.65,1.5257,0.112727,1.38484,2.5e-05,0.0,-9999.0,9.45,89.5
201201042200,201201042230,0.156484,0.0,0.013,1.378,10.43,1.50541,1.34785,1.34726,2.7e-05,0.0,-9999.0,9.45,89.1
201201042230,201201042300,-0.029796,0.0,0.003,1.472,10.36,1.49898,1.52904,1.33546,6e-06,0.0,-9999.0,9.44,88.3
201201042300,201201042330,2.22909,0.0,0.0,1.555,10.55,1.51646,-0.716003,1.36767,0.0,0.0,-9999.0,9.43,87.8
201201042330,201201050000,2.98181,0.0,0.0,1.54,10.66,1.52662,-1.46069,1.38657,0.0,0.0,-9999.0,9.42,88.0
201201050000,201201050030,1.63224,0.0,0.0,1.586,10.73,1.5331,-0.106005,1.39869,0.0,0.0,-9999.0,9.41,87.7
201201050030,201201050100,1.98962,0.0,0.0,1.612,10.61,1.522,-0.472154,1.37317,0.0,0.0,-9999.0,9.39,87.4
201201050100,201201050130,0.410588,0.0,0.0,1.83,10.51,1.51277,1.09958,1.3514,0.0,0.0,-9999.0,9.38,85.6
201201050130,201201050200,0.833483,0.0,0.009,1.745,10.11,1.47611,0.647593,1.28045,1.8e-05,0.0,-9999.0,9.37,85.9
201201050200,201201050230,1.02232,0.0,0.019,1.432,9.45,1.41645,0.411093,1.17223,3.8e-05,0.0,-9999.0,9.36,87.9
201201050230,201201050300,-9999.0,1.0,0.031,1.209,9.04,1.37993,0.485465,1.10704,6.1e-05,0.0,-9999.0,9.35,89.5
201201050300,201201050330,-9999.0,1.0,0.026,1.037,8.57,1.33856,0.4217,1.03624,5.1e-05,0.0,-9999.0,9.34,90.7
201201050330,201201050400,0.70097,0.0,0.022,0.964,8.14,1.30121,0.639166,0.974215,4.3e-05,0.0,-9999.0,9.32,91.1
201201050400,201201050430,0.367335,0.0,0.001,1.008,7.99,1.28828,0.962238,0.951041,2e-06,0.0,-9999.0,9.3,90.6
201201050430,201201050500,-9999.0,1.0,0.058,1.041,7.41,1.23887,0.632833,0.874443,0.00011,0.0,-9999.0,9.28,89.9
201201050500,201201050530,-9999.0,1.0,0.187,0.673,6.61,1.17214,0.707048,0.777591,0.000352,0.0,-9999.0,9.24,93.1
201201050530,201201050600,-1.83955,0.0,0.099,0.721,6.99,1.20362,3.09936,0.818179,0.000185,0.0,-9999.0,9.21,92.8
201201050600,201201050630,0.203698,0.0,0.014,0.868,6.941,1.19954,1.05272,0.809556,2.6e-05,0.0,-9999.0,9.18,91.3
201201050630,201201050700,2.26202,0.0,0.006,0.894,6.402,1.15506,-1.04268,0.746355,1.1e-05,0.0,-9999.0,9.15,90.7
201201050700,201201050730,1.46793,0.0,0.83,0.804,5.659,1.09503,-0.299118,0.666378,0.001503,0.0,-9999.0,9.11,91.2
201201050730,201201050800,-9999.0,1.0,11.08,0.596,4.446,1.00026,0.604478,0.551235,0.019591,10.4798,-9999.0,9.06,92.9
201201050800,201201050830,-9999.0,1.0,34.55,0.408,4.052,0.970363,-0.159177,0.51601,0.05858,105.208,-9999.0,9.02,95.0
201201050830,201201050900,-9999.0,1.0,79.8,0.296,4.567,1.00953,-0.003699,0.557672,0.126305,211.443,-9999.0,8.98,96.5
201201050900,201201050930,-9999.0,1.0,235.9,0.538,6.398,1.15474,0.241692,0.732366,0.309365,307.721,-9999.0,8.93,94.4
201201050930,201201051000,-9999.0,1.0,261.2,1.154,7.28,1.22791,1.17134,0.827864,0.330919,392.394,-9999.0,8.89,88.7
201201051000,201201051030,-9999.0,1.0,263.6,1.321,7.78,1.27029,1.20624,0.884367,0.330269,464.015,-9999.0,8.85,87.5
201201051030,201201051100,-9999.0,1.0,369.8,1.418,8.58,1.33944,1.8078,0.982474,0.41579,521.357,-9999.0,8.81,87.3
201201051100,201201051130,-9999.0,1.0,396.7,3.152,11.13,1.57034,0.723222,1.35724,0.432096,563.44,-9999.0,8.79,76.2
201201051130,201201051200,1.53362,0.0,420.4,6.21,13.53,1.80136,0.200771,1.79278,0.445134,589.543,-9999.0,8.77,59.96
201201051200,201201051230,1.44702,0.0,417.5,6.422,14.15,1.85989,0.330867,1.91401,0.439456,599.219,-9999.0,8.76,60.23
201201051230,201201051300,1.65607,0.0,389.8,6.93,14.83,1.92506,0.169969,2.05382,0.41641,592.304,-9999.0,8.77,58.93
201201051300,201201051330,1.6054,0.0,318.3,6.79,14.61,1.8996,0.200407,1.99778,0.358935,568.915,-9999.0,8.78,59.18
201201051330,201201051400,-9999.0,1.0,254.0,5.934,14.04,1.83945,0.733679,1.86938,0.301553,529.453,-9999.0,8.81,62.99
201201051400,201201051430,-0.93069,0.0,197.0,5.099,13.56,1.78899,2.65059,1.76493,0.245355,474.593,-9999.0,8.85,67.19
201201051430,201201051500,3.3535,0.0,132.6,4.748,13.13,1.74401,-1.66897,1.6744,0.175323,405.274,-9999.0,8.9,68.58
201201051500,201201051530,2.13094,0.0,104.2,4.431,13.09,1.73714,-0.452669,1.66033,0.140875,322.681,-9999.0,8.95,70.6
201201051530,201201051600,2.80486,0.0,68.23,4.628,12.63,1.68994,-1.16382,1.5684,0.095282,228.227,-9999.0,9.0,68.35
201201051600,201201051630,1.15491,0.0,27.17,3.961,11.91,1.61887,0.430221,1.43533,0.039522,123.53,-9999.0,9.05,71.6
201201051630,201201051700,-9999.0,1.0,6.377,3.367,11.26,1.55562,0.082352,1.32198,0.009427,20.2681,-9999.0,9.09,74.8
201201051700,201201051730,-9999.0,1.0,0.326,2.662,10.47,1.48086,0.236571,1.19428,0.00048,0.0,-9999.0,9.13,79.0
201201051730,201201051800,-9999.0,1.0,0.084,1.996,9.86,1.42373,0.327465,1.10109,0.000122,0.0,-9999.0,9.15,83.6
201201051800,201201051830,0.52357,0.0,0.156,1.626,9.49,1.38865,0.876679,1.04564,0.000225,0.0,-9999.0,9.17,86.3
201201051830,201201051900,-9999.0,1.0,0.241,1.426,8.78,1.32467,0.424284,0.948663,0.000343,0.0,-9999.0,9.18,87.4
201201051900,201201051930,-9999.0,1.0,0.222,1.03,8.46,1.29507,0.405843,0.905231,0.000312,0.0,-9999.0,9.18,90.7
201201051930,201201052000,-9999.0,1.0,0.076,0.94,8.27,1.27674,0.431539,0.87874,0.000106,0.0,-9999.0,9.17,91.4
201201052000,201201052030,-9999.0,1.0,0.0,0.674,8.2,1.26863,0.466645,0.866928,0.0,0.0,-9999.0,9.16,93.8
201201052030,201201052100,0.59382,0.0,0.0,1.044,9.32,1.36183,0.780779,1.00247,0.0,0.0,-9999.0,9.14,91.1
201201052100,201201052130,3.25369,0.0,0.0,1.43,9.93,1.41258,-1.83949,1.08028,0.0,0.0,-9999.0,9.12,88.3
201201052130,201201052200,3.16613,0.0,0.0,1.583,10.1,1.42503,-1.74293,1.09945,0.0,0.0,-9999.0,9.1,87.2
201201052200,201201052230,2.27797,0.0,0.0,1.706,10.2,1.43133,-0.85066,1.10893,0.0,0.0,-9999.0,9.09,86.3
201201052230,201201052300,-9999.0,1.0,0.0,1.807,10.32,1.43938,0.234561,1.12125,0.0,0.0,-9999.0,9.07,85.6
201201052300,201201052330,-9999.0,1.0,0.0,1.468,10.19,1.4254,0.201933,1.09846,0.0,0.0,-9999.0,9.07,88.2
201201052330,201201060000,1.90859,0.0,0.003,0.833,9.74,1.38367,-0.521657,1.03287,4e-06,0.0,-9999.0,9.06,93.1
201201060000,201201060030,2.69387,0.0,0.005,0.486,9.47,1.35796,-1.32826,0.993301,6e-06,0.0,-9999.0,9.06,95.9
201201060030,201201060100,-9999.0,1.0,0.001,0.14,9.21,1.33335,0.401373,0.956161,1e-06,0.0,-9999.0,9.06,98.8
201201060100,201201060130,2.19037,0.0,0.003,0.299,9.07,1.31911,-0.857483,0.934799,4e-06,0.0,-9999.0,9.06,97.4061
201201060130,201201060200,-9999.0,1.0,0.021,0.83,8.5,1.26901,0.283324,0.862825,2.5e-05,0.0,-9999.0,9.05,92.5233
201201060200,201201060230,-9999.0,1.0,0.001,0.079,8.7,1.28338,0.33188,0.882539,1e-06,0.0,-9999.0,9.05,99.3
201201060230,201201060300,-9999.0,1.0,0.002,3.212,7.688,1.19805,0.323363,0.765723,2e-06,0.0,-9999.0,9.04,-9999.0
201201060300,201201060330,-9999.0,1.0,0.0,3.219,7.696,1.19655,0.335915,0.763313,0.0,0.0,-9999.0,9.03,-9999.0
201201060330,201201060400,-9999.0,1.0,0.0,3.227,7.706,1.1952,0.327797,0.761108,0.0,0.0,-9999.0,9.02,-9999.0
201201060400,201201060430,-9999.0,1.0,0.0,3.233,7.714,1.1937,0.325117,0.758684,0.0,0.0,-9999.0,9.0,-9999.0
201201060430,201201060500,-9999.0,1.0,0.0,3.24,7.725,1.19243,0.323774,0.756567,0.0,0.0,-9999.0,8.99,-9999.0
201201060500,201201060530,-9999.0,1.0,0.057,3.249,7.738,1.19132,0.317782,0.754652,6.1e-05,0.0,-9999.0,8.97,-9999.0
201201060530,201201060600,-9999.0,1.0,0.0,3.259,7.754,1.19045,0.303421,0.753038,0.0,0.0,-9999.0,8.94,-9999.0
201201060600,201201060630,-9999.0,1.0,0.0,3.271,7.773,1.18981,0.30503,0.751725,0.0,0.0,-9999.0,8.91,-9999.0
201201060630,201201060700,-9999.0,1.0,0.0,3.284,7.794,1.18933,0.294653,0.750605,0.0,0.0,-9999.0,8.88,-9999.0
201201060700,201201060730,-9999.0,1.0,0.059,3.297,7.816,1.18893,0.285031,0.749574,5.9e-05,0.0,-9999.0,8.84,-9999.0
201201060730,201201060800,-9999.0,1.0,22.39,3.695,8.874,1.2724,0.408472,0.861156,0.021478,11.35,-9999.0,8.79,-9999.0
201201060800,201201060830,-9999.0,1.0,91.0,5.921,11.596,1.50166,-0.018935,1.20964,0.080351,107.279,-9999.0,8.75,-9999.0
201201060830,201201060900,-9999.0,1.0,56.43,6.498,11.558,1.49558,0.485128,1.19874,0.050589,213.596,-9999.0,8.7,-9999.0
201201060900,201201060930,-9999.0,2.0,74.8,5.155,7.66,1.16793,0.687331,0.720589,0.064815,309.948,-9999.0,8.66,50.83
201201060930,201201061000,-9999.0,1.0,97.1,6.265,9.01,1.27423,0.50569,0.861229,0.081113,394.688,-9999.0,8.61,45.48
201201061000,201201061030,-9999.0,1.0,117.1,6.384,9.42,1.30559,0.276841,0.904681,0.094581,466.364,-9999.0,8.57,45.96
201201061030,201201061100,-9999.0,1.0,180.1,6.649,9.76,1.33137,0.015064,0.941062,0.136358,523.75,-9999.0,8.54,44.99
201201061100,201201061130,-9999.0,1.0,201.5,7.061,10.42,1.38426,0.135255,1.01871,0.147858,565.865,-9999.0,8.51,44.11
201201061130,201201061200,-9999.0,1.0,189.9,7.828,10.64,1.40032,0.067434,1.04233,0.138124,591.988,-9999.0,8.5,38.94
201201061200,201201061230,1.25561,0.0,181.8,7.856,10.43,1.37998,0.106451,1.01064,0.130703,601.672,-9999.0,8.5,37.86
201201061230,201201061300,1.08847,0.0,227.1,7.795,10.46,1.37995,0.272662,1.00976,0.15595,594.752,-9999.0,8.5,38.46
201201061300,201201061330,1.74852,0.0,259.5,8.086,10.71,1.39846,-0.373844,1.03693,0.171962,571.345,-9999.0,8.52,37.22
201201061330,201201061400,1.43246,0.0,326.4,9.541,12.07,1.51259,0.02947,1.21733,0.205458,531.853,-9999.0,8.53,32.31
201201061400,201201061430,-9999.0,1.0,275.7,10.201,11.69,1.47683,0.362239,1.15791,0.172599,476.95,-9999.0,8.55,25.79
201201061430,201201061500,-9999.0,1.0,211.6,9.83,11.63,1.46891,0.523471,1.14417,0.136657,407.577,-9999.0,8.57,28.2
201201061500,201201061530,1.3903,0.0,153.4,10.026,11.78,1.47906,0.04299,1.15944,0.100365,324.92,-9999.0,8.6,27.49
201201061530,201201061600,-9999.0,1.0,73.7,9.853,11.41,1.4446,0.462106,1.1036,0.049695,230.394,-9999.0,8.62,26.98
201201061600,201201061630,-9999.0,1.0,22.07,9.131,10.74,1.38535,0.665764,1.01164,0.015069,125.615,-9999.0,8.63,29.25
201201061630,201201061700,1.5265,0.0,9.39,8.478,10.05,1.32561,-0.215094,0.923146,0.006314,21.4775,-9999.0,8.64,31.21
201201061700,201201061730,1.77639,0.0,0.57,8.126,9.49,1.27758,-0.503666,0.854896,0.000376,0.0,-9999.0,8.64,31.54
201201061730,201201061800,1.77078,0.0,0.0,7.75,9.12,1.24551,-0.524298,0.810592,0.0,0.0,-9999.0,8.64,33.06
201201061800,201201061830,1.22752,0.0,0.0,7.461,8.89,1.22491,0.001747,0.782499,0.0,0.0,-9999.0,8.63,34.55
201201061830,201201061900,1.54248,0.0,0.0,7.121,8.63,1.20215,-0.332192,0.752143,0.0,0.0,-9999.0,8.61,36.42
201201061900,201201061930,1.43575,0.0,0.0,6.764,8.23,1.16876,-0.252998,0.70912,0.0,0.0,-9999.0,8.59,37.95
201201061930,201201062000,1.23316,0.0,0.0,6.394,7.77,1.13129,-0.081368,0.662494,0.0,0.0,-9999.0,8.57,39.47
201201062000,201201062030,1.62841,0.0,0.0,6.48,7.75,1.12762,-0.480381,0.657379,0.0,0.0,-9999.0,8.54,38.58
201201062030,201201062100,1.08753,0.0,0.0,6.556,7.96,1.14142,0.070826,0.673301,0.0,0.0,-9999.0,8.5,38.74
201201062100,201201062130,1.1207,0.0,0.0,6.243,7.75,1.12331,0.022262,0.650811,0.0,0.0,-9999.0,8.47,40.82
201201062130,201201062200,0.995454,0.0,0.0,5.859,7.39,1.09413,0.123126,0.615859,0.0,0.0,-9999.0,8.43,43.08
201201062200,201201062230,1.04603,0.0,0.0,5.77,7.22,1.07939,0.059816,0.598257,0.0,0.0,-9999.0,8.4,43.29
201201062230,201201062300,1.87221,0.0,0.0,5.592,7.13,1.07067,-0.774229,0.587682,0.0,0.0,-9999.0,8.36,44.7
201201062300,201201062330,1.67688,0.0,0.0,5.788,7.38,1.08708,-0.566356,0.605639,0.0,0.0,-9999.0,8.32,43.73
201201062330,201201070000,-9999.0,1.0,0.0,3.433,7.934,1.12634,0.189355,0.65069,0.0,0.0,-9999.0,8.28,-9999.0
201201070000,201201070030,-9999.0,1.0,0.0,3.451,7.961,1.12619,0.188427,0.649726,0.0,0.0,-9999.0,8.24,-9999.0
201201070030,201201070100,-9999.0,1.0,0.0,3.466,7.986,1.12588,0.187372,0.650539,0.0,0.0,-9999.0,8.2,-9999.0
201201070100,201201070130,-9999.0,1.0,0.0,3.476,8.008,1.12534,0.166696,0.651079,0.0,0.0,-9999.0,8.17,-9999.0
201201070130,201201070200,-9999.0,1.0,0.0,3.488,8.034,1.1251,0.165689,0.651972,0.0,0.0,-9999.0,8.13,-9999.0
201201070200,201201070230,-9999.0,1.0,0.0,3.496,8.057,1.12462,0.164495,0.652593,0.0,0.0,-9999.0,8.09,-9999.0
201201070230,201201070300,-9999.0,1.0,0.0,3.503,8.081,1.12422,0.155199,0.6533,0.0,0.0,-9999.0,8.05,-9999.0
201201070300,201201070330,-9999.0,1.0,0.212,3.503,8.081,1.12201,0.152621,0.651862,0.000106,0.0,-9999.0,8.01,-9999.0
201201070330,201201070400,-9999.0,1.0,0.108,3.503,8.081,1.11981,0.150042,0.650423,5.6e-05,0.0,-9999.0,7.97,-9999.0
201201070400,201201070430,-9999.0,1.0,0.147,3.503,8.081,1.1176,0.147463,0.648984,7.8e-05,0.0,-9999.0,7.93,-9999.0
201201070430,201201070500,-9999.0,1.0,0.0,3.503,8.081,1.1154,0.144885,0.647546,0.0,0.0,-9999.0,7.89,-9999.0
201201070500,201201070530,-9999.0,1.0,0.0,3.503,8.081,1.1132,0.142306,0.646107,0.0,0.0,-9999.0,7.84,-9999.0
201201070530,201201070600,-9999.0,1.0,0.0,3.503,8.081,1.11099,0.139727,0.644668,0.0,0.0,-9999.0,7.79,-9999.0
201201070600,201201070630,-9999.0,1.0,0.0,3.503,8.081,1.10879,0.137149,0.64323,0.0,0.0,-9999.0,7.75,-9999.0
201201070630,201201070700,-9999.0,1.0,0.0,3.503,8.081,1.10658,0.13457,0.641791,0.0,0.0,-9999.0,7.7,-9999.0
201201070700,201201070730,-9999.0,1.0,0.466,3.503,8.081,1.10438,0.131992,0.640352,0.000282,0.0,-9999.0,7.65,-9999.0
201201070730,201201070800,-9999.0,1.0,22.54,3.695,8.874,1.16097,0.27949,0.710932,0.013943,10.5989,-9999.0,7.6,-9999.0
201201070800,201201070830,-9999.0,1.0,111.3,6.628,11.968,1.39993,0.066043,1.0464,0.070021,105.792,-9999.0,7.55,-9999.0
201201070830,201201070900,-9999.0,1.0,194.9,7.364,11.987,1.39866,0.577282,1.0464,0.124663,212.497,-9999.0,7.5,-9999.0
201201070900,201201070930,-9999.0,1.0,269.0,7.394,11.866,1.3861,0.340208,1.0291,0.174916,309.288,-9999.0,7.45,-9999.0
201201070930,201201071000,-9999.0,2.0,331.1,7.265,8.83,1.14841,1.30984,0.700423,0.218885,394.508,-9999.0,7.4,36.01
201201071000,201201071030,-9999.0,1.0,379.3,6.788,9.05,1.16246,0.690758,0.71949,0.254982,466.699,-9999.0,7.36,41.09
201201071030,201201071100,-0.541625,0.0,415.0,7.757,10.15,1.24324,1.75636,0.827581,0.283741,524.626,-9999.0,7.32,37.48
201201071100,201201071130,0.573592,0.0,436.8,9.702,12.08,1.39208,0.754072,1.04605,0.303831,567.298,-9999.0,7.29,31.21
201201071130,201201071200,0.974454,0.0,445.3,11.597,13.57,1.51062,0.441021,1.23971,0.180143,593.984,-9999.0,7.26,25.42
201201071200,201201071230,0.760503,0.0,439.7,12.09,13.54,1.50508,0.649778,1.2327,0.14929,604.229,-9999.0,7.26,22.1
201201071230,201201071300,1.77784,0.0,419.9,12.908,14.15,1.5526,-0.333464,1.31651,0.13114,597.856,-9999.0,7.27,20.06
201201071300,201201071330,1.10804,0.0,386.3,13.202,14.38,1.56864,0.347038,1.34716,0.118506,574.976,-9999.0,7.29,19.45
201201071330,201201071400,0.740973,0.0,339.6,13.586,14.85,1.60487,0.739553,1.41456,0.102531,535.978,-9999.0,7.33,19.58
201201071400,201201071430,0.693708,0.0,282.2,12.085,13.57,1.49528,0.704999,1.2255,0.096841,481.531,-9999.0,7.37,22.28
201201071430,201201071500,1.62321,0.0,217.5,11.653,13.15,1.45801,-0.25327,1.16577,0.099359,412.567,-9999.0,7.43,22.98
201201071500,201201071530,0.359991,0.0,151.5,11.469,13.42,1.47691,1.02294,1.19932,0.086744,330.264,-9999.0,7.49,25.52
201201071530,201201071600,0.670227,0.0,72.3,10.696,12.74,1.41907,0.668544,1.10688,0.058315,236.032,-9999.0,7.54,27.38
201201071600,201201071630,0.270831,0.0,22.61,9.335,11.9,1.34972,1.0148,1.00048,0.019017,131.483,-9999.0,7.59,33.02
201201071630,201201071700,0.361356,0.0,9.76,8.02,10.73,1.25678,0.852615,0.86568,0.008343,25.2824,-9999.0,7.64,37.82
201201071700,201201071730,-9999.0,1.0,0.887,6.516,9.24,1.1434,0.028052,0.714165,0.00077,0.0,-9999.0,7.67,44.17
201201071730,201201071800,-9999.0,1.0,0.268,5.193,8.0,1.05241,0.150602,0.603414,0.000236,0.0,-9999.0,7.7,51.61
201201071800,201201071830,-9999.0,1.0,0.271,4.393,7.2,0.994852,0.257858,0.53858,0.000242,0.0,-9999.0,7.72,56.76
201201071830,201201071900,-9999.0,1.0,0.33,4.165,6.054,0.916009,0.385727,0.455395,0.0003,0.0,-9999.0,7.73,55.64
201201071900,201201071930,-9999.0,1.0,0.326,3.39,4.92,0.841119,0.381659,0.382908,0.0003,0.0,-9999.0,7.73,60.93
201201071930,201201072000,-9999.0,1.0,0.331,3.44,8.116,1.05173,0.069458,0.607282,0.000309,0.0,-9999.0,7.72,-9999.0
201201072000,201201072030,-9999.0,1.0,0.331,3.44,8.116,1.04952,0.066875,0.605836,0.000313,0.0,-9999.0,7.71,-9999.0
201201072030,201201072100,-9999.0,1.0,0.331,3.44,8.116,1.04731,0.064291,0.604391,0.000318,0.0,-9999.0,7.69,-9999.0
201201072100,201201072130,-9999.0,1.0,0.331,3.44,8.116,1.0451,0.061708,0.602945,0.000322,0.0,-9999.0,7.66,-9999.0
201201072130,201201072200,-9999.0,1.0,0.331,3.44,8.116,1.04289,0.059124,0.6015,0.000327,0.0,-9999.0,7.63,-9999.0
201201072200,201201072230,-9999.0,1.0,0.331,3.44,8.116,1.04068,0.056541,0.600054,0.000331,0.0,-9999.0,7.6,-9999.0
201201072230,201201072300,-9999.0,1.0,0.33,3.44,8.116,1.03847,0.053957,0.598609,0.000334,0.0,-9999.0,7.56,-9999.0
201201072300,201201072330,-9999.0,1.0,0.314,3.44,8.116,1.03626,0.051374,0.597163,0.000322,0.0,-9999.0,7.52,-9999.0
201201072330,201201080000,-9999.0,1.0,0.327,3.44,8.116,1.03405,0.048791,0.595718,0.00034,0.0,-9999.0,7.47,-9999.0
201201080000,201201080030,-9999.0,1.0,0.331,3.44,8.116,1.03185,0.046207,0.594272,0.000348,0.0,-9999.0,7.43,-9999.0
201201080030,201201080100,-9999.0,1.0,0.33,3.44,8.116,1.02964,0.043624,0.592826,0.000351,0.0,-9999.0,7.38,-9999.0
201201080100,201201080130,-9999.0,1.0,0.324,3.44,8.116,1.02743,0.04104,0.591381,0.000349,0.0,-9999.0,7.34,-9999.0
201201080130,201201080200,-9999.0,1.0,0.257,3.44,8.116,1.02522,0.038457,0.589935,0.00028,0.0,-9999.0,7.29,-9999.0
201201080200,201201080230,-9999.0,1.0,0.242,3.44,8.116,1.02301,0.034131,0.58849,0.000267,0.0,-9999.0,7.24,-9999.0
201201080230,201201080300,-9999.0,1.0,0.326,3.44,8.116,1.0208,0.029806,0.587044,0.000364,0.0,-9999.0,7.2,-9999.0
201201080300,201201080330,-9999.0,1.0,0.329,3.44,8.116,1.01859,0.02548,0.585599,0.000372,0.0,-9999.0,7.15,-9999.0
201201080330,201201080400,-9999.0,1.0,0.237,3.44,8.116,1.01638,0.021154,0.584153,0.000271,0.0,-9999.0,7.11,-9999.0
201201080400,201201080430,-9999.0,1.0,0.331,3.44,8.116,1.01231,0.016828,0.582708,0.000383,0.0,-9999.0,7.07,-9999.0
201201080430,201201080500,-9999.0,1.0,0.33,3.44,8.116,1.00824,0.012503,0.581262,0.000386,0.0,-9999.0,7.03,-9999.0
201201080500,201201080530,-9999.0,1.0,0.301,3.44,8.116,1.00416,0.008177,0.579817,0.000356,0.0,-9999.0,6.993,-9999.0
201201080530,201201080600,-9999.0,1.0,0.157,3.44,8.116,1.00009,0.003851,0.578371,0.000188,0.0,-9999.0,6.954,-9999.0
201201080600,201201080630,-9999.0,1.0,0.301,3.44,8.116,0.996012,-0.000474,0.576925,0.000364,0.0,-9999.0,6.913,-9999.0
201201080630,201201080700,-9999.0,1.0,0.298,3.44,8.116,0.991937,-0.0048,0.57548,0.000364,0.0,-9999.0,6.873,-9999.0
201201080700,201201080730,-9999.0,1.0,0.547,3.44,8.116,0.987863,-0.009126,0.574034,0.000676,0.0,-9999.0,6.833,-9999.0
201201080730,201201080800,-9999.0,1.0,15.71,3.615,8.307,0.996301,0.0206,0.587657,0.019596,11.5852,-9999.0,6.793,-9999.0
201201080800,201201080830,-9999.0,1.0,90.3,6.055,11.993,1.24578,-0.349499,0.935828,0.113233,108.137,-9999.0,6.754,-9999.0
201201080830,201201080900,-9999.0,1.0,164.8,6.05,11.85,1.23036,0.332508,0.91769,0.207719,214.933,-9999.0,6.715,-9999.0
201201080900,201201080930,-9999.0,1.0,236.4,6.706,11.762,1.21896,0.205713,0.905777,0.29953,311.806,-9999.0,6.678,-9999.0
201201080930,201201081000,-9999.0,1.0,305.0,7.92,11.842,1.21951,0.01555,0.912161,0.388515,397.098,-9999.0,6.642,-9999.0
201201081000,201201081030,-9999.0,1.0,354.6,7.896,11.596,1.19706,0.122291,0.883372,0.454658,469.351,-9999.0,6.606,-9999.0
201201081030,201201081100,-9999.0,1.0,390.4,8.815,12.565,1.26049,0.277149,0.98833,0.504265,527.327,-9999.0,6.572,-9999.0
201201081100,201201081130,-9999.0,1.0,415.4,8.895,12.719,1.26612,0.326854,1.0036,0.540876,570.035,-9999.0,6.548,-9999.0
201201081130,201201081200,-9999.0,1.0,426.4,9.178,12.882,1.27233,0.329944,1.02007,0.560153,596.744,-9999.0,6.538,-9999.0
201201081200,201201081230,-9999.0,1.0,420.8,9.092,12.828,1.26305,0.321692,1.01112,0.558318,606.998,-9999.0,6.539,-9999.0
201201081230,201201081300,-9999.0,1.0,401.5,8.747,12.501,1.23459,0.299391,0.970919,0.538499,600.62,-9999.0,6.556,-9999.0
201201081300,201201081330,-9999.0,1.0,346.4,8.34,11.962,1.19183,-0.157462,0.908786,0.47079,577.72,-9999.0,6.59,-9999.0
201201081330,201201081400,-9999.0,1.0,323.1,8.6,11.868,1.18021,-0.114151,0.896329,0.443955,538.689,-9999.0,6.639,-9999.0
201201081400,201201081430,-9999.0,1.0,216.1,5.891,11.328,1.13845,0.178173,0.83768,0.30197,484.196,-9999.0,6.701,-9999.0
201201081430,201201081500,-9999.0,1.0,140.1,5.973,12.587,1.21919,-0.071562,0.970546,0.198651,415.173,-9999.0,6.773,-9999.0
201201081500,201201081530,-9999.0,1.0,125.2,6.314,12.692,1.22106,-0.092441,0.979894,0.179338,332.8,-9999.0,6.849,-9999.0
201201081530,201201081600,-9999.0,1.0,92.3,5.385,12.147,1.17849,-0.51739,0.916886,0.133727,238.488,-9999.0,6.923,-9999.0
201201081600,201201081630,-9999.0,1.0,43.69,3.781,8.998,0.968779,-0.025329,0.616928,0.064094,133.85,-9999.0,6.991,-9999.0
201201081630,201201081700,-9999.0,1.0,9.5,3.591,8.227,0.917173,-0.078247,0.554895,0.014096,26.8074,-9999.0,7.05,-9999.0
201201081700,201201081730,-9999.0,1.0,0.305,3.384,8.045,0.902107,-0.103206,0.539859,0.000457,0.0,-9999.0,7.11,-9999.0
201201081730,201201081800,-9999.0,1.0,0.004,3.371,8.026,0.896916,-0.094979,0.537029,6e-06,0.0,-9999.0,7.16,-9999.0
201201081800,201201081830,-9999.0,1.0,0.021,3.356,8.01,0.891915,-0.095989,0.534429,3.2e-05,0.0,-9999.0,7.2,-9999.0
201201081830,201201081900,-9999.0,1.0,0.034,3.356,8.01,0.887869,-0.10029,0.533004,5.2e-05,0.0,-9999.0,7.24,-9999.0
201201081900,201201081930,-9999.0,1.0,0.021,3.356,8.01,0.883823,-0.104592,0.531579,3.3e-05,0.0,-9999.0,7.27,-9999.0
201201081930,201201082000,-9999.0,1.0,0.084,3.356,8.01,0.879778,-0.108894,0.530155,0.000131,0.0,-9999.0,7.3,-9999.0
201201082000,201201082030,-9999.0,1.0,0.02,3.356,8.01,0.875732,-0.113195,0.52873,3.2e-05,0.0,-9999.0,7.32,-9999.0
201201082030,201201082100,-9999.0,1.0,0.059,3.356,8.01,0.871686,-0.117497,0.527305,9.4e-05,0.0,-9999.0,7.34,-9999.0
201201082100,201201082130,-9999.0,1.0,0.022,3.356,8.01,0.867641,-0.121798,0.52588,3.5e-05,0.0,-9999.0,7.35,-9999.0
201201082130,201201082200,-9999.0,1.0,0.028,3.356,8.01,0.863595,-0.1261,0.524456,4.5e-05,0.0,-9999.0,7.36,-9999.0
201201082200,201201082230,-9999.0,1.0,0.0,3.356,8.01,0.859549,-0.130401,0.523031,0.0,0.0,-9999.0,7.36,-9999.0
201201082230,201201082300,-9999.0,1.0,0.184,3.356,8.01,0.855503,-0.134703,0.521606,0.000302,0.0,-9999.0,7.35,-9999.0
201201082300,201201082330,-9999.0,1.0,0.0,3.356,8.01,0.851458,-0.139005,0.520181,0.0,0.0,-9999.0,7.34,-9999.0
201201082330,201201090000,-9999.0,1.0,0.0,3.356,8.01,0.847412,-0.143306,0.518757,0.0,0.0,-9999.0,7.33,-9999.0
201201090000,201201090030,-9999.0,1.0,0.0,3.356,8.01,0.843366,-0.147608,0.517332,0.0,0.0,-9999.0,7.31,-9999.0
201201090030,201201090100,-9999.0,1.0,0.0,3.356,8.01,0.839321,-0.151909,0.517499,0.0,0.0,-9999.0,7.29,-9999.0
201201090100,201201090130,-9999.0,1.0,0.0,3.356,8.01,0.835275,-0.156211,0.517666,0.0,0.0,-9999.0,7.26,-9999.0
201201090130,201201090200,-9999.0,1.0,0.0,3.356,8.01,0.831229,-0.160512,0.517833,0.0,0.0,-9999.0,7.23,-9999.0
201201090200,201201090230,-9999.0,1.0,0.172,3.356,8.01,0.827184,-0.164814,0.518,0.000282,0.0,-9999.0,7.2,-9999.0
201201090230,201201090300,-9999.0,1.0,0.0,3.356,8.01,0.823138,-0.169115,0.518167,0.0,0.0,-9999.0,7.16,-9999.0
201201090300,201201090330,-9999.0,1.0,0.0,3.356,8.01,0.819092,-0.173417,0.518334,0.0,0.0,-9999.0,7.13,-9999.0
201201090330,201201090400,-9999.0,1.0,0.0,3.356,8.01,0.815046,-0.177718,0.518501,0.0,0.0,-9999.0,7.09,-9999.0
201201090400,201201090430,-9999.0,1.0,0.0,3.356,8.01,0.811001,-0.18202,0.518669,0.0,0.0,-9999.0,7.05,-9999.0
201201090430,201201090500,-9999.0,1.0,0.0,3.356,8.01,0.806955,-0.186321,0.518836,0.0,0.0,-9999.0,7.01,-9999.0
201201090500,201201090530,-9999.0,1.0,0.0,3.356,8.01,0.802909,-0.190623,0.519003,0.0,0.0,-9999.0,6.974,-9999.0
201201090530,201201090600,-9999.0,1.0,0.0,3.356,8.01,0.798864,-0.194925,0.51917,0.0,0.0,-9999.0,6.933,-9999.0
201201090600,201201090630,-9999.0,1.0,0.0,3.356,8.01,0.794818,-0.199226,0.519337,0.0,0.0,-9999.0,6.892,-9999.0
201201090630,201201090700,-9999.0,1.0,0.0,3.356,8.01,0.790772,-0.203528,0.519504,0.0,0.0,-9999.0,6.852,-9999.0
201201090700,201201090730,-9999.0,1.0,0.11,3.356,8.01,0.786727,-0.207829,0.519671,0.000169,0.0,-9999.0,6.811,-9999.0
201201090730,201201090800,-9999.0,1.0,17.54,3.52,8.188,0.791993,-0.180317,0.53263,0.026736,12.6893,-9999.0,6.77,-9999.0
201201090800,201201090830,-9999.0,1.0,104.0,6.173,12.277,1.01353,-0.431161,0.89401,0.156429,110.619,-9999.0,6.729,-9999.0
201201090830,201201090900,-9999.0,1.0,187.3,6.926,12.211,1.00446,0.193443,0.887369,0.278065,217.509,-9999.0,6.689,-9999.0
201201090900,201201090930,-9999.0,1.0,261.0,7.777,11.985,0.986281,-0.26035,0.864212,0.382721,314.468,-9999.0,6.65,-9999.0
201201090930,201201091000,-9999.0,2.0,322.4,5.138,7.55,0.743152,0.610678,0.488447,0.467364,399.836,-9999.0,6.611,50.63
201201091000,201201091030,-9999.0,1.0,372.8,5.718,8.59,0.792186,1.18303,0.563266,0.534681,472.153,-9999.0,6.576,48.81
201201091030,201201091100,-9999.0,1.0,407.7,6.606,10.08,0.866213,0.460318,0.684449,0.579157,530.18,-9999.0,6.544,46.51
201201091100,201201091130,-9999.0,1.0,432.8,8.506,11.93,0.962498,0.013399,0.859677,0.609356,572.926,-9999.0,6.52,39.09
201201091130,201201091200,-9999.0,1.0,442.1,10.12,13.26,1.03226,-0.060287,1.004,0.610177,599.659,-9999.0,6.509,33.59
201201091200,201201091230,-9999.0,1.0,438.3,10.984,13.62,1.04724,-0.116783,1.04607,0.418917,609.922,-9999.0,6.513,29.59
201201091230,201201091300,1.0422,0.0,419.2,11.613,13.99,1.06273,-0.096697,1.09058,0.185352,603.538,-9999.0,6.53,27.33
201201091300,201201091330,1.34442,0.0,386.5,11.88,14.13,1.06495,-0.398993,1.10799,0.126643,580.618,-9999.0,6.56,26.33
201201091330,201201091400,1.94254,0.0,340.5,12.206,14.36,1.07224,-0.993637,1.13678,0.086985,541.552,-9999.0,6.604,25.43
201201091400,201201091430,1.40765,0.0,283.6,11.561,13.6,1.02341,-0.494785,1.04505,0.16448,487.011,-9999.0,6.66,25.8
201201091430,201201091500,0.832775,0.0,216.5,10.825,13.15,0.992784,0.056784,0.993386,0.25865,417.927,-9999.0,6.724,28.45
201201091500,201201091530,0.539268,0.0,151.7,10.865,13.2,0.989998,0.346727,0.999392,0.185286,335.481,-9999.0,6.787,28.42
201201091530,201201091600,0.93003,0.0,76.4,10.424,12.77,0.961069,-0.066182,0.951523,0.102141,241.085,-9999.0,6.851,29.37
201201091600,201201091630,-9999.0,1.0,24.09,9.802,12.1,0.91987,0.114911,0.880024,0.03247,136.354,-9999.0,6.909,30.59
201201091630,201201091700,-9999.0,1.0,10.46,9.017,11.27,0.871343,-0.065781,0.796765,0.014005,28.4817,-9999.0,6.959,32.55
201201091700,201201091730,-9999.0,1.0,1.017,7.845,10.09,0.806641,-0.228277,0.688177,0.001352,0.0,-9999.0,6.999,36.52
201201091730,201201091800,0.303855,0.0,0.041,6.659,8.97,0.747314,0.398609,0.595362,5.4e-05,0.0,-9999.0,7.03,41.9
201201091800,201201091830,-9999.0,1.0,0.105,5.759,7.57,0.677388,-0.165395,0.492483,0.000137,0.0,-9999.0,7.06,44.74
201201091830,201201091900,-9999.0,1.0,0.124,4.725,6.06,0.606154,0.027886,0.396774,0.000161,0.0,-9999.0,7.07,49.7
201201091900,201201091930,-0.06641,0.0,0.109,4.159,5.166,0.564543,0.625633,0.347075,0.00014,0.0,-9999.0,7.07,52.89
201201091930,201201092000,-9999.0,1.0,0.172,3.436,4.024,0.514588,-0.088239,0.290478,0.00022,0.0,-9999.0,7.07,57.84
201201092000,201201092030,-9999.0,1.0,0.189,3.53,4.161,0.517011,-0.079255,0.296982,0.00024,0.0,-9999.0,7.05,57.1
201201092030,201201092100,-9999.0,1.0,0.141,3.234,4.156,0.513744,-0.082868,0.29684,0.000177,0.0,-9999.0,7.04,60.68
201201092100,201201092130,-9999.0,1.0,0.21,3.426,7.905,0.66874,-0.314509,0.516845,0.000262,0.0,-9999.0,7.01,-9999.0
201201092130,201201092200,-9999.0,1.0,0.267,3.426,7.905,0.664723,-0.318787,0.517009,0.00033,0.0,-9999.0,6.978,-9999.0
201201092200,201201092230,-9999.0,1.0,0.331,3.426,7.905,0.660705,-0.323065,0.517174,0.000406,0.0,-9999.0,6.945,-9999.0
201201092230,201201092300,-9999.0,1.0,0.331,3.426,7.905,0.656688,-0.327342,0.517339,0.000402,0.0,-9999.0,6.909,-9999.0
201201092300,201201092330,-9999.0,1.0,0.331,3.426,7.905,0.65267,-0.33162,0.517503,0.000399,0.0,-9999.0,6.867,-9999.0
201201092330,201201100000,-9999.0,1.0,0.331,3.426,7.905,0.648653,-0.335898,0.517668,0.000396,0.0,-9999.0,6.824,-9999.0
201201100000,201201100030,-9999.0,1.0,0.331,3.426,7.905,0.644635,-0.340175,0.517833,0.000392,0.0,-9999.0,6.779,-9999.0
201201100030,201201100100,-9999.0,1.0,0.331,3.426,7.905,0.640618,-0.344453,0.517997,0.000389,0.0,-9999.0,6.733,-9999.0
201201100100,201201100130,-9999.0,1.0,0.331,3.426,7.905,0.636601,-0.348731,0.518162,0.000385,0.0,-9999.0,6.687,-9999.0
201201100130,201201100200,-9999.0,1.0,0.265,3.426,7.905,0.632583,-0.353008,0.518327,0.000306,0.0,-9999.0,6.639,-9999.0
201201100200,201201100230,-9999.0,1.0,0.317,3.426,7.905,0.628566,-0.357286,0.518492,0.000362,0.0,-9999.0,6.59,-9999.0
201201100230,201201100300,-9999.0,1.0,0.312,3.426,7.905,0.624548,-0.361564,0.518656,0.000353,0.0,-9999.0,6.543,-9999.0
201201100300,201201100330,-9999.0,1.0,0.29,3.426,7.905,0.620531,-0.365842,0.518821,0.000326,0.0,-9999.0,6.495,-9999.0
201201100330,201201100400,-9999.0,1.0,0.326,3.426,7.905,0.616514,-0.370119,0.518986,0.000363,0.0,-9999.0,6.448,-9999.0
201201100400,201201100430,-9999.0,1.0,0.295,3.426,7.905,0.612496,-0.374397,0.51915,0.000325,0.0,-9999.0,6.402,-9999.0
201201100430,201201100500,-9999.0,1.0,0.258,3.426,7.905,0.608479,-0.378675,0.519315,0.000282,0.0,-9999.0,6.355,-9999.0
201201100500,201201100530,-9999.0,1.0,0.226,3.426,7.905,0.604461,-0.382952,0.51948,0.000244,0.0,-9999.0,6.308,-9999.0
201201100530,201201100600,-9999.0,1.0,0.23,3.426,7.905,0.600444,-0.38723,0.519644,0.000246,0.0,-9999.0,6.261,-9999.0
201201100600,201201100630,-9999.0,1.0,0.188,3.426,7.905,0.596426,-0.391508,0.519809,0.000199,0.0,-9999.0,6.216,-9999.0
201201100630,201201100700,-9999.0,1.0,0.242,3.426,7.905,0.592409,-0.395785,0.519974,0.000254,0.0,-9999.0,6.17,-9999.0
201201100700,201201100730,-9999.0,1.0,0.63,3.426,7.905,0.588392,-0.400063,0.520138,0.000655,0.0,-9999.0,6.126,-9999.0
201201100730,201201100800,-9999.0,1.0,20.72,3.633,8.48,0.607055,-0.332219,0.562658,0.021296,12.0551,-9999.0,6.082,-9999.0
201201100800,201201100830,-9999.0,1.0,102.6,6.854,11.932,0.745782,-0.826215,0.871464,0.10377,109.519,-9999.0,6.038,-9999.0
201201100830,201201100900,-9999.0,1.0,182.6,7.735,12.35,0.758647,-0.120172,0.915911,0.18175,216.809,-9999.0,5.995,-9999.0
201201100900,201201100930,-9999.0,1.0,255.2,8.064,11.99,0.737931,-0.467782,0.878054,0.250096,314.216,-9999.0,5.955,-9999.0
201201100930,201201101000,-9999.0,1.0,316.1,8.883,12.141,0.739161,-0.584451,0.894197,0.305236,400.074,-9999.0,5.915,-9999.0
201201101000,201201101030,-9999.0,1.0,364.9,4.01,5.659,0.482369,-0.550434,0.377517,0.347463,472.914,-9999.0,5.88,56.11
201201101030,201201101100,-0.23473,0.0,402.4,5.213,7.66,0.551117,0.747144,0.503939,0.378114,531.489,-9999.0,5.846,50.28
201201101100,201201101130,1.70695,0.0,428.7,7.802,10.9,0.672582,-1.10841,0.770415,0.397786,574.798,-9999.0,5.813,40.19
201201101130,201201101200,-9999.0,1.0,437.3,10.433,14.29,0.809217,-0.355219,1.14396,0.38664,602.099,-9999.0,5.798,35.97
201201101200,201201101230,-9999.0,1.0,431.2,10.605,15.1,0.83843,-0.381248,1.24946,0.367237,612.925,-9999.0,5.795,38.23
201201101230,201201101300,0.50927,0.0,410.4,9.792,14.8,0.819316,0.185159,1.21015,0.368958,607.09,-9999.0,5.81,41.85
201201101300,201201101330,-9999.0,1.0,375.9,9.339,15.11,0.826573,-0.490552,1.25158,0.334988,584.696,-9999.0,5.84,45.64
201201101330,201201101400,-9999.0,1.0,333.1,8.708,15.13,0.82128,-0.559675,1.25466,0.294388,546.124,-9999.0,5.889,49.38
201201101400,201201101430,1.43923,0.0,272.3,7.842,14.5,0.788563,-0.771009,1.17244,0.238936,492.035,-9999.0,5.956,52.52
201201101430,201201101500,0.639792,0.0,206.2,7.161,14.08,0.765218,0.010888,1.11987,0.179689,423.354,-9999.0,6.032,55.45
201201101500,201201101530,1.36614,0.0,103.5,6.272,13.64,0.741476,-0.733298,1.06657,0.089796,341.257,-9999.0,6.116,59.85
201201101530,201201101600,2.6395,0.0,81.2,5.782,13.22,0.71897,-2.02369,1.01737,0.069726,247.148,-9999.0,6.201,61.96
201201101600,201201101630,0.43353,0.0,41.0,6.129,13.04,0.706309,0.171927,0.996965,0.034885,142.637,-9999.0,6.282,59.2
201201101630,201201101700,0.291117,0.0,15.44,5.753,12.9,0.695345,0.305141,0.981358,0.013002,33.1296,-9999.0,6.358,61.35
201201101700,201201101730,0.377257,0.0,2.326,4.718,11.98,0.654674,0.189508,0.881448,0.001936,0.0,-9999.0,6.428,66.33
201201101730,201201101800,1.33057,0.0,0.008,4.948,10.88,0.608702,-0.797187,0.771669,7e-06,0.0,-9999.0,6.491,62.02
201201101800,201201101830,-9999.0,1.0,0.226,4.523,9.65,0.559898,-0.666868,0.660864,0.000184,0.0,-9999.0,6.545,62.3
201201101830,201201101900,-9999.0,1.0,0.267,3.912,8.54,0.517269,-0.529354,0.571168,0.000214,0.0,-9999.0,6.594,64.86
201201101900,201201101930,0.95385,0.0,0.238,3.492,7.88,0.491151,-0.508013,0.522291,0.000188,0.0,-9999.0,6.634,67.19
201201101930,201201102000,0.521384,0.0,0.147,2.969,7.31,0.468698,-0.093126,0.482616,0.000115,0.0,-9999.0,6.661,71.0
201201102000,201201102030,-0.09731,0.0,0.0,2.597,6.728,0.446494,0.508098,0.444423,0.0,0.0,-9999.0,6.679,73.6
201201102030,201201102100,-0.12996,0.0,0.0,2.541,7.03,0.452186,0.543566,0.464175,0.0,0.0,-9999.0,6.689,74.7
201201102100,201201102130,-0.552475,0.0,0.0,2.745,7.48,0.462453,0.972144,0.494722,0.0,0.0,-9999.0,6.692,73.5
201201102130,201201102200,0.198432,0.0,0.0,2.798,7.49,0.458861,0.21728,0.495569,0.0,0.0,-9999.0,6.687,73.0
201201102200,201201102230,1.31941,0.0,0.0,2.7,6.97,0.439003,-0.919365,0.460663,0.0,0.0,-9999.0,6.676,73.0
201201102230,201201102300,0.132427,0.0,0.0,3.314,6.852,0.431681,0.260986,0.453109,0.0,0.0,-9999.0,6.662,66.59
201201102300,201201102330,0.757549,0.0,0.0,3.356,6.654,0.422061,-0.372425,0.440542,0.0,0.0,-9999.0,6.646,65.71
201201102330,201201110000,0.731381,0.0,0.0,2.971,5.997,0.399298,-0.364098,0.400377,0.0,0.0,-9999.0,6.627,68.23
201201110000,201201110030,-9999.0,1.0,0.0,2.738,5.456,0.380518,-0.198962,0.369408,0.0,0.0,-9999.0,6.605,69.6
201201110030,201201110100,-9999.0,1.0,0.0,2.45,4.538,0.352113,-0.107279,0.320489,0.0,0.0,-9999.0,6.584,71.0
201201110100,201201110130,-9999.0,1.0,0.0,2.39,4.385,0.3449,-0.212716,0.312583,0.0,0.0,-9999.0,6.564,71.4
201201110130,201201110200,-9999.0,1.0,0.0,2.398,4.632,0.348274,-0.129402,0.324603,0.0,0.0,-9999.0,6.538,71.8
201201110200,201201110230,0.492523,0.0,0.0,2.486,5.043,0.355932,-0.163262,0.345573,0.0,0.0,-9999.0,6.511,71.6
201201110230,201201110300,0.604233,0.0,0.0,2.326,4.816,0.346699,-0.28298,0.333372,0.0,0.0,-9999.0,6.481,73.0
201201110300,201201110330,0.768293,0.0,0.0,2.015,4.214,0.32807,-0.461983,0.303081,0.0,0.0,-9999.0,6.449,75.6
201201110330,201201110400,0.198032,0.0,0.0,2.018,4.058,0.325012,0.101927,0.295369,0.0,0.0,-9999.0,6.417,75.3
201201110400,201201110430,0.450182,0.0,0.0,2.038,4.028,0.325131,-0.154203,0.293674,0.0,0.0,-9999.0,6.385,75.0
201201110430,201201110500,0.347007,0.0,0.0,1.854,3.685,0.317374,-0.060614,0.277647,0.0,0.0,-9999.0,6.352,76.7
201201110500,201201110530,0.08978,0.0,0.0,2.102,4.24,0.332287,0.203129,0.303155,0.0,0.0,-9999.0,6.318,74.6
201201110530,201201110600,-9999.0,1.0,0.0,3.491,7.889,0.433017,-0.586259,0.519039,0.0,0.0,-9999.0,6.284,-9999.0
201201110600,201201110630,-9999.0,1.0,0.0,3.491,7.889,0.434174,-0.584853,0.518535,0.0,0.0,-9999.0,6.252,-9999.0
201201110630,201201110700,-9999.0,1.0,0.0,3.491,7.889,0.43533,-0.583447,0.518031,0.0,0.0,-9999.0,6.219,-9999.0
201201110700,201201110730,-9999.0,1.0,0.3,3.491,7.889,0.436486,-0.582041,0.517528,0.001789,0.0,-9999.0,6.186,-9999.0
201201110730,201201110800,-9999.0,1.0,22.48,3.76,8.449,0.454191,-0.496732,0.558008,0.060395,13.2999,-9999.0,6.15,-9999.0
201201110800,201201110830,-9999.0,1.0,110.6,7.26,11.942,0.564805,-0.918944,0.867792,0.133526,112.266,-9999.0,6.118,-9999.0
201201110830,201201110900,-9999.0,1.0,195.9,7.737,11.995,0.568032,-0.317935,0.872428,0.187877,219.659,-9999.0,6.086,-9999.0
201201110900,201201110930,-9999.0,2.0,269.7,4.678,7.86,0.440254,0.256986,0.513457,0.232419,317.159,-9999.0,6.054,55.99
201201110930,201201111000,-9999.0,2.0,330.5,5.284,8.68,0.465968,0.387496,0.57334,0.268119,403.099,-9999.0,6.025,52.98
201201111000,201201111030,-9999.0,1.0,379.3,5.829,10.02,0.508672,0.249115,0.682223,0.296278,476.008,-9999.0,5.997,52.61
201201111030,201201111100,-0.03726,0.0,414.4,6.801,10.85,0.536514,0.467137,0.756384,0.316508,534.639,-9999.0,5.972,47.69
201201111100,201201111130,0.865189,0.0,436.4,8.128,12.21,0.582668,-0.405449,0.890553,0.329543,577.989,-9999.0,5.962,42.86
201201111130,201201111200,0.595216,0.0,444.4,9.087,12.99,0.610566,-0.117286,0.974242,0.335277,605.316,-9999.0,5.964,39.31
201201111200,201201111230,1.09641,0.0,439.1,10.095,13.68,0.63593,-0.601958,1.0526,0.33427,616.152,-9999.0,5.984,35.54
201201111230,201201111300,0.6078,0.0,420.6,11.445,14.64,0.671328,-0.090769,1.1692,0.325726,610.312,-9999.0,6.012,31.33
201201111300,201201111330,1.06549,0.0,387.6,10.805,14.5,0.668079,-0.54957,1.15037,0.312361,587.896,-9999.0,6.054,34.58
201201111330,201201111400,0.791856,0.0,341.9,10.668,14.43,0.667304,-0.275541,1.14047,0.292629,549.288,-9999.0,6.109,35.12
201201111400,201201111430,1.16144,0.0,287.8,10.011,13.75,0.644951,-0.658043,1.05672,0.269256,495.147,-9999.0,6.178,36.37
201201111430,201201111500,0.726961,0.0,224.4,9.982,13.7,0.644838,-0.222793,1.04978,0.240996,426.401,-9999.0,6.257,36.35
201201111500,201201111530,0.724398,0.0,158.3,10.095,13.84,0.651427,-0.215305,1.0653,0.210619,344.226,-9999.0,6.336,36.21
201201111530,201201111600,0.761115,0.0,82.0,9.596,13.51,0.641417,-0.257403,1.02555,0.17013,250.027,-9999.0,6.414,38.05
201201111600,201201111630,1.0482,0.0,24.53,8.782,12.83,0.619204,-0.557563,0.947997,0.115395,145.416,-9999.0,6.483,40.73
201201111630,201201111700,0.857138,0.0,11.09,7.862,12.11,0.595856,-0.380449,0.870591,0.081247,35.1874,-9999.0,6.547,44.37
201201111700,201201111730,-9999.0,1.0,1.401,6.681,10.84,0.554317,-0.641972,0.745821,0.017468,0.0,-9999.0,6.601,48.58
201201111730,201201111800,-9999.0,1.0,0.104,6.117,9.95,0.526274,-0.665554,0.666226,0.001465,0.0,-9999.0,6.646,50.03
201201111800,201201111830,-9999.0,1.0,0.082,5.626,9.46,0.511638,-0.592905,0.624852,0.001189,0.0,-9999.0,6.682,52.51
201201111830,201201111900,-9999.0,1.0,0.058,5.266,8.96,0.496813,-0.574286,0.584614,0.000865,0.0,-9999.0,6.704,54.02
201201111900,201201111930,-9999.0,1.0,0.019,5.345,8.87,0.495171,-0.568812,0.577106,0.000291,0.0,-9999.0,6.724,53.05
201201111930,201201112000,0.586234,0.0,0.0,5.359,9.06,0.502513,-0.165744,0.591207,0.0,0.0,-9999.0,6.735,53.52
201201112000,201201112030,0.035072,0.0,0.086,4.765,8.34,0.480729,0.37154,0.536454,0.001378,0.0,-9999.0,6.736,56.61
201201112030,201201112100,0.151611,0.0,0.33,4.992,7.85,0.466478,0.24604,0.501222,0.005315,0.0,-9999.0,6.733,53.0
201201112100,201201112130,-9999.0,1.0,0.266,5.157,7.78,0.465439,-0.514027,0.495907,0.004405,0.0,-9999.0,6.723,51.22
201201112130,201201112200,-9999.0,1.0,0.328,4.611,6.979,0.441761,-0.351545,0.442756,0.00553,0.0,-9999.0,6.712,53.92
201201112200,201201112230,-9999.0,1.0,0.331,3.595,7.553,0.460619,-0.479173,0.479566,0.005704,0.0,-9999.0,6.697,-9999.0
201201112230,201201112300,-9999.0,1.0,0.098,3.857,5.847,0.409744,-0.209127,0.374762,0.001757,0.0,-9999.0,6.679,58.33
201201112300,201201112330,-9999.0,1.0,0.0,4.468,6.724,0.43719,-0.290125,0.425608,0.0,0.0,-9999.0,6.657,54.56
201201112330,201201120000,-9999.0,1.0,0.0,4.073,5.923,0.414017,-0.205029,0.378254,0.0,0.0,-9999.0,6.633,56.22
201201120000,201201120030,-0.4909,0.0,0.0,5.166,7.13,0.451884,0.882864,0.450086,0.0,0.0,-9999.0,6.606,48.91
201201120030,201201120100,0.358723,0.0,0.0,5.09,7.0,0.448933,0.031801,0.441411,0.0,0.0,-9999.0,6.578,49.21
201201120100,201201120130,-9999.0,1.0,0.0,4.537,6.19,0.42511,-0.221586,0.39226,0.0,0.0,-9999.0,6.548,52.13
201201120130,201201120200,-9999.0,1.0,0.093,3.903,5.257,0.398193,-0.177047,0.340874,0.001882,0.0,-9999.0,6.518,56.06
201201120200,201201120230,-9999.0,1.0,0.096,3.88,5.136,0.395586,-0.131627,0.334304,0.001979,0.0,-9999.0,6.486,55.96
201201120230,201201120300,-9999.0,1.0,0.0,4.794,6.456,0.436361,-0.225464,0.406559,0.0,0.0,-9999.0,6.454,50.34
201201120300,201201120330,0.581665,0.0,0.0,4.775,6.397,0.435587,-0.19752,0.402677,0.0,0.0,-9999.0,6.421,50.33
201201120330,201201120400,0.048898,0.0,0.0,4.462,5.879,0.420745,0.325382,0.372768,0.0,0.0,-9999.0,6.389,51.9
201201120400,201201120430,-0.096693,0.0,0.0,4.378,5.708,0.416554,0.468559,0.363022,0.0,0.0,-9999.0,6.356,52.24
201201120430,201201120500,0.231397,0.0,0.0,4.323,5.639,0.415454,0.140231,0.358927,0.0,0.0,-9999.0,6.323,52.61
201201120500,201201120530,-9999.0,1.0,0.027,3.489,4.221,0.374434,-0.242922,0.288173,0.000622,0.0,-9999.0,6.29,57.77
201201120530,201201120600,-9999.0,1.0,0.079,3.864,7.362,0.471404,-0.45232,0.459899,0.001843,0.0,-9999.0,6.258,-9999.0
201201120600,201201120630,-9999.0,1.0,0.221,3.888,7.365,0.472617,-0.461208,0.459624,0.005182,0.0,-9999.0,6.226,-9999.0
201201120630,201201120700,-9999.0,1.0,0.311,3.912,7.373,0.473992,-0.437638,0.459671,0.007358,0.0,-9999.0,6.193,-9999.0
201201120700,201201120730,-9999.0,1.0,0.732,3.937,7.387,0.475562,-0.426031,0.460105,0.01704,0.0,-9999.0,6.16,-9999.0
201201120730,201201120800,-9999.0,1.0,23.42,4.421,8.082,0.499525,-0.343691,0.506055,0.207379,12.7786,-9999.0,6.128,-9999.0
201201120800,201201120830,-9999.0,1.0,110.8,7.657,11.763,0.629647,-0.840822,0.80966,0.30777,111.413,-9999.0,6.093,-9999.0
201201120830,201201120900,-9999.0,1.0,193.2,8.764,12.141,0.645087,-0.231743,0.846051,0.342273,219.211,-9999.0,6.058,-9999.0
201201120900,201201120930,-9999.0,1.0,266.7,8.544,12.09,0.644696,-0.56414,0.840098,0.366004,317.165,-9999.0,6.022,-9999.0
201201120930,201201121000,-9999.0,2.0,329.6,4.988,7.64,0.489488,0.284359,0.474208,0.384066,403.6,-9999.0,5.991,52.36
201201121000,201201121030,-9999.0,1.0,380.3,5.913,9.3,0.547035,0.307234,0.592472,0.397747,477.038,-9999.0,5.96,49.54
201201121030,201201121100,-0.896947,0.0,419.8,6.645,10.72,0.598767,1.40201,0.709268,0.408064,536.221,-9999.0,5.935,48.44
201201121100,201201121130,1.35817,0.0,445.0,7.777,12.56,0.668422,-0.8063,0.884158,0.414882,580.137,-9999.0,5.917,46.57
201201121130,201201121200,-9999.0,1.0,453.3,9.764,14.14,0.731047,-0.376291,1.05673,0.418136,608.034,-9999.0,5.915,39.49
201201121200,201201121230,-9999.0,1.0,448.2,12.033,15.45,0.785028,-0.300332,1.21634,0.418087,619.436,-9999.0,5.929,31.47
201201121230,201201121300,0.99696,0.0,429.1,12.707,15.94,0.80678,-0.353687,1.27925,0.416198,614.147,-9999.0,5.955,29.87
201201121300,201201121330,0.930601,0.0,396.2,13.082,16.43,0.828804,-0.272554,1.34433,0.412302,592.257,-9999.0,5.992,30.02
201201121330,201201121400,1.32199,0.0,351.1,12.734,16.4,0.829456,-0.662647,1.33882,0.406771,554.141,-9999.0,6.048,31.75
201201121400,201201121430,1.04161,0.0,294.2,11.491,15.5,0.794278,-0.403683,1.21775,0.39927,500.452,-9999.0,6.122,34.77
201201121430,201201121500,1.01904,0.0,231.5,11.072,14.97,0.774498,-0.392907,1.14966,0.389846,432.108,-9999.0,6.202,34.97
201201121500,201201121530,0.961909,0.0,164.4,10.842,14.77,0.768149,-0.339023,1.12395,0.377068,350.278,-9999.0,6.289,35.49
201201121530,201201121600,0.786788,0.0,87.7,9.543,14.07,0.741704,-0.180164,1.03993,0.350342,256.363,-9999.0,6.371,40.59
201201121600,201201121630,0.342137,0.0,26.85,8.552,13.46,0.719094,0.250558,0.970298,0.271311,151.969,-9999.0,6.447,44.61
201201121630,201201121700,-9999.0,1.0,11.24,7.492,12.66,0.689272,-0.035953,0.884373,0.189689,40.5665,-9999.0,6.513,48.87
201201121700,201201121730,-9999.0,1.0,1.291,5.568,11.12,0.631751,-0.606609,0.735183,0.037866,0.0,-9999.0,6.568,57.93
201201121730,201201121800,0.213703,0.0,0.321,3.726,9.74,0.581983,0.289433,0.61759,0.010246,0.0,-9999.0,6.613,69.13
201201121800,201201121830,-9999.0,1.0,0.328,3.166,8.51,0.539126,-0.544468,0.524775,0.010588,0.0,-9999.0,6.651,71.5
201201121830,201201121900,-9999.0,1.0,0.326,3.049,7.4,0.501709,-0.340898,0.450116,0.010647,0.0,-9999.0,6.678,70.4
201201121900,201201121930,-9999.0,1.0,0.331,2.269,5.799,0.449298,-0.179109,0.356778,0.010931,0.0,-9999.0,6.692,75.4
201201121930,201201122000,-9999.0,1.0,0.331,1.659,4.492,0.408596,-0.068999,0.291877,0.011055,0.0,-9999.0,6.697,80.3
201201122000,201201122030,-9999.0,1.0,0.331,1.328,3.589,0.381768,-0.069197,0.252432,0.01118,0.0,-9999.0,6.695,83.2
201201122030,201201122100,-9999.0,1.0,0.331,1.255,3.659,0.384734,-0.066503,0.255048,0.011304,0.0,-9999.0,6.686,84.2
201201122100,201201122130,-9999.0,1.0,0.331,4.087,7.382,0.506679,-0.38063,0.446633,0.011429,0.0,-9999.0,6.669,-9999.0
201201122130,201201122200,-9999.0,1.0,0.331,0.954,3.091,0.369316,-0.083779,0.231881,0.011553,0.0,-9999.0,6.652,87.5
201201122200,201201122230,-9999.0,1.0,0.331,0.829,3.567,0.38448,-0.065314,0.250474,0.011678,0.0,-9999.0,6.627,89.5
201201122230,201201122300,-9999.0,1.0,0.33,0.757,3.558,0.385049,-0.064426,0.249844,0.011767,0.0,-9999.0,6.598,90.4
201201122300,201201122330,-9999.0,1.0,0.331,0.519,3.294,0.377867,-0.075352,0.23903,0.011926,0.0,-9999.0,6.566,93.3
201201122330,201201130000,-9999.0,1.0,0.331,4.127,7.398,0.512824,-0.282157,0.445282,0.012051,0.0,-9999.0,6.532,-9999.0
201201130000,201201130030,-9999.0,1.0,0.323,4.143,7.406,0.514223,-0.250124,0.445311,0.011888,0.0,-9999.0,6.497,-9999.0
201201130030,201201130100,-9999.0,1.0,0.0,4.16,7.414,0.515623,-0.253338,0.447232,0.0,0.0,-9999.0,6.459,-9999.0
201201130100,201201130130,-9999.0,1.0,0.002,4.173,7.421,0.516989,-0.231063,0.449091,7.5e-05,0.0,-9999.0,6.423,-9999.0
201201130130,201201130200,-9999.0,1.0,0.327,4.18,7.431,0.518462,-0.230042,0.451136,0.011909,0.0,-9999.0,6.387,-9999.0
201201130200,201201130230,-9999.0,1.0,0.33,4.191,7.438,0.519831,-0.228492,0.452993,0.011974,0.0,-9999.0,6.352,-9999.0
201201130230,201201130300,-9999.0,1.0,0.159,4.168,7.455,0.521556,-0.226687,0.455474,0.005827,0.0,-9999.0,6.32,-9999.0
201201130300,201201130330,-9999.0,1.0,0.038,4.144,7.47,0.523212,-0.22493,0.45783,0.001401,0.0,-9999.0,6.288,-9999.0
201201130330,201201130400,-9999.0,1.0,0.04,4.119,7.48,0.524692,-0.223299,0.459872,0.00147,0.0,-9999.0,6.255,-9999.0
201201130400,201201130430,-9999.0,1.0,0.0,4.092,7.489,0.526139,-0.221693,0.461851,0.0,0.0,-9999.0,6.222,-9999.0
201201130430,201201130500,-9999.0,1.0,0.0,4.065,7.501,0.527694,-0.219959,0.464018,0.0,0.0,-9999.0,6.189,-9999.0
201201130500,201201130530,-9999.0,1.0,0.0,4.036,7.513,0.529252,-0.23533,0.466183,0.0,0.0,-9999.0,6.154,-9999.0
201201130530,201201130600,-9999.0,1.0,0.0,4.006,7.522,0.530703,-0.233718,0.468161,0.0,0.0,-9999.0,6.12,-9999.0
201201130600,201201130630,-9999.0,1.0,0.119,3.976,7.534,0.532264,-0.232028,0.470325,0.004269,0.0,-9999.0,6.085,-9999.0
201201130630,201201130700,-9999.0,1.0,0.061,3.947,7.546,0.533827,-0.230335,0.472488,0.002191,0.0,-9999.0,6.05,-9999.0
201201130700,201201130730,-9999.0,1.0,0.55,3.918,7.561,0.535501,-0.228562,0.474839,0.018945,0.0,-9999.0,6.016,-9999.0
201201130730,201201130800,-9999.0,1.0,9.31,4.079,7.743,0.543271,-0.215564,0.487714,0.191291,14.1666,-9999.0,5.981,-9999.0
201201130800,201201130830,-9999.0,1.0,78.3,7.405,11.426,0.686632,-0.342784,0.767875,0.387368,114.42,-9999.0,5.947,-9999.0
201201130830,201201130900,-9999.0,1.0,155.0,8.218,11.904,0.707584,-0.285803,0.812037,0.417217,222.327,-9999.0,5.914,-9999.0
201201130900,201201130930,-9999.0,1.0,227.6,7.998,11.817,0.705494,-0.517992,0.804983,0.428947,320.38,-9999.0,5.882,-9999.0
201201130930,201201131000,-9999.0,1.0,298.1,8.568,11.944,0.712203,-0.449896,0.817548,0.435912,406.904,-9999.0,5.853,-9999.0
201201131000,201201131030,-9999.0,1.0,355.5,8.164,11.068,0.677852,-0.422281,0.740796,0.440024,480.416,-9999.0,5.827,-9999.0
201201131030,201201131100,-9999.0,1.0,396.5,8.599,11.901,0.713399,-0.056915,0.81543,0.442341,539.659,-9999.0,5.803,-9999.0
201201131100,201201131130,-9999.0,1.0,422.1,8.973,12.13,0.724406,-0.015627,0.837441,0.443439,583.619,-9999.0,5.791,-9999.0
201201131130,201201131200,-9999.0,1.0,429.7,9.168,12.205,0.729047,-7e-05,0.8453,0.443301,611.545,-9999.0,5.794,-9999.0
201201131200,201201131230,-9999.0,1.0,425.8,8.955,12.237,0.7319,-0.070722,0.849152,0.442372,622.959,-9999.0,5.815,-9999.0
201201131230,201201131300,-9999.0,1.0,408.5,8.523,12.095,0.727451,-0.105123,0.836845,0.440429,617.664,-9999.0,5.846,-9999.0
201201131300,201201131330,-9999.0,1.0,373.1,8.183,11.63,0.709526,-0.15428,0.795738,0.436874,595.752,-9999.0,5.891,-9999.0
201201131330,201201131400,-9999.0,1.0,284.4,7.743,11.678,0.712986,-0.203799,0.800953,0.42732,557.598,-9999.0,5.954,-9999.0
201201131400,201201131430,-9999.0,1.0,305.8,8.209,12.471,0.747883,-0.346865,0.874492,0.428822,503.854,-9999.0,6.031,-9999.0
201201131430,201201131500,-9999.0,1.0,233.5,7.933,12.843,0.765343,-0.363019,0.9109,0.418751,435.44,-9999.0,6.122,-9999.0
201201131500,201201131530,-9999.0,1.0,206.5,8.089,13.398,0.790963,-0.516732,0.966587,0.413365,353.527,-9999.0,6.212,-9999.0
201201131530,201201131600,-9999.0,1.0,98.9,6.81,12.407,0.749747,-0.412744,0.870949,0.381471,259.516,-9999.0,6.303,-9999.0
201201131600,201201131630,-9999.0,1.0,36.56,4.569,8.202,0.580244,-0.140266,0.540771,0.315542,155.016,-9999.0,6.393,-9999.0
201201131630,201201131700,-9999.0,1.0,15.64,3.954,7.733,0.563498,-0.170383,0.512299,0.233539,43.0436,-9999.0,6.473,-9999.0
201201131700,201201131730,-9999.0,1.0,1.868,3.77,7.617,0.560238,-0.161986,0.506528,0.054283,0.0,-9999.0,6.544,-9999.0
201201131730,201201131800,-9999.0,1.0,0.277,3.729,7.638,0.562171,-0.143462,0.509228,0.009015,0.0,-9999.0,6.605,-9999.0
201201131800,201201131830,-9999.0,1.0,0.302,3.684,7.653,0.563879,-0.132949,0.511558,0.009771,0.0,-9999.0,6.651,-9999.0
201201131830,201201131900,-9999.0,1.0,0.317,3.636,7.665,0.565475,-0.117323,0.513704,0.010205,0.0,-9999.0,6.69,-9999.0
201201131900,201201131930,-9999.0,1.0,0.33,3.59,7.675,0.566996,-0.130207,0.515724,0.010571,0.0,-9999.0,6.714,-9999.0
201201131930,201201132000,-9999.0,1.0,0.331,3.547,7.689,0.568673,-0.119222,0.517991,0.010561,0.0,-9999.0,6.727,-9999.0
201201132000,201201132030,-9999.0,1.0,0.331,3.506,7.702,0.570313,-0.10159,0.520195,0.01052,0.0,-9999.0,6.734,-9999.0
201201132030,201201132100,-9999.0,1.0,0.33,3.464,7.709,0.571724,-0.092474,0.522029,0.010448,0.0,-9999.0,6.73,-9999.0
201201132100,201201132130,-9999.0,1.0,0.331,3.422,7.715,0.573098,-0.08258,0.523801,0.010437,0.0,-9999.0,6.721,-9999.0
201201132130,201201132200,-9999.0,1.0,0.314,3.383,7.721,0.574473,-0.074526,0.525572,0.009875,0.0,-9999.0,6.709,-9999.0
201201132200,201201132230,-9999.0,1.0,0.325,3.344,7.726,0.57581,-0.065404,0.527281,0.010171,0.0,-9999.0,6.691,-9999.0
201201132230,201201132300,-9999.0,1.0,0.322,3.306,7.727,0.576993,-0.079886,0.528744,0.010039,0.0,-9999.0,6.668,-9999.0
201201132300,201201132330,-9999.0,1.0,0.0,3.264,7.723,0.57798,-0.059966,0.5299,0.0,0.0,-9999.0,6.644,-9999.0
201201132330,201201140000,-9999.0,1.0,0.254,3.242,7.716,0.578851,-0.058773,0.530874,0.007897,0.0,-9999.0,6.617,-9999.0
201201140000,201201140030,-9999.0,1.0,0.003,3.22,7.705,0.579563,-0.08229,0.531604,9.5e-05,0.0,-9999.0,6.587,-9999.0
201201140030,201201140100,-9999.0,1.0,0.0,3.198,7.686,0.579961,-0.081446,0.53185,0.0,0.0,-9999.0,6.556,-9999.0
201201140100,201201140130,-9999.0,1.0,0.0,3.175,7.669,0.580435,-0.081552,0.532221,0.0,0.0,-9999.0,6.525,-9999.0
201201140130,201201140200,-9999.0,1.0,0.0,3.152,7.65,0.580829,-0.104993,0.532476,0.0,0.0,-9999.0,6.492,-9999.0
201201140200,201201140230,-9999.0,1.0,0.0,3.13,7.628,0.581101,-0.104243,0.532553,0.0,0.0,-9999.0,6.459,-9999.0
201201140230,201201140300,-9999.0,1.0,0.0,3.108,7.607,0.581411,-0.103468,0.532697,0.0,0.0,-9999.0,6.428,-9999.0
201201140300,201201140330,-9999.0,1.0,0.0,3.086,7.582,0.58156,-0.102812,0.532605,0.0,0.0,-9999.0,6.398,-9999.0
201201140330,201201140400,-9999.0,1.0,0.0,3.065,7.555,0.581627,-0.102217,0.532402,0.0,0.0,-9999.0,6.37,-9999.0
201201140400,201201140430,-9999.0,1.0,0.0,3.065,7.555,0.582758,-0.100836,0.533815,0.0,0.0,-9999.0,6.344,-9999.0
201201140430,201201140500,-9999.0,1.0,0.0,3.065,7.555,0.583888,-0.099455,0.535228,0.0,0.0,-9999.0,6.318,-9999.0
201201140500,201201140530,-9999.0,1.0,0.0,3.065,7.555,0.585018,-0.098074,0.536641,0.0,0.0,-9999.0,6.291,-9999.0
201201140530,201201140600,-9999.0,1.0,0.0,3.065,7.555,0.586149,-0.096693,0.538054,0.0,0.0,-9999.0,6.264,-9999.0
201201140600,201201140630,-9999.0,1.0,0.0,3.065,7.555,0.587279,-0.095311,0.539467,0.0,0.0,-9999.0,6.236,-9999.0
201201140630,201201140700,-9999.0,1.0,0.0,3.065,7.555,0.588409,-0.09393,0.54088,0.0,0.0,-9999.0,6.209,-9999.0
201201140700,201201140730,-9999.0,1.0,0.427,3.065,7.555,0.58954,-0.092549,0.542293,0.012305,0.0,-9999.0,6.18,-9999.0
201201140730,201201140800,-9999.0,1.0,13.8,3.23,7.692,0.596168,-0.082706,0.55187,0.195714,15.6893,-9999.0,6.152,-9999.0
201201140800,201201140830,-9999.0,1.0,78.7,6.298,12.095,0.786,-0.249838,0.871342,0.329523,117.555,-9999.0,6.125,-9999.0
201201140830,201201140900,-9999.0,1.0,161.9,7.284,13.757,0.864348,-0.397657,1.02301,0.364991,225.575,-9999.0,6.097,-9999.0
201201140900,201201140930,-9999.0,1.0,241.0,8.25,12.935,0.827563,-0.331599,0.946889,0.383434,323.731,-9999.0,6.07,-9999.0
201201140930,201201141000,-9999.0,1.0,308.3,8.256,12.653,0.816086,-0.272386,0.922395,0.395418,410.344,-9999.0,6.046,-9999.0
201201141000,201201141030,-9999.0,1.0,361.0,7.82,11.498,0.764949,-0.252515,0.825374,0.403481,483.933,-9999.0,6.018,-9999.0
201201141030,201201141100,-9999.0,1.0,395.9,8.514,12.19,0.797855,-0.015938,0.883831,0.408227,543.238,-9999.0,5.999,-9999.0
201201141100,201201141130,-9999.0,1.0,420.7,8.852,12.562,0.816517,-0.065965,0.91677,0.411297,587.245,-9999.0,5.991,-9999.0
201201141130,201201141200,-9999.0,1.0,417.7,8.651,12.435,0.812176,-0.06844,0.906547,0.410174,615.2,-9999.0,5.998,-9999.0
201201141200,201201141230,-9999.0,1.0,427.8,8.755,12.465,0.815097,-0.039528,0.909961,0.411042,626.625,-9999.0,6.018,-9999.0
201201141230,201201141300,-9999.0,1.0,410.3,8.247,12.208,0.804724,-0.024313,0.888826,0.407673,621.325,-9999.0,6.05,-9999.0
201201141300,201201141330,-9999.0,1.0,382.8,8.281,12.281,0.809616,-0.081185,0.895872,0.402532,599.39,-9999.0,6.091,-9999.0
201201141330,201201141400,-9999.0,1.0,349.3,7.766,11.503,0.775326,-0.443308,0.832652,0.396042,561.196,-9999.0,6.144,-9999.0
201201141400,201201141430,-9999.0,1.0,290.7,7.627,11.905,0.795231,-0.269351,0.866217,0.384188,507.396,-9999.0,6.211,-9999.0
201201141430,201201141500,-9999.0,1.0,169.6,7.398,13.678,0.88032,-0.381289,1.02236,0.353931,438.911,-9999.0,6.285,-9999.0
201201141500,201201141530,-9999.0,1.0,176.5,7.328,13.839,0.889728,-0.474661,1.03798,0.354894,356.912,-9999.0,6.358,-9999.0
201201141530,201201141600,-9999.0,1.0,103.6,6.894,12.745,0.839029,-0.444235,0.939771,0.326209,262.803,-9999.0,6.43,-9999.0
201201141600,201201141630,-9999.0,1.0,46.32,3.75,8.339,0.642691,-0.270275,0.614805,0.277959,158.194,-9999.0,6.494,-9999.0
201201141630,201201141700,-9999.0,1.0,15.23,3.154,7.642,0.614625,-0.069881,0.574211,0.189515,45.7022,-9999.0,6.55,-9999.0
201201141700,201201141730,-9999.0,1.0,1.498,3.005,7.521,0.610736,-0.070804,0.568587,0.036453,0.0,-9999.0,6.6,-9999.0
201201141730,201201141800,-9999.0,1.0,0.185,2.99,7.517,0.611697,-0.06955,0.569771,0.004941,0.0,-9999.0,6.641,-9999.0
201201141800,201201141830,-9999.0,1.0,0.33,2.98,7.52,0.61295,-0.068078,0.57136,0.008673,0.0,-9999.0,6.673,-9999.0
201201141830,201201141900,-9999.0,1.0,0.33,2.971,7.53,0.614494,-0.066385,0.573351,0.008632,0.0,-9999.0,6.695,-9999.0
201201141900,201201141930,-9999.0,1.0,0.0,2.968,7.549,0.616417,-0.064407,0.575861,0.0,0.0,-9999.0,6.706,-9999.0
201201141930,201201142000,-9999.0,1.0,0.0,2.968,7.549,0.617546,-0.063027,0.577275,0.0,0.0,-9999.0,6.708,-9999.0
201201142000,201201142030,-9999.0,1.0,0.0,2.968,7.549,0.618676,-0.061646,0.578689,0.0,0.0,-9999.0,6.704,-9999.0
201201142030,201201142100,-9999.0,1.0,0.0,2.968,7.549,0.619806,-0.060265,0.580102,0.0,0.0,-9999.0,6.691,-9999.0
201201142100,201201142130,-9999.0,1.0,0.282,2.968,7.549,0.620936,-0.058885,0.581515,0.007227,0.0,-9999.0,6.673,-9999.0
201201142130,201201142200,-9999.0,1.0,0.0,2.968,7.549,0.622066,-0.057504,0.582929,0.0,0.0,-9999.0,6.652,-9999.0
201201142200,201201142230,-9999.0,1.0,0.0,2.968,7.549,0.623196,-0.056123,0.584342,0.0,0.0,-9999.0,6.63,-9999.0
201201142230,201201142300,-9999.0,1.0,0.0,2.968,7.549,0.624326,-0.054742,0.585756,0.0,0.0,-9999.0,6.603,-9999.0
201201142300,201201142330,-9999.0,1.0,0.0,2.968,7.549,0.625456,-0.053362,0.58717,0.0,0.0,-9999.0,6.572,-9999.0
201201142330,201201150000,-9999.0,1.0,0.185,2.968,7.549,0.626585,-0.051981,0.588583,0.00466,0.0,-9999.0,6.54,-9999.0
201201150000,201201150030,-9999.0,1.0,0.0,2.968,7.549,0.627715,-0.0506,0.589997,0.0,0.0,-9999.0,6.505,-9999.0
201201150030,201201150100,-9999.0,1.0,0.0,2.968,7.549,0.628845,-0.04922,0.59141,0.0,0.0,-9999.0,6.467,-9999.0
201201150100,201201150130,-9999.0,1.0,0.0,2.968,7.549,0.629975,-0.047839,0.592824,0.0,0.0,-9999.0,6.426,-9999.0
201201150130,201201150200,-9999.0,1.0,0.0,2.968,7.549,0.631105,-0.046458,0.594237,0.0,0.0,-9999.0,6.385,-9999.0
201201150200,201201150230,-9999.0,1.0,0.0,2.968,7.549,0.632235,-0.045077,0.595651,0.0,0.0,-9999.0,6.342,-9999.0
201201150230,201201150300,-9999.0,1.0,0.0,2.968,7.549,0.633365,-0.043697,0.597064,0.0,0.0,-9999.0,6.298,-9999.0
201201150300,201201150330,-9999.0,1.0,0.0,2.968,7.549,0.634495,-0.042316,0.598477,0.0,0.0,-9999.0,6.253,-9999.0
201201150330,201201150400,-9999.0,1.0,0.0,2.968,7.549,0.635624,-0.040935,0.599891,0.0,0.0,-9999.0,6.207,-9999.0
201201150400,201201150430,-9999.0,1.0,0.0,2.968,7.549,0.636754,-0.039555,0.601305,0.0,0.0,-9999.0,6.162,-9999.0
201201150430,201201150500,-9999.0,1.0,0.0,2.968,7.549,0.637884,-0.038174,0.602718,0.0,0.0,-9999.0,6.116,-9999.0
201201150500,201201150530,-9999.0,1.0,0.0,2.968,7.549,0.639014,-0.036793,0.604131,0.0,0.0,-9999.0,6.072,-9999.0
201201150530,201201150600,-9999.0,1.0,0.0,2.968,7.549,0.640144,-0.035412,0.605545,0.0,0.0,-9999.0,6.026,-9999.0
201201150600,201201150630,-9999.0,1.0,0.0,2.968,7.549,0.641274,-0.034032,0.606959,0.0,0.0,-9999.0,5.98,-9999.0
201201150630,201201150700,-9999.0,1.0,0.0,2.968,7.549,0.642404,-0.032651,0.608372,0.0,0.0,-9999.0,5.936,-9999.0
201201150700,201201150730,-9999.0,1.0,0.487,2.968,7.549,0.643534,-0.03127,0.609786,0.011082,0.0,-9999.0,5.893,-9999.0
201201150730,201201150800,-9999.0,1.0,19.58,3.16,7.68,0.650402,-0.021103,0.61858,0.182721,15.3058,-9999.0,5.848,-9999.0
201201150800,201201150830,-9999.0,1.0,98.4,6.26,12.615,0.883926,-0.454951,0.954649,0.283801,117.064,-9999.0,5.806,-9999.0
201201150830,201201150900,-9999.0,1.0,182.8,7.675,13.977,0.954771,-0.325676,1.06893,0.318703,225.498,-9999.0,5.765,-9999.0
201201150900,201201150930,-9999.0,1.0,260.0,8.038,13.108,0.91191,-0.249355,0.996076,0.341703,324.116,-9999.0,5.725,-9999.0
201201150930,201201151000,-9999.0,1.0,331.8,7.392,11.597,0.837955,-0.234679,0.878878,0.360035,411.233,-9999.0,5.688,-9999.0
201201151000,201201151030,-9999.0,1.0,384.2,8.098,12.089,0.863766,-0.018796,0.916878,0.372105,485.357,-9999.0,5.659,-9999.0
201201151030,201201151100,-9999.0,1.0,424.0,8.544,12.439,0.882793,0.103593,0.944784,0.380672,545.22,-9999.0,5.632,-9999.0
201201151100,201201151130,-9999.0,1.0,387.8,8.026,11.969,0.860782,0.12609,0.909547,0.371511,589.798,-9999.0,5.618,-9999.0
201201151130,201201151200,-9999.0,1.0,449.1,8.369,12.288,0.878251,0.17113,0.934753,0.385076,618.328,-9999.0,5.618,-9999.0
201201151200,201201151230,-9999.0,1.0,397.3,8.021,12.132,0.871926,0.133686,0.923684,0.372362,630.321,-9999.0,5.629,-9999.0
201201151230,201201151300,-9999.0,1.0,394.2,8.035,11.964,0.865002,0.188666,0.911889,0.370902,625.574,-9999.0,5.651,-9999.0
201201151300,201201151330,-9999.0,1.0,401.2,7.981,12.167,0.876698,0.077808,0.928092,0.371897,604.166,-9999.0,5.684,-9999.0
201201151330,201201151400,-9999.0,1.0,241.9,7.275,12.923,0.9167,-0.176597,0.98757,0.327615,566.465,-9999.0,5.73,-9999.0
201201151400,201201151430,-9999.0,1.0,254.8,7.192,13.223,0.933756,-0.160652,1.01228,0.330622,513.114,-9999.0,5.784,-9999.0
201201151430,201201151500,-9999.0,1.0,321.3,7.486,11.941,0.869803,-0.249033,0.913808,0.348952,445.028,-9999.0,5.845,-9999.0
201201151500,201201151530,-9999.0,1.0,220.2,6.285,13.025,0.926692,-0.428991,0.997832,0.317628,363.371,-9999.0,5.912,-9999.0
201201151530,201201151600,-9999.0,1.0,116.0,5.62,13.216,0.938192,-0.213805,1.01374,0.275191,269.541,-9999.0,5.978,-9999.0
201201151600,201201151630,-9999.0,1.0,45.2,3.604,8.364,0.701018,-0.170197,0.681315,0.220411,165.141,-9999.0,6.046,-9999.0
201201151630,201201151700,-9999.0,1.0,17.29,3.136,7.677,0.670785,0.003821,0.643699,0.157085,52.1656,-9999.0,6.108,-9999.0
201201151700,201201151730,-9999.0,1.0,1.998,2.968,7.549,0.666131,-0.003656,0.638056,0.036375,0.0,-9999.0,6.162,-9999.0
201201151730,201201151800,-9999.0,1.0,0.329,2.968,7.549,0.667261,-0.002275,0.639469,0.006713,0.0,-9999.0,6.209,-9999.0
201201151800,201201151830,-9999.0,1.0,0.33,2.968,7.549,0.668391,-0.000895,0.640883,0.006692,0.0,-9999.0,6.246,-9999.0
201201151830,201201151900,-9999.0,1.0,0.33,2.968,7.549,0.669521,0.000486,0.642296,0.006651,0.0,-9999.0,6.271,-9999.0
201201151900,201201151930,-9999.0,1.0,0.331,2.968,7.549,0.670651,0.001867,0.64371,0.006629,0.0,-9999.0,6.283,-9999.0
201201151930,201201152000,-9999.0,1.0,0.331,2.968,7.549,0.67178,0.003248,0.645123,0.006588,0.0,-9999.0,6.287,-9999.0
201201152000,201201152030,-9999.0,1.0,0.331,2.968,7.549,0.67291,0.004628,0.646537,0.006546,0.0,-9999.0,6.287,-9999.0
201201152030,201201152100,-9999.0,1.0,0.331,2.968,7.549,0.67404,0.006009,0.64795,0.006505,0.0,-9999.0,6.278,-9999.0
201201152100,201201152130,-9999.0,1.0,0.331,2.968,7.549,0.67517,0.00739,0.649364,0.006464,0.0,-9999.0,6.265,-9999.0
201201152130,201201152200,-9999.0,1.0,0.329,2.968,7.549,0.6763,0.008771,0.650777,0.006384,0.0,-9999.0,6.245,-9999.0
201201152200,201201152230,-9999.0,1.0,0.327,2.968,7.549,0.67743,0.010151,0.652191,0.006306,0.0,-9999.0,6.22,-9999.0
201201152230,201201152300,-9999.0,1.0,0.329,2.968,7.549,0.67856,0.011532,0.653604,0.006302,0.0,-9999.0,6.193,-9999.0
201201152300,201201152330,-9999.0,1.0,0.295,2.968,7.549,0.67969,0.012913,0.655018,0.005628,0.0,-9999.0,6.161,-9999.0
201201152330,201201160000,-9999.0,1.0,0.0,2.968,7.549,0.680819,0.014293,0.656431,0.0,0.0,-9999.0,6.131,-9999.0
201201160000,201201160030,-9999.0,1.0,0.0,2.968,7.549,0.681949,0.015674,0.657845,0.0,0.0,-9999.0,6.1,-9999.0
201201160030,201201160100,-9999.0,1.0,0.0,2.968,7.549,0.683079,0.017055,0.659258,0.0,0.0,-9999.0,6.067,-9999.0
201201160100,201201160130,-9999.0,1.0,0.037,2.968,7.549,0.684209,0.018435,0.660672,0.000701,0.0,-9999.0,6.036,-9999.0
201201160130,201201160200,-9999.0,1.0,0.021,2.968,7.549,0.685339,0.019816,0.662085,0.000396,0.0,-9999.0,6.008,-9999.0
201201160200,201201160230,-9999.0,1.0,0.006,2.968,7.549,0.686469,0.021197,0.663499,0.000112,0.0,-9999.0,5.981,-9999.0
201201160230,201201160300,-9999.0,1.0,0.0,2.968,7.549,0.687599,0.022578,0.664912,0.0,0.0,-9999.0,5.958,-9999.0
201201160300,201201160330,-9999.0,1.0,0.0,2.968,7.549,0.688729,0.023958,0.666326,0.0,0.0,-9999.0,5.935,-9999.0
201201160330,201201160400,-9999.0,1.0,0.009,2.968,7.549,0.689858,0.025339,0.667739,0.000165,0.0,-9999.0,5.914,-9999.0
201201160400,201201160430,-9999.0,1.0,0.026,2.968,7.549,0.690988,0.02672,0.669153,0.000473,0.0,-9999.0,5.892,-9999.0
201201160430,201201160500,-9999.0,1.0,0.011,2.968,7.549,0.692118,0.028101,0.670566,0.000199,0.0,-9999.0,5.868,-9999.0
201201160500,201201160530,-9999.0,1.0,0.003,2.968,7.549,0.693248,0.029481,0.67198,5.4e-05,0.0,-9999.0,5.843,-9999.0
201201160530,201201160600,-9999.0,1.0,0.0,2.968,7.549,0.694378,0.030862,0.673393,0.0,0.0,-9999.0,5.816,-9999.0
201201160600,201201160630,-9999.0,1.0,0.0,2.968,7.549,0.695508,0.032243,0.674807,0.0,0.0,-9999.0,5.789,-9999.0
201201160630,201201160700,-9999.0,1.0,0.0,2.968,7.549,0.696638,0.033623,0.67622,0.0,0.0,-9999.0,5.76,-9999.0
201201160700,201201160730,-9999.0,1.0,0.463,2.968,7.549,0.697767,0.035004,0.677634,0.007805,0.0,-9999.0,5.732,-9999.0
201201160730,201201160800,-9999.0,1.0,26.22,3.466,8.051,0.722873,-0.121306,0.706025,0.154092,17.0228,-9999.0,5.701,-9999.0
201201160800,201201160830,-9999.0,1.0,122.3,5.742,13.353,0.998516,-0.195638,1.04609,0.239404,120.448,-9999.0,5.674,-9999.0
201201160830,201201160900,-9999.0,1.0,198.2,6.882,13.798,1.02482,-0.160609,1.07993,0.273016,229.0,-9999.0,5.645,-9999.0
201201160900,201201160930,-9999.0,1.0,233.6,6.668,12.914,0.977576,-0.057332,1.0155,0.286106,327.727,-9999.0,5.621,-9999.0
201201160930,201201161000,-9999.0,1.0,321.1,7.609,12.172,0.938775,-0.174618,0.964191,0.316955,414.939,-9999.0,5.598,-9999.0
201201161000,201201161030,-9999.0,1.0,390.8,8.119,12.097,0.936233,0.257283,0.959931,0.339175,489.145,-9999.0,5.578,-9999.0
201201161030,201201161100,-9999.0,1.0,328.7,7.779,12.204,0.943524,-0.126062,0.968123,0.317894,549.073,-9999.0,5.562,-9999.0
201201161100,201201161130,-9999.0,1.0,456.3,8.646,12.785,0.976765,0.22236,1.00931,0.358106,593.7,-9999.0,5.555,-9999.0
201201161130,201201161200,-9999.0,1.0,456.1,8.591,12.768,0.977391,0.22346,1.00888,0.357437,622.261,-9999.0,5.558,-9999.0
201201161200,201201161230,-9999.0,1.0,368.7,7.537,11.545,0.912462,-0.00716,0.926711,0.329032,634.268,-9999.0,5.574,-9999.0
201201161230,201201161300,-9999.0,1.0,223.9,6.119,13.198,1.00437,-0.330055,1.04079,0.275219,629.515,-9999.0,5.599,-9999.0
201201161300,201201161330,-9999.0,1.0,199.2,6.463,13.812,1.04047,-0.132216,1.08592,0.263903,608.084,-9999.0,5.629,-9999.0
201201161330,201201161400,-9999.0,1.0,142.9,5.197,13.575,1.02873,-0.321123,1.06919,0.23704,570.341,-9999.0,5.668,-9999.0
201201161400,201201161430,-9999.0,1.0,104.0,4.701,12.903,0.992691,-0.340716,1.02208,0.214991,516.933,-9999.0,5.713,-9999.0
201201161430,201201161500,-9999.0,1.0,99.6,4.446,12.844,0.990977,-0.381477,1.01872,0.211164,448.772,-9999.0,5.76,-9999.0
201201161500,201201161530,-9999.0,1.0,81.1,4.76,12.469,0.971725,-0.270387,0.993771,0.197996,367.025,-9999.0,5.807,-9999.0
201201161530,201201161600,-9999.0,1.0,67.14,5.061,12.394,0.96911,-0.171302,0.989524,0.186397,273.092,-9999.0,5.853,-9999.0
201201161600,201201161630,-9999.0,1.0,38.0,6.524,8.05,0.742691,-0.010277,0.729399,0.155586,168.578,-9999.0,5.9,39.41
201201161630,201201161700,-9999.0,1.0,14.03,6.189,7.61,0.722214,0.217032,0.707652,0.102759,55.3338,-9999.0,5.941,40.77
201201161700,201201161730,-9999.0,1.0,1.354,5.863,7.15,0.700991,0.228669,0.685511,0.018262,0.0,-9999.0,5.978,42.1
201201161730,201201161800,0.322491,0.0,0.082,5.482,6.703,0.680636,0.359629,0.664659,0.001203,0.0,-9999.0,6.009,44.17
201201161800,201201161830,1.17174,0.0,0.159,4.639,5.591,0.629584,-0.53007,0.613071,0.0023,0.0,-9999.0,6.031,48.98
201201161830,201201161900,1.16927,0.0,0.191,4.215,4.871,0.597809,-0.55299,0.581969,0.002732,0.0,-9999.0,6.045,51.26
201201161900,201201161930,0.472182,0.0,0.154,4.013,4.332,0.574727,0.125564,0.559939,0.002189,0.0,-9999.0,6.055,51.81
201201161930,201201162000,0.295063,0.0,0.136,3.764,4.026,0.562178,0.292714,0.548413,0.001919,0.0,-9999.0,6.054,53.82
201201162000,201201162030,-9999.0,1.0,0.152,2.789,7.866,0.742853,0.071676,0.73078,0.002122,0.0,-9999.0,6.047,-9999.0
201201162030,201201162100,-9999.0,1.0,0.33,2.778,7.924,0.746902,0.075347,0.735198,0.004505,0.0,-9999.0,6.037,-9999.0
201201162100,201201162130,-9999.0,1.0,0.331,2.769,7.949,0.749312,0.077735,0.73789,0.004477,0.0,-9999.0,6.019,-9999.0
201201162130,201201162200,-9999.0,1.0,0.329,2.76,7.967,0.751375,0.079852,0.740216,0.004409,0.0,-9999.0,5.997,-9999.0
201201162200,201201162230,-9999.0,1.0,0.0,2.751,7.984,0.753392,0.081933,0.742487,0.0,0.0,-9999.0,5.967,-9999.0
201201162230,201201162300,-9999.0,1.0,0.0,2.744,7.999,0.755311,0.083938,0.744652,0.0,0.0,-9999.0,5.934,-9999.0
201201162300,201201162330,-9999.0,1.0,0.0,2.737,8.014,0.757232,0.085945,0.746815,0.0,0.0,-9999.0,5.899,-9999.0
201201162330,201201170000,-9999.0,1.0,0.0,2.733,8.031,0.759258,0.088034,0.749081,0.0,0.0,-9999.0,5.861,-9999.0
201201170000,201201170030,-9999.0,1.0,0.0,2.728,8.047,0.761235,0.090085,0.751293,0.0,0.0,-9999.0,5.821,-9999.0
201201170030,201201170100,-9999.0,1.0,0.0,2.72,8.064,0.763267,0.09218,0.753556,0.0,0.0,-9999.0,5.782,-9999.0
201201170100,201201170130,-9999.0,1.0,0.0,2.713,8.077,0.765098,0.094117,0.755609,0.0,0.0,-9999.0,5.742,-9999.0
201201170130,201201170200,-9999.0,1.0,0.0,2.705,8.09,0.766931,0.096056,0.75766,0.0,0.0,-9999.0,5.7,-9999.0
201201170200,201201170230,-9999.0,1.0,0.0,2.694,8.102,0.768715,0.097958,0.759657,0.0,0.0,-9999.0,5.659,-9999.0
201201170230,201201170300,-9999.0,1.0,0.0,2.682,8.11,0.770297,0.099701,0.761446,0.0,0.0,-9999.0,5.619,-9999.0
201201170300,201201170330,-9999.0,1.0,0.0,2.667,8.117,0.771829,0.101405,0.763182,0.0,0.0,-9999.0,5.579,-9999.0
201201170330,201201170400,-9999.0,1.0,0.0,2.651,8.124,0.773363,0.103109,0.764917,0.0,0.0,-9999.0,5.538,-9999.0
201201170400,201201170430,-9999.0,1.0,0.0,2.635,8.123,0.774486,0.104493,0.766238,0.0,0.0,-9999.0,5.498,-9999.0
201201170430,201201170500,-9999.0,1.0,0.0,2.618,8.119,0.775454,0.105755,0.767404,0.0,0.0,-9999.0,5.458,-9999.0
201201170500,201201170530,-9999.0,1.0,0.0,2.601,8.111,0.776215,0.106854,0.768365,0.0,0.0,-9999.0,5.416,-9999.0
201201170530,201201170600,-9999.0,1.0,0.0,2.585,8.099,0.776769,0.10779,0.769122,0.0,0.0,-9999.0,5.377,-9999.0
201201170600,201201170630,-9999.0,1.0,0.0,2.568,8.089,0.777424,0.108805,0.769984,0.0,0.0,-9999.0,5.338,-9999.0
201201170630,201201170700,-9999.0,1.0,0.0,2.552,8.074,0.77782,0.109616,0.770592,0.0,0.0,-9999.0,5.298,-9999.0
201201170700,201201170730,-9999.0,1.0,0.433,2.536,8.056,0.778058,0.110302,0.77105,0.004738,0.0,-9999.0,5.259,-9999.0
201201170730,201201170800,-9999.0,1.0,27.05,2.728,8.629,0.809193,-0.073922,0.801999,0.105518,16.7303,-9999.0,5.219,-9999.0
201201170800,201201170830,-9999.0,1.0,121.3,5.104,13.463,1.08242,-0.150052,1.08418,0.182265,120.185,-9999.0,5.181,-9999.0
201201170830,201201170900,-9999.0,1.0,208.4,6.007,13.724,1.09964,-0.180362,1.10161,0.227153,229.155,-9999.0,5.143,-9999.0
201201170900,201201170930,-9999.0,1.0,284.2,6.989,12.372,1.02128,-0.203672,1.0173,0.261396,328.349,-9999.0,5.106,-9999.0
201201170930,201201171000,-9999.0,1.0,348.2,7.524,11.589,0.977505,-0.042573,0.971236,0.288045,416.068,-9999.0,5.072,-9999.0
201201171000,201201171030,-9999.0,1.0,399.7,5.409,5.549,0.659058,0.621479,0.659319,0.308233,490.812,-9999.0,5.041,40.34
201201171030,201201171100,0.351016,0.0,437.3,5.985,6.348,0.699161,0.361647,0.697597,0.322268,551.303,-9999.0,5.011,37.54
201201171100,201201171130,0.832716,0.0,460.7,6.722,7.44,0.755424,-0.074468,0.751426,0.330583,596.504,-9999.0,4.987,34.92
201201171130,201201171200,0.347983,0.0,472.2,8.379,9.32,0.856142,0.489899,0.848806,0.334333,625.642,-9999.0,4.98,28.6
201201171200,201201171230,-9999.0,1.0,467.9,8.985,9.87,0.887604,0.918175,0.879549,0.332122,638.22,-9999.0,4.984,26.21
201201171230,201201171300,-9999.0,1.0,448.2,9.575,10.6,0.929736,0.780443,0.920831,0.323958,634.022,-9999.0,4.998,25.11
201201171300,201201171330,-9999.0,1.0,414.3,9.981,11.32,0.972178,0.611989,0.962544,0.309922,613.119,-9999.0,5.025,25.59
201201171330,201201171400,0.977179,0.0,369.4,10.44,11.79,1.00085,-0.02646,0.990615,0.290729,575.869,-9999.0,5.068,24.55
201201171400,201201171430,0.738647,0.0,311.4,10.329,11.63,0.993007,0.206748,0.982309,0.264712,522.91,-9999.0,5.124,24.56
201201171430,201201171500,0.48098,0.0,246.9,10.049,11.34,0.977639,0.453378,0.96671,0.233751,455.148,-9999.0,5.188,25.18
201201171500,201201171530,0.472984,0.0,176.4,9.876,11.32,0.977917,0.462166,0.966585,0.196876,373.741,-9999.0,5.255,26.37
201201171530,201201171600,0.621836,0.0,104.8,8.958,10.39,0.926055,0.274327,0.916023,0.154397,280.084,-9999.0,5.321,28.95
201201171600,201201171630,0.287372,0.0,36.14,8.438,9.88,0.898675,0.588258,0.889715,0.099148,175.779,-9999.0,5.383,30.75
201201171630,201201171700,0.4077,0.0,15.49,7.545,9.19,0.861669,0.439741,0.8547,0.066365,62.6098,-9999.0,5.437,35.14
201201171700,201201171730,-9999.0,1.0,2.459,6.159,7.68,0.781495,0.262634,0.780126,0.018185,0.0514225,-9999.0,5.484,41.34
201201171730,201201171800,-9999.0,1.0,0.326,5.347,6.587,0.725867,0.182683,0.729395,0.002739,0.0,-9999.0,5.523,45.11
201201171800,201201171830,-9999.0,1.0,0.305,4.736,5.628,0.678666,0.139716,0.686957,0.002528,0.0,-9999.0,5.548,48.05
201201171830,201201171900,-9999.0,1.0,0.288,2.541,8.051,0.804678,0.095469,0.80249,0.002354,0.0,-9999.0,5.567,-9999.0
201201171900,201201171930,-9999.0,1.0,0.29,2.555,8.067,0.806705,0.101785,0.804656,0.002334,0.0,-9999.0,5.575,-9999.0
201201171930,201201172000,-9999.0,1.0,0.309,2.564,8.079,0.80852,0.100495,0.806622,0.002444,0.0,-9999.0,5.576,-9999.0
201201172000,201201172030,-9999.0,1.0,0.329,2.573,8.09,0.810283,0.088001,0.808538,0.002558,0.0,-9999.0,5.57,-9999.0
201201172030,201201172100,-9999.0,1.0,0.331,2.581,8.096,0.811778,0.065248,0.810208,0.002531,0.0,-9999.0,5.553,-9999.0
201201172100,201201172130,-9999.0,1.0,0.324,2.588,8.098,0.813058,0.041757,0.81168,0.002439,0.0,-9999.0,5.532,-9999.0
201201172130,201201172200,-9999.0,1.0,0.236,2.596,8.1,0.814339,0.039708,0.813152,0.001758,0.0,-9999.0,5.507,-9999.0
201201172200,201201172230,-9999.0,1.0,0.32,2.602,8.104,0.815728,0.046864,0.814722,0.002329,0.0,-9999.0,5.478,-9999.0
201201172230,201201172300,-9999.0,1.0,0.309,2.603,8.105,0.816955,0.029236,0.816145,0.002212,0.0,-9999.0,5.445,-9999.0
201201172300,201201172330,-9999.0,1.0,0.311,2.601,8.103,0.818019,0.030702,0.817422,0.002187,0.0,-9999.0,5.41,-9999.0
201201172330,201201180000,-9999.0,1.0,0.312,2.599,8.101,0.819083,0.036061,0.818698,0.002155,0.0,-9999.0,5.372,-9999.0
201201180000,201201180030,-9999.0,1.0,0.124,2.601,8.103,0.820365,0.037569,0.82017,0.000852,0.0,-9999.0,5.334,-9999.0
201201180030,201201180100,-9999.0,1.0,0.031,2.606,8.114,0.822138,0.039469,0.822077,0.000211,0.0,-9999.0,5.297,-9999.0
201201180100,201201180130,-9999.0,1.0,0.059,2.612,8.126,0.823968,0.032847,0.824031,0.000392,0.0,-9999.0,5.259,-9999.0
201201180130,201201180200,-9999.0,1.0,0.119,2.618,8.132,0.825471,0.034533,0.825693,0.000773,0.0,-9999.0,5.219,-9999.0
201201180200,201201180230,-9999.0,1.0,0.025,2.62,8.131,0.826591,0.030539,0.827017,0.00016,0.0,-9999.0,5.183,-9999.0
201201180230,201201180300,-9999.0,1.0,0.036,2.621,8.128,0.827601,0.026593,0.828244,0.000226,0.0,-9999.0,5.148,-9999.0
201201180300,201201180330,-9999.0,1.0,0.002,2.625,8.127,0.828721,0.018328,0.829568,1.2e-05,0.0,-9999.0,5.116,-9999.0
201201180330,201201180400,-9999.0,1.0,0.0,2.628,8.129,0.830005,0.015314,0.831036,0.0,0.0,-9999.0,5.086,-9999.0
201201180400,201201180430,-9999.0,1.0,0.004,2.631,8.131,0.83129,0.004401,0.832505,2.4e-05,0.0,-9999.0,5.06,-9999.0
201201180430,201201180500,-9999.0,1.0,0.002,2.636,8.134,0.832631,-0.000111,0.83402,1.2e-05,0.0,-9999.0,5.035,-9999.0
201201180500,201201180530,-9999.0,1.0,0.0,2.636,8.131,0.83364,-0.010386,0.835248,0.0,0.0,-9999.0,5.015,-9999.0
201201180530,201201180600,-9999.0,1.0,0.0,2.633,8.102,0.833209,0.001564,0.835237,0.0,0.0,-9999.0,4.998,-9999.0
201201180600,201201180630,-9999.0,1.0,0.0,2.628,8.073,0.832774,5.3e-05,0.835232,0.0,0.0,-9999.0,4.983,-9999.0
201201180630,201201180700,-9999.0,1.0,0.0,2.624,8.045,0.832392,0.003894,0.83528,0.0,0.0,-9999.0,4.968,-9999.0
201201180700,201201180730,-9999.0,1.0,0.135,2.624,8.019,0.832118,-0.001294,0.835427,0.000687,0.0,-9999.0,4.957,-9999.0
201201180730,201201180800,-9999.0,1.0,4.091,2.61,7.988,0.831563,0.001662,0.835343,0.016118,18.643,-9999.0,4.947,-9999.0
201201180800,201201180830,-9999.0,1.0,12.81,2.685,8.028,0.834951,0.005239,0.838613,0.035249,123.809,-9999.0,4.94,-9999.0
201201180830,201201180900,-9999.0,1.0,31.68,2.734,8.213,0.846451,-0.076131,0.84873,0.057842,232.904,-9999.0,4.936,-9999.0
201201180900,201201180930,-9999.0,1.0,82.0,4.414,11.917,1.06622,-0.094002,1.03369,0.096918,332.211,-9999.0,4.934,-9999.0
201201180930,201201181000,-9999.0,1.0,130.0,4.85,13.075,1.14035,-0.202334,1.09528,0.12769,420.03,-9999.0,4.937,-9999.0
201201181000,201201181030,-9999.0,1.0,167.6,4.891,13.421,1.16404,-0.20801,1.11436,0.149882,494.86,-9999.0,4.941,-9999.0
201201181030,201201181100,-9999.0,1.0,167.6,4.891,13.421,1.16566,-0.206175,1.115,0.14877,555.419,-9999.0,4.949,-9999.0
201201181100,201201181130,-9999.0,1.0,176.6,5.108,13.292,1.15899,-0.244113,1.10881,0.15311,600.672,-9999.0,4.962,-9999.0
201201181130,201201181200,-9999.0,1.0,309.8,7.231,12.701,1.12289,0.019377,1.07861,0.226983,629.844,-9999.0,4.989,-9999.0
201201181200,201201181230,-9999.0,1.0,381.7,7.613,12.129,1.08838,0.404253,1.04998,0.262838,642.436,-9999.0,5.022,-9999.0
201201181230,201201181300,-9999.0,1.0,418.4,7.633,11.837,1.07163,0.325906,1.03604,0.280006,638.233,-9999.0,5.063,-9999.0
201201181300,201201181330,-9999.0,1.0,330.2,6.882,12.005,1.08361,0.107696,1.04546,0.23514,617.306,-9999.0,5.114,-9999.0
201201181330,201201181400,-9999.0,1.0,323.8,6.593,11.865,1.07634,0.087001,1.0393,0.230957,580.014,-9999.0,5.178,-9999.0
201201181400,201201181430,-9999.0,1.0,302.2,6.926,12.226,1.10051,-0.018962,1.05839,0.218598,526.994,-9999.0,5.253,-9999.0
201201181430,201201181500,-9999.0,1.0,242.8,5.748,13.113,1.15867,-0.043865,1.10426,0.184674,459.154,-9999.0,5.334,-9999.0
201201181500,201201181530,-9999.0,1.0,177.3,4.862,13.498,1.18523,-0.277961,1.12463,0.144766,377.655,-9999.0,5.417,-9999.0
201201181530,201201181600,-9999.0,1.0,106.5,4.627,12.917,1.1492,-0.069827,1.09572,0.098074,283.891,-9999.0,5.498,-9999.0
201201181600,201201181630,-9999.0,1.0,42.33,2.726,8.284,0.868235,-0.050169,0.872492,0.050374,179.467,-9999.0,5.572,-9999.0
201201181630,201201181700,-9999.0,1.0,18.32,2.675,7.986,0.852397,0.039799,0.860142,0.027862,66.1686,-9999.0,5.64,-9999.0
201201181700,201201181730,-9999.0,1.0,2.77,2.601,7.96,0.85208,0.033828,0.860335,0.006189,0.201448,-9999.0,5.699,-9999.0
201201181730,201201181800,-9999.0,1.0,0.251,2.574,7.94,0.85618,0.037389,0.860806,0.000604,0.0,-9999.0,5.748,-9999.0
201201181800,201201181830,-9999.0,1.0,0.318,2.58,7.924,0.860497,0.034002,0.861463,0.000723,0.0,-9999.0,5.787,-9999.0
201201181830,201201181900,-9999.0,1.0,0.303,2.583,7.906,0.864687,0.0379,0.862031,0.000651,0.0,-9999.0,5.815,-9999.0
201201181900,201201181930,-9999.0,1.0,0.32,2.581,7.88,0.8684,0.041414,0.862239,0.000647,0.0,-9999.0,5.832,-9999.0
201201181930,201201182000,-9999.0,1.0,0.331,2.563,7.873,0.873207,0.04168,0.863312,0.000628,0.0,-9999.0,5.84,-9999.0
201201182000,201201182030,-9999.0,1.0,0.33,2.55,7.87,0.878245,0.032806,0.864568,0.000584,0.0,-9999.0,5.837,-9999.0
201201182030,201201182100,-9999.0,1.0,0.331,2.543,7.843,0.88186,0.024312,0.864739,0.000545,0.0,-9999.0,5.835,-9999.0
201201182100,201201182130,-9999.0,1.0,0.331,2.537,7.82,0.885696,0.043011,0.865096,0.000503,0.0,-9999.0,5.823,-9999.0
201201182130,201201182200,-9999.0,1.0,0.326,2.535,7.804,0.889936,0.057081,0.865771,0.000455,0.0,-9999.0,5.807,-9999.0
201201182200,201201182230,-9999.0,1.0,0.327,2.535,7.804,0.895126,0.061785,0.867167,0.000416,0.0,-9999.0,5.784,-9999.0
201201182230,201201182300,-9999.0,1.0,0.326,2.527,7.816,0.901042,0.06707,0.869102,0.000374,0.0,-9999.0,5.758,-9999.0
201201182300,201201182330,-9999.0,1.0,0.322,2.515,7.823,0.906662,0.072118,0.87081,0.000329,0.0,-9999.0,5.728,-9999.0
201201182330,201201190000,-9999.0,1.0,0.331,2.505,7.835,0.912594,0.077414,0.872742,0.000296,0.0,-9999.0,5.693,-9999.0
201201190000,201201190030,-9999.0,1.0,0.326,2.487,7.84,0.918103,0.060149,0.874359,0.000251,0.0,-9999.0,5.66,-9999.0
201201190030,201201190100,-9999.0,1.0,0.326,2.47,7.845,0.923616,0.056534,0.875366,0.000251,0.0,-9999.0,5.626,-9999.0
201201190100,201201190130,-9999.0,1.0,0.304,2.457,7.856,0.929506,0.061795,0.876647,0.000234,0.0,-9999.0,5.587,-9999.0
201201190130,201201190200,-9999.0,1.0,0.298,2.447,7.873,0.93578,0.067362,0.878206,0.00023,0.0,-9999.0,5.549,-9999.0
201201190200,201201190230,-9999.0,1.0,0.289,2.438,7.891,0.94213,0.072987,0.87982,0.000223,0.0,-9999.0,5.51,-9999.0
201201190230,201201190300,-9999.0,1.0,0.32,2.422,7.901,0.947985,0.078218,0.881076,0.000247,0.0,-9999.0,5.47,-9999.0
201201190300,201201190330,-9999.0,1.0,0.2,2.406,7.911,0.953847,0.078427,0.882337,0.000154,0.0,-9999.0,5.43,-9999.0
201201190330,201201190400,-9999.0,1.0,0.154,2.393,7.925,0.959974,0.069322,0.88379,0.000119,0.0,-9999.0,5.389,-9999.0
201201190400,201201190430,-9999.0,1.0,0.012,2.379,7.94,0.966175,0.057156,0.885298,9e-06,0.0,-9999.0,5.349,-9999.0
201201190430,201201190500,-9999.0,1.0,0.087,2.366,7.956,0.972452,0.050372,0.88686,6.7e-05,0.0,-9999.0,5.308,-9999.0
201201190500,201201190530,-9999.0,1.0,0.32,2.358,7.981,0.979329,0.056409,0.888858,0.000247,0.0,-9999.0,5.267,-9999.0
201201190530,201201190600,-9999.0,1.0,0.184,2.358,7.981,0.984581,0.061158,0.889678,0.000142,0.0,-9999.0,5.227,-9999.0
201201190600,201201190630,-9999.0,1.0,0.062,2.358,7.981,0.989833,0.065906,0.890497,4.8e-05,0.0,-9999.0,5.187,-9999.0
201201190630,201201190700,-9999.0,1.0,0.0,2.358,7.981,0.995085,0.070655,0.891317,0.0,0.0,-9999.0,5.149,-9999.0
201201190700,201201190730,-9999.0,1.0,0.498,2.358,7.981,1.00034,0.075403,0.892136,0.000384,0.0,-9999.0,5.114,-9999.0
201201190730,201201190800,-9999.0,1.0,4.703,2.38,7.977,1.00532,0.088294,0.892761,0.003617,20.7242,-9999.0,5.077,-9999.0
201201190800,201201190830,-9999.0,1.0,23.3,2.589,8.051,1.01557,0.072874,0.897209,0.017774,127.553,-9999.0,5.044,-9999.0
201201190830,201201190900,-9999.0,1.0,103.7,4.525,12.263,1.32412,0.061142,1.11383,0.076493,236.775,-9999.0,5.015,-9999.0
201201190900,201201190930,-9999.0,1.0,76.6,4.495,11.7,1.28831,0.193698,1.08607,0.057161,336.197,-9999.0,4.989,-9999.0
201201190930,201201191000,-9999.0,1.0,339.9,6.679,11.69,1.29418,0.120317,1.08749,0.229744,424.118,-9999.0,4.969,-9999.0
201201191000,201201191030,-9999.0,2.0,370.6,1.673,6.312,0.919811,1.41982,0.814923,0.248282,499.035,-9999.0,4.956,82.5
201201191030,201201191100,-9999.0,2.0,363.7,2.518,7.73,1.0198,1.50033,0.885269,0.244671,559.664,-9999.0,4.946,76.1
201201191100,201201191130,-9999.0,2.0,270.1,3.698,9.46,1.14747,0.011004,0.974688,0.187935,604.97,-9999.0,4.953,68.78
201201191130,201201191200,-1.42607,0.0,434.7,5.413,11.44,1.30143,2.66242,1.08166,0.286846,634.175,-9999.0,4.971,59.96
201201191200,201201191230,-9999.0,1.0,278.1,6.041,12.19,1.3663,0.832566,1.1248,0.193493,646.782,-9999.0,5.001,57.48
201201191230,201201191300,-9999.0,1.0,197.1,6.072,12.38,1.38813,0.258005,1.13752,0.14118,642.574,-9999.0,5.041,57.79
201201191300,201201191330,-0.372714,0.0,282.8,6.521,12.83,1.43103,1.70806,1.16511,0.196999,621.623,-9999.0,5.091,55.99
201201191330,201201191400,1.1466,0.0,208.7,5.952,12.99,1.45105,0.204323,1.1766,0.149196,584.287,-9999.0,5.152,60.25
201201191400,201201191430,1.51847,0.0,214.2,5.676,13.01,1.45981,-0.160292,1.18016,0.153007,531.206,-9999.0,5.221,62.14
201201191430,201201191500,-0.002364,0.0,165.7,5.197,12.79,1.44897,1.35332,1.16985,0.120411,463.288,-9999.0,5.296,64.83
201201191500,201201191530,2.35453,0.0,130.8,4.832,12.49,1.43152,-1.01571,1.1548,0.096249,381.694,-9999.0,5.375,66.65
201201191530,201201191600,0.874709,0.0,77.7,4.562,12.22,1.41645,0.447877,1.14137,0.058255,287.821,-9999.0,5.455,67.95
201201191600,201201191630,-9999.0,1.0,49.47,3.899,11.78,1.38752,0.36204,1.11799,0.037466,183.276,-9999.0,5.535,71.8
201201191630,201201191700,-0.29615,0.0,12.99,3.844,11.35,1.35944,1.56671,1.09509,0.009965,69.8457,-9999.0,5.611,71.4
201201191700,201201191730,-9999.0,1.0,1.163,2.377,7.941,1.10243,0.174645,0.906376,0.000896,0.461096,-9999.0,5.682,-9999.0
201201191730,201201191800,-9999.0,1.0,0.0,3.104,10.04,1.26782,0.278664,1.02344,0.0,0.0,-9999.0,5.748,74.8
201201191800,201201191830,1.83153,0.0,0.007,2.945,9.68,1.24555,-0.65933,1.0044,5e-06,0.0,-9999.0,5.804,75.5
201201191830,201201191900,2.16376,0.0,0.095,2.992,9.26,1.21863,-1.01595,0.981937,7.3e-05,0.0,-9999.0,5.854,74.4
201201191900,201201191930,1.25553,0.0,0.092,2.969,8.86,1.19332,-0.130808,0.960575,7.1e-05,0.0,-9999.0,5.895,73.9
201201191930,201201192000,0.758627,0.0,0.095,2.755,8.69,1.18575,0.356337,0.952075,7.3e-05,0.0,-9999.0,5.93,75.5
201201192000,201201192030,0.717823,0.0,0.065,2.43,8.63,1.18661,0.39372,0.949707,5e-05,0.0,-9999.0,5.962,78.3
201201192030,201201192100,-9999.0,1.0,0.025,2.334,9.24,1.23989,0.140162,0.985495,1.9e-05,0.0,-9999.0,5.989,80.0
201201192100,201201192130,-9999.0,1.0,0.047,2.088,9.57,1.27191,0.056488,1.0058,3.6e-05,0.0,-9999.0,6.008,82.5
201201192130,201201192200,-0.52257,0.0,0.0,2.249,10.42,1.3469,1.73833,1.05731,0.0,0.0,-9999.0,6.027,82.2
201201192200,201201192230,0.878631,0.0,0.0,2.736,11.1,1.40974,0.377385,1.09996,0.0,0.0,-9999.0,6.044,79.3
201201192230,201201192300,1.06657,0.0,0.0,2.664,10.99,1.40686,0.182945,1.09498,0.0,0.0,-9999.0,6.059,79.7
201201192300,201201192330,-9999.0,1.0,0.009,2.539,10.42,1.36532,0.19579,1.0619,7e-06,0.0,-9999.0,6.073,79.9
201201192330,201201200000,-9999.0,1.0,0.0,2.421,10.39,1.36894,0.194053,1.0616,0.0,0.0,-9999.0,6.089,80.8
201201200000,201201200030,1.02481,0.0,0.0,2.222,10.24,1.36248,0.180508,1.05395,0.0,0.0,-9999.0,6.105,82.2
201201200030,201201200100,0.843094,0.0,0.0,1.872,9.94,1.3434,0.344659,1.0371,0.0,0.0,-9999.0,6.119,84.7
201201200100,201201200130,0.737638,0.0,0.0,1.613,9.7,1.3293,0.436119,1.02384,0.0,0.0,-9999.0,6.129,86.6
201201200130,201201200200,-9999.0,1.0,0.0,1.458,9.59,1.32597,0.063232,1.01844,0.0,0.0,-9999.0,6.141,87.8
201201200200,201201200230,-9999.0,1.0,0.003,1.389,9.49,1.32343,0.057439,1.0136,2e-06,0.0,-9999.0,6.149,88.3
201201200230,201201200300,-9999.0,1.0,0.0,1.209,9.33,1.31582,0.10915,1.00504,0.0,0.0,-9999.0,6.157,89.7
201201200300,201201200330,-9999.0,1.0,0.0,0.982,8.75,1.26782,0.061493,0.970903,0.0,0.0,-9999.0,6.166,91.3
201201200330,201201200400,-9999.0,1.0,0.0,0.726,8.58,1.25396,-0.004892,0.961635,0.0,0.0,-9999.0,6.173,93.5
201201200400,201201200430,0.695221,0.0,0.0,0.598,9.01,1.28947,0.438639,0.988885,0.0,0.0,-9999.0,6.178,94.8
201201200430,201201200500,1.85832,0.0,0.0,0.379,9.01,1.28957,-0.724433,0.989989,0.0,0.0,-9999.0,6.183,96.7
201201200500,201201200530,-9999.0,1.0,0.0,0.226,8.76,1.26901,0.028775,0.975642,0.0,0.0,-9999.0,6.189,98.0
201201200530,201201200600,-9999.0,1.0,0.0,0.115,8.97,1.28644,0.08847,0.989707,0.0,0.0,-9999.0,6.198,99.0
201201200600,201201200630,-9999.0,1.0,0.0,0.105,9.2,1.30564,0.101801,1.00523,0.0,0.0,-9999.0,6.211,99.1
201201200630,201201200700,-9999.0,1.0,0.0,0.107,9.45,1.32664,0.116341,1.02225,0.0,0.0,-9999.0,6.224,99.1
201201200700,201201200730,-9999.0,1.0,0.062,0.119,9.5,1.33094,0.126826,1.02669,4.8e-05,0.0,-9999.0,6.24,99.0
201201200730,201201200800,0.08204,0.0,2.335,0.145,9.72,1.34958,1.09325,1.04214,0.001799,20.5847,-9999.0,6.258,98.8
201201200800,201201200830,-9999.0,1.0,13.43,0.312,9.67,1.34545,0.224738,1.0402,0.010323,127.622,-9999.0,6.276,97.4
201201200830,201201200900,0.733956,0.0,44.8,0.334,9.56,1.33628,0.432057,1.03433,0.034241,237.268,-9999.0,6.295,97.2
201201200900,201201200930,-0.396658,0.0,89.4,0.348,9.65,1.34396,1.56794,1.04149,0.067816,337.163,-9999.0,6.313,97.1
201201200930,201201201000,2.41589,0.0,175.4,0.746,10.96,1.45655,-1.1675,1.13061,0.131276,425.597,-9999.0,6.333,94.3
201201201000,201201201030,-9999.0,2.0,409.3,2.017,13.07,1.6456,2.16193,1.28102,0.296646,501.058,-9999.0,6.35,86.6
201201201030,201201201100,-9999.0,1.0,296.3,3.493,14.46,1.77513,0.031343,1.38617,0.218362,562.254,-9999.0,6.371,78.8
201201201100,201201201130,-9999.0,1.0,353.3,4.058,14.67,1.79514,1.00711,1.40502,0.258804,608.138,-9999.0,6.403,75.7
201201201130,201201201200,2.53435,0.0,447.3,5.544,16.02,1.92502,-0.977247,1.51247,0.324503,637.925,-9999.0,6.448,69.56
201201201200,201201201230,1.0371,0.0,447.0,6.72,16.73,1.99472,0.564486,1.57248,0.324931,651.106,-9999.0,6.501,64.73
201201201230,201201201300,0.452032,0.0,156.0,6.466,16.24,1.94676,1.11889,1.53716,0.117648,647.454,-9999.0,6.564,64.99
201201201300,201201201330,-9999.0,1.0,422.6,6.926,16.69,1.99107,-0.186569,1.57706,0.309197,627.033,-9999.0,6.633,63.56
201201201330,201201201400,1.26339,0.0,153.9,7.413,16.64,1.98629,0.332662,1.57689,0.116269,590.191,-9999.0,6.709,60.87
201201201400,201201201430,2.49574,0.0,223.8,7.629,16.3,1.95305,-0.920951,1.55311,0.167848,537.56,-9999.0,6.788,58.85
201201201430,201201201500,2.82598,0.0,177.3,6.589,15.61,1.88609,-1.29421,1.50103,0.133795,470.039,-9999.0,6.872,62.86
201201201500,201201201530,1.92991,0.0,183.5,5.691,15.63,1.88816,-0.396861,1.50607,0.1385,388.785,-9999.0,6.951,67.96
201201201530,201201201600,2.58775,0.0,91.1,4.649,15.03,1.83061,-1.09192,1.46115,0.069493,295.186,-9999.0,7.03,72.8
201201201600,201201201630,-9999.0,1.0,39.62,4.612,13.97,1.73047,0.290019,1.3801,0.030402,190.845,-9999.0,7.1,71.1
201201201630,201201201700,-9999.0,1.0,18.58,4.084,13.26,1.66464,0.467822,1.32736,0.014291,77.5477,-9999.0,7.17,73.2
201201201700,201201201730,-9999.0,1.0,3.339,2.302,12.01,1.5511,0.400467,1.23412,0.002572,1.3872,-9999.0,7.22,83.6
201201201730,201201201800,-9999.0,1.0,0.285,1.32,10.93,1.45562,0.187952,1.15566,0.00022,0.0,-9999.0,7.26,89.9
201201201800,201201201830,-9999.0,1.0,0.112,0.749,10.24,1.39598,0.261863,1.10699,8.6e-05,0.0,-9999.0,7.3,94.0
201201201830,201201201900,2.36713,0.0,0.107,0.597,9.57,1.33907,-1.19998,1.06035,8.2e-05,0.0,-9999.0,7.31,95.0
201201201900,201201201930,-9999.0,1.0,0.029,0.619,9.53,1.33579,0.129236,1.05877,2.2e-05,0.0,-9999.0,7.33,94.8
201201201930,201201202000,-9999.0,1.0,0.001,1.052,9.6,1.34179,0.064813,1.06504,1e-06,0.0,-9999.0,7.33,91.2
201201202000,201201202030,-9999.0,1.0,0.007,0.854,8.87,1.28088,0.114804,1.01436,5e-06,0.0,-9999.0,7.32,92.5
201201202030,201201202100,-9999.0,1.0,0.072,0.687,8.47,1.24806,-0.012372,0.987376,5.5e-05,0.0,-9999.0,7.31,93.8
201201202100,201201202130,-9999.0,1.0,0.182,0.534,8.24,1.2294,-0.000105,0.972308,0.00014,0.0,-9999.0,7.3,95.1
201201202130,201201202200,-9999.0,1.0,0.236,0.6,7.97,1.20763,-0.018729,0.954483,0.000182,0.0,-9999.0,7.29,94.4
201201202200,201201202230,2.79471,0.0,0.258,0.425,7.14,1.14162,-1.76648,0.898676,0.000199,0.0,-9999.0,7.28,95.8
201201202230,201201202300,-9999.0,1.0,0.26,0.279,6.927,1.12501,-0.213041,0.884973,0.0002,0.0,-9999.0,7.26,97.2
201201202300,201201202330,-9999.0,1.0,0.289,0.247,6.797,1.11496,-0.083132,0.876816,0.000223,0.0,-9999.0,7.24,97.5
201201202330,201201210000,2.02215,0.0,0.327,0.236,6.153,1.06546,-1.04879,0.834695,0.000252,0.0,-9999.0,7.22,97.5
201201210000,201201210030,-9999.0,1.0,0.331,0.15,5.146,0.990115,-0.020158,0.770348,0.000255,0.0,-9999.0,7.2,98.3
201201210030,201201210100,0.67964,0.0,0.32,0.054,5.331,1.00385,0.248753,0.78061,0.000244,0.0,-9999.0,7.17,99.4
201201210100,201201210130,2.07807,0.0,0.261,0.052,4.992,0.978953,-1.16801,0.757872,0.000197,0.0,-9999.0,7.15,99.4
201201210130,201201210200,-9999.0,1.0,0.326,0.051,4.59,0.9498,0.030214,0.731608,0.000243,0.0,-9999.0,7.12,99.4
201201210200,201201210230,-9999.0,1.0,0.327,0.008,4.602,0.950735,0.030877,0.730953,0.000242,0.0,-9999.0,7.08,99.9
201201210230,201201210300,-9999.0,1.0,0.323,0.033,4.185,0.920922,0.023597,0.704271,0.000236,0.0,-9999.0,7.05,99.6
201201210300,201201210330,-9999.0,1.0,0.291,0.008,3.687,0.885906,-0.006902,0.673346,0.00021,0.0,-9999.0,7.02,99.9
201201210330,201201210400,-9999.0,1.0,0.218,2.581,8.111,1.22009,0.177795,0.957794,0.000156,0.0,-9999.0,6.975,-9999.0
201201210400,201201210430,-9999.0,1.0,0.331,2.581,8.111,1.22017,0.177821,0.956264,0.000234,0.0,-9999.0,6.933,-9999.0
201201210430,201201210500,-9999.0,1.0,0.331,2.581,8.111,1.22026,0.177846,0.954734,0.000231,0.0,-9999.0,6.889,-9999.0
201201210500,201201210530,-9999.0,1.0,0.33,2.581,8.111,1.22035,0.177872,0.953204,0.000228,0.0,-9999.0,6.844,-9999.0
201201210530,201201210600,-9999.0,1.0,0.331,2.581,8.111,1.22044,0.177898,0.951674,0.000226,0.0,-9999.0,6.796,-9999.0
201201210600,201201210630,-9999.0,1.0,0.33,2.581,8.111,1.22053,0.177924,0.950144,0.000223,0.0,-9999.0,6.75,-9999.0
201201210630,201201210700,-9999.0,1.0,0.262,2.581,8.111,1.22062,0.177949,0.948614,0.000175,0.0,-9999.0,6.702,-9999.0
201201210700,201201210730,-9999.0,1.0,0.776,2.581,8.111,1.22071,0.177975,0.947083,0.000511,0.0,-9999.0,6.655,-9999.0
201201210730,201201210800,-9999.0,1.0,12.47,2.642,8.104,1.22023,0.182086,0.945062,0.008106,22.9018,-9999.0,6.606,-9999.0
201201210800,201201210830,-9999.0,1.0,85.2,4.421,11.694,1.5262,0.184334,1.21205,0.054585,131.594,-9999.0,6.56,-9999.0
201201210830,201201210900,-9999.0,1.0,178.5,5.357,12.741,1.62083,0.111432,1.29482,0.112632,241.371,-9999.0,6.515,-9999.0
201201210900,201201210930,-9999.0,1.0,236.6,6.155,12.097,1.56254,0.423834,1.24101,0.147162,341.386,-9999.0,6.471,-9999.0
201201210930,201201211000,-9999.0,1.0,314.4,6.989,11.253,1.48741,0.535502,1.17252,0.192622,429.926,-9999.0,6.429,-9999.0
201201211000,201201211030,-9999.0,1.0,378.2,6.979,11.02,1.46701,0.72092,1.15278,0.228292,505.476,-9999.0,6.389,-9999.0
201201211030,201201211100,-9999.0,1.0,423.6,7.362,10.841,1.45144,0.685872,1.13734,0.25201,566.746,-9999.0,6.351,-9999.0
201201211100,201201211130,-9999.0,1.0,452.9,7.52,10.791,1.44718,0.658281,1.13189,0.265631,612.684,-9999.0,6.327,-9999.0
201201211130,201201211200,-9999.0,1.0,453.2,7.467,10.764,1.44493,0.65671,1.12822,0.262213,642.507,-9999.0,6.318,-9999.0
201201211200,201201211230,-9999.0,1.0,444.9,7.38,10.674,1.43719,0.651409,1.11972,0.253943,655.704,-9999.0,6.325,-9999.0
201201211230,201201211300,-9999.0,1.0,425.8,7.203,10.742,1.44322,0.87943,1.12335,0.239794,652.048,-9999.0,6.344,-9999.0
201201211300,201201211330,-9999.0,1.0,392.3,6.487,10.267,1.40216,1.27427,1.08557,0.218021,631.602,-9999.0,6.378,-9999.0
201201211330,201201211400,-9999.0,1.0,361.5,6.642,10.462,1.41911,0.79209,1.09877,0.198206,594.716,-9999.0,6.431,-9999.0
201201211400,201201211430,-9999.0,1.0,303.7,6.657,11.299,1.49244,0.660781,1.16174,0.164368,542.022,-9999.0,6.497,-9999.0
201201211430,201201211500,-9999.0,1.0,252.0,6.125,11.881,1.54437,0.332312,1.20609,0.134577,474.421,-9999.0,6.575,-9999.0
201201211500,201201211530,-9999.0,1.0,180.2,5.332,12.711,1.61962,0.12922,1.27147,0.09499,393.069,-9999.0,6.657,-9999.0
201201211530,201201211600,-9999.0,1.0,112.4,4.914,12.687,1.61754,0.233078,1.26791,0.058464,299.359,-9999.0,6.743,-9999.0
201201211600,201201211630,-9999.0,1.0,47.54,3.075,8.618,1.26377,0.168196,0.955227,0.024392,194.893,-9999.0,6.823,-9999.0
201201211630,201201211700,-9999.0,1.0,21.81,2.887,8.188,1.22865,0.153929,0.923383,0.011024,81.4603,-9999.0,6.899,-9999.0
201201211700,201201211730,-9999.0,1.0,3.723,2.601,8.105,1.22199,0.186053,0.916063,0.001853,2.0261,-9999.0,6.964,-9999.0
201201211730,201201211800,-9999.0,1.0,0.1,2.604,8.122,1.22346,0.179143,0.915716,4.9e-05,0.0,-9999.0,7.02,-9999.0
201201211800,201201211830,-9999.0,1.0,0.0,2.621,8.127,1.22396,0.179454,0.914534,0.0,0.0,-9999.0,7.06,-9999.0
201201211830,201201211900,-9999.0,1.0,0.039,2.635,8.13,1.22429,0.179651,0.913212,1.8e-05,0.0,-9999.0,7.09,-9999.0
201201211900,201201211930,-9999.0,1.0,0.171,2.644,8.126,1.22405,0.179448,0.911403,8e-05,0.0,-9999.0,7.11,-9999.0
201201211930,201201212000,-9999.0,1.0,0.222,2.65,8.115,1.22325,0.178846,0.909108,0.000102,0.0,-9999.0,7.12,-9999.0
201201212000,201201212030,-9999.0,1.0,0.257,2.654,8.101,1.2222,0.197204,0.906605,0.000116,0.0,-9999.0,7.12,-9999.0
201201212030,201201212100,-9999.0,1.0,0.274,2.656,8.081,1.22066,0.196088,0.903688,0.000121,0.0,-9999.0,7.12,-9999.0
201201212100,201201212130,-9999.0,1.0,0.218,2.655,8.055,1.21864,0.19463,0.900357,9.5e-05,0.0,-9999.0,7.11,-9999.0
201201212130,201201212200,-9999.0,1.0,0.263,2.653,8.027,1.21646,0.209626,0.896892,0.000112,0.0,-9999.0,7.09,-9999.0
201201212200,201201212230,-9999.0,1.0,0.247,2.653,8.027,1.21655,0.209652,0.895365,0.000103,0.0,-9999.0,7.08,-9999.0
201201212230,201201212300,-9999.0,1.0,0.038,2.65,8.0,1.21445,0.208138,0.891974,1.6e-05,0.0,-9999.0,7.06,-9999.0
201201212300,201201212330,-9999.0,1.0,0.0,2.649,7.974,1.21243,0.206681,0.888655,0.0,0.0,-9999.0,7.04,-9999.0
201201212330,201201220000,-9999.0,1.0,0.0,2.646,7.948,1.21042,0.205226,0.88534,0.0,0.0,-9999.0,7.02,-9999.0
201201220000,201201220030,-9999.0,1.0,0.0,2.646,7.948,1.2105,0.205251,0.883815,0.0,0.0,-9999.0,6.998,-9999.0
201201220030,201201220100,-9999.0,1.0,0.0,2.644,7.92,1.20833,0.203682,0.880367,0.0,0.0,-9999.0,6.977,-9999.0
201201220100,201201220130,-9999.0,1.0,0.0,2.644,7.92,1.20842,0.203707,0.878842,0.0,0.0,-9999.0,6.96,-9999.0
201201220130,201201220200,-9999.0,1.0,0.002,2.642,7.895,1.20648,0.202309,0.875605,1e-06,0.0,-9999.0,6.942,-9999.0
201201220200,201201220230,-9999.0,1.0,0.012,2.643,7.873,1.20479,0.208578,0.872576,4e-06,0.0,-9999.0,6.927,-9999.0
201201220230,201201220300,-9999.0,1.0,0.015,2.643,7.873,1.20488,0.208604,0.871053,5e-06,0.0,-9999.0,6.914,-9999.0
201201220300,201201220330,-9999.0,1.0,0.051,2.643,7.873,1.20497,0.208629,0.86953,1.7e-05,0.0,-9999.0,6.903,-9999.0
201201220330,201201220400,-9999.0,1.0,0.018,2.643,7.873,1.20506,0.208655,0.868007,6e-06,0.0,-9999.0,6.888,-9999.0
201201220400,201201220430,-9999.0,1.0,0.0,2.643,7.873,1.20514,0.20868,0.866485,0.0,0.0,-9999.0,6.871,-9999.0
201201220430,201201220500,-9999.0,1.0,0.0,2.643,7.873,1.20523,0.208705,0.864962,0.0,0.0,-9999.0,6.857,-9999.0
201201220500,201201220530,-9999.0,1.0,0.0,2.643,7.873,1.20532,0.208731,0.863439,0.0,0.0,-9999.0,6.84,-9999.0
201201220530,201201220600,-9999.0,1.0,0.0,2.643,7.873,1.20541,0.208756,0.861916,0.0,0.0,-9999.0,6.825,-9999.0
201201220600,201201220630,-9999.0,1.0,0.0,2.643,7.873,1.20549,0.208781,0.860394,0.0,0.0,-9999.0,6.814,-9999.0
201201220630,201201220700,-9999.0,1.0,0.0,2.643,7.873,1.20558,0.208807,0.858871,0.0,0.0,-9999.0,6.803,-9999.0
201201220700,201201220730,-9999.0,1.0,0.437,2.643,7.873,1.20567,0.208832,0.857348,0.000119,0.0,-9999.0,6.801,-9999.0
201201220730,201201220800,-9999.0,1.0,3.965,2.66,7.871,1.20559,0.215536,0.855689,0.00105,25.4162,-9999.0,6.799,-9999.0
201201220800,201201220830,-9999.0,1.0,18.08,2.779,7.904,1.20835,0.222727,0.856413,0.004642,135.68,-9999.0,6.8,-9999.0
201201220830,201201220900,-9999.0,1.0,36.86,3.06,8.158,1.22906,0.19488,0.872277,0.009163,245.59,-9999.0,6.804,-9999.0
201201220900,201201220930,-9999.0,1.0,68.53,0.696,10.73,1.44647,0.833543,1.05723,0.016472,345.725,-9999.0,6.811,94.6
201201220930,201201221000,-9999.0,1.0,85.4,1.454,11.38,1.50386,0.237964,1.10574,0.019833,434.372,-9999.0,6.821,89.2
201201221000,201201221030,-9999.0,1.0,111.0,1.976,11.98,1.55765,0.108807,1.15144,0.024872,510.014,-9999.0,6.834,85.9
201201221030,201201221100,-9999.0,1.0,134.0,2.351,12.42,1.59762,-0.091809,1.18515,0.028934,571.357,-9999.0,6.852,83.7
201201221100,201201221130,0.493648,0.0,229.8,2.845,12.99,1.64997,0.879854,1.23009,0.047653,617.352,-9999.0,6.88,81.0
201201221130,201201221200,1.08057,0.0,207.1,3.33,13.51,1.69832,0.3247,1.27172,0.041321,647.21,-9999.0,6.918,78.5
201201221200,201201221230,1.17388,0.0,101.3,3.247,13.41,1.68912,0.225307,1.26174,0.019461,660.423,-9999.0,6.965,78.9
201201221230,201201221300,-9999.0,1.0,157.9,3.255,13.52,1.6995,-0.036211,1.26935,0.029024,656.762,-9999.0,7.02,79.0
201201221300,201201221330,-9999.0,1.0,181.5,3.554,13.95,1.73993,0.103404,1.30407,0.03189,636.292,-9999.0,7.07,77.7
201201221330,201201221400,0.919203,0.0,210.7,3.987,14.27,1.77028,0.532882,1.32984,0.035309,599.362,-9999.0,7.13,75.5
201201221400,201201221430,1.01163,0.0,128.7,3.89,14.21,1.76473,0.436792,1.32308,0.020588,546.604,-9999.0,7.2,76.0
201201221430,201201221500,1.14437,0.0,121.6,3.964,14.18,1.76202,0.302238,1.31891,0.018483,478.921,-9999.0,7.26,75.5
201201221500,201201221530,1.41156,0.0,107.5,3.814,14.1,1.75458,0.030156,1.31045,0.015486,397.471,-9999.0,7.33,76.3
201201221530,201201221600,2.05393,0.0,97.8,3.762,14.15,1.75943,-0.609101,1.31313,0.01331,303.647,-9999.0,7.4,76.7
201201221600,201201221630,1.48944,0.0,54.08,3.335,13.82,1.72845,-0.064868,1.2834,0.006936,199.055,-9999.0,7.46,78.9
201201221630,201201221700,-9999.0,1.0,21.26,2.957,7.982,1.21616,0.189668,0.83579,0.002559,85.4852,-9999.0,7.52,-9999.0
201201221700,201201221730,-9999.0,1.0,4.078,2.66,7.871,1.20725,0.216018,0.826759,0.000458,2.81385,-9999.0,7.58,-9999.0
201201221730,201201221800,-9999.0,1.0,0.128,2.643,7.873,1.2075,0.209365,0.825371,1.3e-05,0.0,-9999.0,7.63,-9999.0
201201221800,201201221830,-9999.0,1.0,0.048,2.643,7.873,1.20759,0.20939,0.823849,5e-06,0.0,-9999.0,7.68,-9999.0
201201221830,201201221900,-9999.0,1.0,0.093,2.643,7.873,1.20768,0.209416,0.822326,8e-06,0.0,-9999.0,7.71,-9999.0
201201221900,201201221930,-9999.0,1.0,0.122,2.643,7.873,1.20776,0.209441,0.820803,1e-05,0.0,-9999.0,7.74,-9999.0
201201221930,201201222000,-9999.0,1.0,0.017,2.643,7.873,1.20785,0.209466,0.819281,1e-06,0.0,-9999.0,7.75,-9999.0
201201222000,201201222030,-9999.0,1.0,0.017,2.643,7.873,1.20794,0.209492,0.817758,1e-06,0.0,-9999.0,7.76,-9999.0
201201222030,201201222100,-9999.0,1.0,0.005,2.643,7.873,1.20802,0.209517,0.816235,0.0,0.0,-9999.0,7.75,-9999.0
201201222100,201201222130,-9999.0,1.0,0.0,2.643,7.873,1.20811,0.209542,0.814712,0.0,0.0,-9999.0,7.75,-9999.0
201201222130,201201222200,-9999.0,1.0,0.0,2.643,7.873,1.2082,0.209568,0.81319,0.0,0.0,-9999.0,7.73,-9999.0
201201222200,201201222230,-9999.0,1.0,0.001,2.643,7.873,1.20829,0.209593,0.811667,0.0,0.0,-9999.0,7.71,-9999.0
201201222230,201201222300,-9999.0,1.0,0.005,2.643,7.873,1.20837,0.209619,0.810144,0.0,0.0,-9999.0,7.69,-9999.0
201201222300,201201222330,-9999.0,1.0,0.004,2.643,7.873,1.20846,0.209644,0.808622,0.0,0.0,-9999.0,7.67,-9999.0
201201222330,201201230000,-9999.0,1.0,0.008,2.643,7.873,1.20855,0.209669,0.807099,0.0,0.0,-9999.0,7.64,-9999.0
201201230000,201201230030,-9999.0,1.0,0.044,2.643,7.873,1.20864,0.209695,0.805576,0.0,0.0,-9999.0,7.62,-9999.0
201201230030,201201230100,-9999.0,1.0,0.0,2.643,7.873,1.20872,0.20972,0.803523,0.0,0.0,-9999.0,7.6,-9999.0
201201230100,201201230130,-9999.0,1.0,0.0,2.643,7.873,1.20881,0.209745,0.801471,0.0,0.0,-9999.0,7.57,-9999.0
201201230130,201201230200,-9999.0,1.0,0.0,2.643,7.873,1.2089,0.209771,0.799418,0.0,0.0,-9999.0,7.55,-9999.0
201201230200,201201230230,-9999.0,1.0,0.0,2.643,7.873,1.20899,0.209796,0.797365,0.0,0.0,-9999.0,7.53,-9999.0
201201230230,201201230300,-9999.0,1.0,0.0,2.643,7.873,1.20907,0.209822,0.795313,0.0,0.0,-9999.0,7.52,-9999.0
201201230300,201201230330,-9999.0,1.0,0.0,2.643,7.873,1.20916,0.209847,0.79326,0.0,0.0,-9999.0,7.51,-9999.0
201201230330,201201230400,-9999.0,1.0,0.0,2.643,7.873,1.20925,0.209872,0.791207,0.0,0.0,-9999.0,7.5,-9999.0
201201230400,201201230430,-9999.0,1.0,0.0,2.643,7.873,1.20933,0.209898,0.789155,0.0,0.0,-9999.0,7.5,-9999.0
201201230430,201201230500,-9999.0,1.0,0.0,2.643,7.873,1.20942,0.209923,0.787102,0.0,0.0,-9999.0,7.5,-9999.0
201201230500,201201230530,-9999.0,1.0,0.0,2.643,7.873,1.20951,0.209948,0.78505,0.0,0.0,-9999.0,7.5,-9999.0
201201230530,201201230600,-9999.0,1.0,0.0,2.643,7.873,1.2096,0.209974,0.782997,0.0,0.0,-9999.0,7.5,-9999.0
201201230600,201201230630,-9999.0,1.0,0.0,2.643,7.873,1.20968,0.209999,0.780944,0.0,0.0,-9999.0,7.5,-9999.0
201201230630,201201230700,-9999.0,1.0,0.0,2.643,7.873,1.20977,0.210025,0.778892,0.0,0.0,-9999.0,7.5,-9999.0
201201230700,201201230730,-9999.0,1.0,0.537,2.643,7.873,1.20986,0.21005,0.776839,1.2e-05,0.0,-9999.0,7.51,-9999.0
201201230730,201201230800,-9999.0,1.0,6.884,2.66,7.871,1.20978,0.216753,0.774656,0.000157,28.1305,-9999.0,7.51,-9999.0
201201230800,201201230830,-9999.0,1.0,25.07,2.967,8.026,1.22247,0.208461,0.782671,0.000553,139.876,-9999.0,7.51,-9999.0
201201230830,201201230900,-9999.0,1.0,58.23,4.908,11.077,1.48196,0.40141,0.992952,0.001161,249.92,-9999.0,7.51,-9999.0
201201230900,201201230930,-9999.0,1.0,83.3,0.074,9.96,1.38461,0.789466,0.90963,0.001581,350.178,-9999.0,7.51,99.4
201201230930,201201231000,-9999.0,1.0,100.8,4.965,12.138,1.57726,0.161988,1.06786,0.001886,438.933,-9999.0,7.51,-9999.0
201201231000,201201231030,-9999.0,1.0,134.1,4.902,12.95,1.65176,0.094171,1.12843,0.002347,514.667,-9999.0,7.52,-9999.0
201201231030,201201231100,-9999.0,1.0,144.7,1.016,12.51,1.6114,-0.099574,1.09115,0.002568,576.085,-9999.0,7.53,93.0
201201231100,201201231130,-9999.0,1.0,171.0,1.967,13.39,1.69288,-0.013643,1.15771,0.002931,622.136,-9999.0,7.55,87.2
201201231130,201201231200,-9999.0,1.0,178.2,3.287,14.04,1.7541,0.01967,1.20731,0.003126,652.031,-9999.0,7.58,79.5
201201231200,201201231230,0.8496,0.0,205.5,4.07,14.34,1.78271,0.608353,1.22889,0.003484,665.26,-9999.0,7.62,75.1
201201231230,201201231300,3.23057,0.0,290.2,5.127,15.03,1.84901,-1.72984,1.28322,0.004171,661.595,-9999.0,7.67,70.0
201201231300,201201231330,1.59433,0.0,240.0,6.583,15.58,1.90253,-0.05931,1.32663,0.004033,641.099,-9999.0,7.72,62.82
201201231330,201201231400,1.22858,0.0,157.0,7.566,15.69,1.91341,0.313346,1.33277,0.003446,604.124,-9999.0,7.78,57.57
201201231400,201201231430,1.22899,0.0,136.7,7.706,15.58,1.9028,0.306103,1.3201,0.003321,551.302,-9999.0,7.84,56.48
201201231430,201201231500,-9999.0,1.0,99.6,7.413,15.46,1.89124,0.135351,1.30667,0.002858,483.536,-9999.0,7.9,57.81
201201231500,201201231530,-9999.0,1.0,63.9,4.977,11.129,1.48795,0.347183,0.963801,0.002193,401.987,-9999.0,7.97,-9999.0
201201231530,201201231600,-9999.0,1.0,45.5,3.086,8.33,1.24869,0.222775,0.770849,0.001755,308.049,-9999.0,8.03,-9999.0
201201231600,201201231630,-9999.0,1.0,22.27,2.931,7.982,1.22029,0.190868,0.746714,0.000997,203.329,-9999.0,8.08,-9999.0
201201231630,201201231700,-9999.0,1.0,6.944,3.525,14.1,1.76105,0.323737,1.18206,0.000349,89.6205,-9999.0,8.13,78.1
201201231700,201201231730,0.257207,0.0,1.205,3.135,13.77,1.72999,1.16598,1.15278,6.5e-05,3.75381,-9999.0,8.18,80.1
201201231730,201201231800,-9999.0,1.0,0.128,2.704,13.47,1.70195,0.491743,1.12625,7e-06,0.0,-9999.0,8.22,82.5
201201231800,201201231830,-9999.0,1.0,0.17,2.41,13.18,1.67501,0.474038,1.10085,1e-05,0.0,-9999.0,8.26,84.1
201201231830,201201231900,-9999.0,1.0,0.18,2.175,12.91,1.65009,0.637058,1.0773,1.1e-05,0.0,-9999.0,8.29,85.4
201201231900,201201231930,-9999.0,1.0,0.153,2.018,12.74,1.63451,0.626746,1.06159,9e-06,0.0,-9999.0,8.31,86.3
201201231930,201201232000,-9999.0,1.0,0.155,1.874,12.65,1.62635,0.588954,1.05202,1e-05,0.0,-9999.0,8.33,87.2
201201232000,201201232030,-9999.0,1.0,0.19,1.737,12.1,1.5762,0.522569,1.0084,1.2e-05,0.0,-9999.0,8.35,87.7
201201232030,201201232100,-9999.0,1.0,0.171,1.535,11.25,1.49989,0.168692,0.944426,1.1e-05,0.0,-9999.0,8.36,88.5
201201232100,201201232130,-9999.0,1.0,0.315,1.54,10.53,1.43648,0.16866,0.891675,2.1e-05,0.0,-9999.0,8.37,87.9
201201232130,201201232200,-9999.0,1.0,0.329,1.562,10.26,1.41306,0.187431,0.87083,2.2e-05,0.0,-9999.0,8.38,87.5
201201232200,201201232230,-9999.0,1.0,0.323,1.696,10.12,1.40103,0.179201,0.858989,2.3e-05,0.0,-9999.0,8.38,86.3
201201232230,201201232300,-9999.0,1.0,0.284,1.815,10.08,1.39767,0.168423,0.853925,2e-05,0.0,-9999.0,8.39,85.3
201201232300,201201232330,-9999.0,1.0,0.17,2.115,10.46,1.43078,0.173901,0.877131,1.2e-05,0.0,-9999.0,8.39,83.3
201201232330,201201240000,-9999.0,1.0,0.114,2.016,10.38,1.4239,0.159786,0.869287,8e-06,0.0,-9999.0,8.39,84.0
201201240000,201201240030,-9999.0,1.0,0.048,1.655,10.42,1.42749,0.170991,0.869558,4e-06,0.0,-9999.0,8.39,86.9
201201240030,201201240100,-9999.0,1.0,0.077,1.692,9.97,1.38857,0.171292,0.837133,6e-06,0.0,-9999.0,8.39,86.2
201201240100,201201240130,-9999.0,1.0,0.102,1.436,9.99,1.3904,0.172496,0.83609,8e-06,0.0,-9999.0,8.38,88.3
201201240130,201201240200,-9999.0,1.0,0.054,1.103,9.8,1.37415,0.16136,0.821281,4e-06,0.0,-9999.0,8.38,90.9
201201240200,201201240230,-9999.0,1.0,0.237,0.891,9.31,1.33247,0.113209,0.787398,2e-05,0.0,-9999.0,8.38,92.4
201201240230,201201240300,-9999.0,1.0,0.127,0.462,9.1,1.31482,0.101014,0.771856,1.1e-05,0.0,-9999.0,8.37,96.0
201201240300,201201240330,-9999.0,1.0,0.092,0.302,9.16,1.31997,0.104529,0.773398,8e-06,0.0,-9999.0,8.36,97.4
201201240330,201201240400,-9999.0,1.0,0.26,0.237,8.05,1.22787,0.014212,0.703193,2.3e-05,0.0,-9999.0,8.34,97.8
201201240400,201201240430,-9999.0,1.0,0.21,0.073,7.54,1.18658,-0.069026,0.67114,1.9e-05,0.0,-9999.0,8.32,99.3
201201240430,201201240500,-9999.0,1.0,0.309,0.069,6.83,1.13013,-0.015983,0.628741,2.8e-05,0.0,-9999.0,8.3,99.3
201201240500,201201240530,-9999.0,1.0,0.249,0.01,6.279,1.0872,0.101102,0.596555,2.3e-05,0.0,-9999.0,8.27,99.9
201201240530,201201240600,-9999.0,1.0,0.143,0.036,6.53,1.10678,0.046978,0.608377,1.3e-05,0.0,-9999.0,8.24,99.6339
201201240600,201201240630,-9999.0,1.0,0.33,0.037,5.777,1.04884,0.101077,0.566196,3.1e-05,0.0,-9999.0,8.2,99.6033
201201240630,201201240700,-9999.0,1.0,0.327,0.0,5.214,1.00649,0.06701,0.535416,3.2e-05,0.0,-9999.0,8.16,100.0
201201240700,201201240730,-9999.0,1.0,0.525,0.0,5.583,1.03428,0.090472,0.552597,5.2e-05,0.0,-9999.0,8.12,100.0
201201240730,201201240800,-9999.0,1.0,6.29,0.0,5.815,1.05196,0.103236,0.562889,0.000606,28.2422,-9999.0,8.09,100.0
201201240800,201201240830,-9999.0,1.0,23.42,0.0,6.519,1.10632,-0.038693,0.59846,0.002083,140.362,-9999.0,8.06,100.0
201201240830,201201240900,-9999.0,1.0,45.8,0.119,6.573,1.11061,-0.021317,0.599512,0.003698,250.836,-9999.0,8.03,98.7777
201201240900,201201240930,-9999.0,1.0,56.17,0.0,6.924,1.13828,0.195128,0.616737,0.004389,351.572,-9999.0,8.0,100.0
201201240930,201201241000,-9999.0,1.0,99.6,0.0,7.91,1.2175,-0.085312,0.670175,0.006603,440.846,-9999.0,7.98,100.0
201201241000,201201241030,-9999.0,1.0,160.8,0.121,9.42,1.34334,-0.054305,0.75796,0.008785,517.131,-9999.0,7.96,98.972
201201241030,201201241100,-9999.0,1.0,163.6,1.053,10.98,1.47891,-0.223332,0.854936,0.008992,579.121,-9999.0,7.95,91.9674
201201241100,201201241130,-9999.0,1.0,163.4,0.945,12.08,1.57115,0.099699,0.926271,0.009117,625.755,-9999.0,7.95,93.3
201201241130,201201241200,-9999.0,1.0,198.0,2.396,12.99,1.64757,0.310226,0.987025,0.010137,656.236,-9999.0,7.96,84.0
201201241200,201201241230,-9999.0,1.0,210.8,3.3,13.3,1.66922,-0.02895,1.00626,0.010571,670.042,-9999.0,7.98,78.4
201201241230,201201241300,-9999.0,1.0,370.1,5.88,15.24,1.84422,-0.404468,1.14702,0.013214,666.937,-9999.0,8.01,66.06
201201241300,201201241330,1.17627,0.0,174.4,5.924,15.11,1.8241,0.313578,1.1339,0.009953,646.974,-9999.0,8.04,65.52
201201241330,201201241400,1.31275,0.0,84.9,5.98,14.83,1.78998,0.154129,1.10956,0.006671,610.495,-9999.0,8.09,64.56
201201241400,201201241430,-9999.0,1.0,89.7,5.674,14.12,1.71633,-0.002831,1.05382,0.007008,558.123,-9999.0,8.14,64.79
201201241430,201201241500,3.62285,0.0,163.0,7.745,14.83,1.77479,-2.1675,1.10328,0.010017,490.756,-9999.0,8.19,54.1
201201241500,201201241530,0.411042,0.0,194.8,10.692,15.4,1.82043,1.07307,1.14314,0.011054,409.544,-9999.0,8.24,38.91
201201241530,201201241600,0.85987,0.0,92.2,11.027,15.07,1.78185,0.598411,1.11497,0.007414,315.879,-9999.0,8.28,35.65
201201241600,201201241630,1.04099,0.0,73.1,10.492,14.69,1.73913,0.388686,1.08348,0.006431,211.363,-9999.0,8.32,37.25
201201241630,201201241700,0.963209,0.0,19.89,7.977,13.9,1.65993,0.413809,1.02287,0.002282,97.7837,-9999.0,8.35,49.79
201201241700,201201241730,0.715276,0.0,7.26,6.613,12.8,1.5553,0.591715,0.942749,0.000905,6.06963,-9999.0,8.38,55.28
201201241730,201201241800,2.54319,0.0,0.21,5.95,11.86,1.46749,-1.29578,0.876734,2.8e-05,0.0,-9999.0,8.39,57.2
201201241800,201201241830,1.22679,0.0,0.095,6.729,11.37,1.4197,-0.012396,0.842148,1.3e-05,0.0,-9999.0,8.4,50.0
201201241830,201201241900,-9999.0,1.0,0.311,5.596,10.28,1.32362,0.192905,0.771029,4.2e-05,0.0,-9999.0,8.4,55.29
201201241900,201201241930,-9999.0,1.0,0.328,4.486,9.26,1.23633,0.119891,0.70755,4.5e-05,0.0,-9999.0,8.4,61.62
201201241930,201201242000,-9999.0,1.0,0.329,3.982,8.5,1.17188,-0.008715,0.661743,4.5e-05,0.0,-9999.0,8.39,64.13
201201242000,201201242030,1.2382,0.0,0.33,3.885,7.93,1.12346,-0.231808,0.628049,4.6e-05,0.0,-9999.0,8.37,63.62
201201242030,201201242100,0.847432,0.0,0.273,3.833,7.77,1.10648,0.146302,0.617314,3.9e-05,0.0,-9999.0,8.35,63.72
201201242100,201201242130,0.397577,0.0,0.15,4.017,7.87,1.10891,0.597307,0.620675,2.1e-05,0.0,-9999.0,8.32,62.23
201201242130,201201242200,1.00796,0.0,0.225,3.69,7.61,1.08472,-0.030888,0.604679,3.2e-05,0.0,-9999.0,8.29,64.69
201201242200,201201242230,1.20164,0.0,0.305,3.438,6.967,1.03327,-0.262051,0.569055,4.4e-05,0.0,-9999.0,8.26,65.62
201201242230,201201242300,0.750255,0.0,0.327,2.982,6.292,0.980933,0.150871,0.533144,4.8e-05,0.0,-9999.0,8.22,68.76
201201242300,201201242330,0.50609,0.0,0.297,2.732,5.76,0.939809,0.364439,0.505463,4.4e-05,0.0,-9999.0,8.18,70.3
201201242330,201201250000,-9999.0,1.0,0.086,2.961,5.767,0.935947,0.010386,0.504037,1.3e-05,0.0,-9999.0,8.13,67.83
201201250000,201201250030,-9999.0,1.0,0.0,3.325,6.313,0.968861,-0.002932,0.528678,0.0,0.0,-9999.0,8.09,65.22
201201250030,201201250100,1.27319,0.0,0.0,3.287,6.162,0.954026,-0.393791,0.519557,0.0,0.0,-9999.0,8.04,65.25
201201250100,201201250130,-9999.0,1.0,0.0,3.304,5.58,0.910446,-0.009902,0.49004,0.0,0.0,-9999.0,8.0,63.63
201201250130,201201250200,-9999.0,1.0,0.282,2.902,4.943,0.864437,-0.057372,0.459046,4.2e-05,0.0,-9999.0,7.95,66.61
201201250200,201201250230,0.897611,0.0,0.293,2.528,4.352,0.822656,-0.117065,0.43125,4.3e-05,0.0,-9999.0,7.91,69.68
201201250230,201201250300,1.30841,0.0,0.161,2.513,4.072,0.801259,-0.54446,0.417627,2.3e-05,0.0,-9999.0,7.86,69.26
201201250300,201201250330,0.451456,0.0,0.0,2.633,4.391,0.817287,0.324124,0.429785,0.0,0.0,-9999.0,7.81,68.51
201201250330,201201250400,1.14599,0.0,0.0,2.504,4.285,0.806781,-0.378784,0.423628,0.0,0.0,-9999.0,7.77,69.83
201201250400,201201250430,0.686849,0.0,0.05,2.497,4.219,0.798827,0.073898,0.419228,7e-06,0.0,-9999.0,7.72,69.77
201201250430,201201250500,0.737534,0.0,0.243,2.235,3.73,0.765261,-0.002684,0.397118,3.4e-05,0.0,-9999.0,7.67,72.0
201201250500,201201250530,0.175347,0.0,0.259,2.126,3.592,0.753299,0.549945,0.389928,3.5e-05,0.0,-9999.0,7.63,73.1
201201250530,201201250600,0.932286,0.0,0.008,1.884,3.433,0.740224,-0.217424,0.381965,1e-06,0.0,-9999.0,7.58,75.9
201201250600,201201250630,0.622224,0.0,0.0,1.978,3.547,0.743288,0.094551,0.385084,0.0,0.0,-9999.0,7.53,74.9
201201250630,201201250700,1.16166,0.0,0.0,2.495,3.887,0.759673,-0.432825,0.397506,0.0,0.0,-9999.0,7.48,69.09
201201250700,201201250730,0.662152,0.0,0.98,2.945,4.392,0.78602,0.086201,0.417177,0.000127,0.0,-9999.0,7.43,64.78
201201250730,201201250800,1.09624,0.0,31.74,3.155,4.39,0.781984,-0.351387,0.415511,0.003422,31.2369,-9999.0,7.38,62.27
201201250800,201201250830,-9999.0,1.0,126.7,3.624,5.345,0.835972,-0.486273,0.455732,0.009097,144.769,-9999.0,7.33,59.46
201201250830,201201250900,-9999.0,1.0,217.7,4.171,6.263,0.888983,-0.378534,0.496507,0.011763,255.38,-9999.0,7.28,56.21
201201250900,201201250930,0.484693,0.0,299.4,4.84,7.12,0.939211,0.375043,0.5364,0.013161,356.241,-9999.0,7.23,52.1
201201250930,201201251000,-0.040933,0.0,367.1,5.347,7.55,0.962314,0.91686,0.556204,0.013903,445.626,-9999.0,7.18,48.62
201201251000,201201251030,-9999.0,2.0,422.6,6.393,8.17,0.998031,0.877167,0.586385,0.014304,522.005,-9999.0,7.14,41.11
201201251030,201201251100,-9999.0,1.0,462.3,6.807,8.46,1.01207,0.030605,0.599813,0.014464,584.071,-9999.0,7.11,38.52
201201251100,201201251130,0.960807,0.0,488.1,7.406,9.12,1.05083,-0.023307,0.633611,0.014473,630.763,-9999.0,7.08,36.03
201201251130,201201251200,1.59245,0.0,505.5,8.395,9.75,1.0879,-0.629413,0.666839,0.014402,661.282,-9999.0,7.07,30.5
201201251200,201201251230,0.596297,0.0,504.5,8.928,10.29,1.11906,0.387937,0.695853,0.014198,675.105,-9999.0,7.07,28.71
201201251230,201201251300,-9999.0,1.0,484.9,9.128,10.39,1.12003,0.242324,0.699631,0.013863,671.997,-9999.0,7.08,27.6
201201251300,201201251330,-9999.0,1.0,458.6,7.536,11.351,1.18041,0.292944,0.755003,0.013472,652.009,-9999.0,7.09,-9999.0
201201251330,201201251400,-9999.0,1.0,412.1,6.328,11.386,1.17659,0.441103,0.755026,0.012894,615.484,-9999.0,7.12,-9999.0
201201251400,201201251430,-9999.0,1.0,354.9,9.671,10.93,1.13898,1.0929,0.725333,0.012148,563.048,-9999.0,7.14,26.01
201201251430,201201251500,0.925211,0.0,288.0,9.435,10.7,1.11728,0.052907,0.709573,0.011148,495.597,-9999.0,7.18,26.7
201201251500,201201251530,0.992443,0.0,213.3,8.868,10.12,1.07256,-0.046992,0.67374,0.00974,414.285,-9999.0,7.22,28.38
201201251530,201201251600,0.72089,0.0,141.9,8.588,9.74,1.04185,0.201561,0.650133,0.007867,320.504,-9999.0,7.26,28.85
201201251600,201201251630,1.10398,0.0,59.87,8.259,9.26,1.00525,-0.208755,0.621505,0.004462,215.858,-9999.0,7.29,29.33
201201251630,201201251700,0.454966,0.0,20.88,7.994,8.85,0.973788,0.416564,0.597345,0.001853,102.138,-9999.0,7.32,29.68
201201251700,201201251730,0.470959,0.0,5.81,7.178,7.77,0.90186,0.347795,0.539376,0.000552,7.48469,-9999.0,7.34,32.05
201201251730,201201251800,1.28857,0.0,0.273,6.448,6.796,0.83898,-0.516681,0.48993,2.6e-05,0.0,-9999.0,7.35,34.75
201201251800,201201251830,-9999.0,1.0,0.182,5.875,6.039,0.790784,0.064811,0.453089,1.7e-05,0.0,-9999.0,7.36,37.36
201201251830,201201251900,-9999.0,1.0,0.201,4.941,4.777,0.716612,-0.190732,0.396624,1.9e-05,0.0,-9999.0,7.35,42.49
201201251900,201201251930,-9999.0,1.0,0.204,2.446,7.991,0.895051,-0.079224,0.543005,1.9e-05,0.0,-9999.0,7.34,-9999.0
201201251930,201201252000,-9999.0,1.0,0.331,2.446,7.991,0.889986,-0.084211,0.541115,3e-05,0.0,-9999.0,7.31,-9999.0
201201252000,201201252030,-9999.0,1.0,0.259,3.93,3.585,0.642549,-0.033687,0.344452,2.3e-05,0.0,-9999.0,7.28,50.26
201201252030,201201252100,-0.037274,0.0,0.0,4.179,4.139,0.667164,0.67446,0.364403,0.0,0.0,-9999.0,7.25,49.13
201201252100,201201252130,0.234711,0.0,0.0,4.36,4.341,0.673728,0.406332,0.370859,0.0,0.0,-9999.0,7.21,47.68
201201252130,201201252200,-9999.0,1.0,0.0,2.446,7.991,0.872006,-0.104158,0.533555,0.0,0.0,-9999.0,7.17,-9999.0
201201252200,201201252230,-9999.0,1.0,0.258,2.446,7.991,0.869222,-0.109145,0.531665,2.1e-05,0.0,-9999.0,7.12,-9999.0
201201252230,201201252300,-9999.0,1.0,0.0,2.446,7.991,0.866438,-0.114132,0.529775,0.0,0.0,-9999.0,7.07,-9999.0
201201252300,201201252330,-9999.0,1.0,0.0,2.446,7.991,0.863653,-0.119119,0.527884,0.0,0.0,-9999.0,7.02,-9999.0
201201252330,201201260000,-9999.0,1.0,0.0,2.446,7.991,0.860869,-0.124105,0.525994,0.0,0.0,-9999.0,6.97,-9999.0
201201260000,201201260030,-9999.0,1.0,0.295,2.446,7.991,0.858085,-0.129092,0.524104,2.2e-05,0.0,-9999.0,6.918,-9999.0
201201260030,201201260100,-9999.0,1.0,0.199,2.446,7.991,0.8553,-0.134079,0.522214,1.5e-05,0.0,-9999.0,6.866,-9999.0
201201260100,201201260130,-9999.0,1.0,0.262,2.446,7.991,0.852516,-0.139066,0.520324,1.9e-05,0.0,-9999.0,6.814,-9999.0
201201260130,201201260200,-9999.0,1.0,0.259,2.446,7.991,0.849732,-0.144053,0.518434,1.8e-05,0.0,-9999.0,6.76,-9999.0
201201260200,201201260230,-9999.0,1.0,0.099,2.446,7.991,0.846947,-0.149039,0.516544,7e-06,0.0,-9999.0,6.709,-9999.0
201201260230,201201260300,-9999.0,1.0,0.04,2.446,7.991,0.844163,-0.154026,0.514654,3e-06,0.0,-9999.0,6.656,-9999.0
201201260300,201201260330,-9999.0,1.0,0.0,2.446,7.991,0.841378,-0.159013,0.512764,0.0,0.0,-9999.0,6.6,-9999.0
201201260330,201201260400,-9999.0,1.0,0.0,2.446,7.991,0.838594,-0.164,0.510874,0.0,0.0,-9999.0,6.545,-9999.0
201201260400,201201260430,-9999.0,1.0,0.0,2.446,7.991,0.83581,-0.168987,0.508984,0.0,0.0,-9999.0,6.49,-9999.0
201201260430,201201260500,-9999.0,1.0,0.0,2.446,7.991,0.833025,-0.173973,0.507094,0.0,0.0,-9999.0,6.435,-9999.0
201201260500,201201260530,-9999.0,1.0,0.0,2.446,7.991,0.830241,-0.17896,0.505204,0.0,0.0,-9999.0,6.381,-9999.0
201201260530,201201260600,-9999.0,1.0,0.0,2.446,7.991,0.827457,-0.183947,0.503314,0.0,0.0,-9999.0,6.327,-9999.0
201201260600,201201260630,-9999.0,1.0,0.0,2.446,7.991,0.824672,-0.188934,0.501424,0.0,0.0,-9999.0,6.273,-9999.0
201201260630,201201260700,-9999.0,1.0,0.222,2.446,7.991,0.821888,-0.193921,0.499534,1.2e-05,0.0,-9999.0,6.221,-9999.0
201201260700,201201260730,-9999.0,1.0,1.532,2.484,7.996,0.819377,-0.190711,0.497887,8.2e-05,0.0,-9999.0,6.168,-9999.0
201201260730,201201260800,-9999.0,1.0,41.45,2.859,8.35,0.835974,-0.242733,0.513429,0.001735,34.4596,-9999.0,6.119,-9999.0
201201260800,201201260830,-9999.0,1.0,140.2,4.821,12.9,1.0984,-0.558166,0.769792,0.003848,149.28,-9999.0,6.071,-9999.0
201201260830,201201260900,-9999.0,1.0,232.3,6.06,12.301,1.05812,-0.242753,0.729901,0.004744,260.029,-9999.0,6.019,-9999.0
201201260900,201201260930,-9999.0,1.0,306.9,6.928,11.281,0.993675,0.179653,0.666222,0.005106,361.015,-9999.0,5.966,-9999.0
201201260930,201201261000,-9999.0,1.0,373.6,6.608,10.974,0.972299,0.403439,0.646259,0.005264,450.511,-9999.0,5.917,-9999.0
201201261000,201201261030,-9999.0,2.0,428.8,4.918,6.195,0.708863,0.005335,0.404422,0.005291,526.985,-9999.0,5.875,48.13
201201261030,201201261100,-9999.0,1.0,472.0,5.985,7.28,0.762087,-0.647199,0.450895,0.005235,589.129,-9999.0,5.835,41.42
201201261100,201201261130,-9999.0,1.0,498.9,7.074,8.38,0.817627,-0.38756,0.501484,0.005113,635.879,-9999.0,5.803,35.76
201201261130,201201261200,-9999.0,1.0,510.1,8.229,9.58,0.880174,-0.181237,0.560919,0.004943,666.436,-9999.0,5.792,31.09
201201261200,201201261230,-9999.0,1.0,504.5,8.819,10.28,0.916103,-0.024361,0.596742,0.004733,680.277,-9999.0,5.79,29.54
201201261230,201201261300,0.370161,0.0,487.4,9.477,10.95,0.950756,0.365185,0.632314,0.004497,677.164,-9999.0,5.805,27.59
201201261300,201201261330,0.853598,0.0,456.5,9.964,11.39,0.972532,-0.108733,0.655688,0.004229,657.151,-9999.0,5.83,26.06
201201261330,201201261400,0.414563,0.0,359.8,9.797,11.27,0.962228,0.320248,0.646568,0.003768,620.581,-9999.0,5.867,26.72
201201261400,201201261430,0.727002,0.0,356.8,9.802,11.17,0.953128,-0.001489,0.638663,0.003579,568.08,-9999.0,5.915,26.19
201201261430,201201261500,0.599413,0.0,290.2,9.939,11.32,0.958218,0.125352,0.645249,0.00317,500.545,-9999.0,5.969,25.9
201201261500,201201261530,0.871504,0.0,215.8,9.763,11.02,0.937893,-0.162729,0.625839,0.00267,419.132,-9999.0,6.028,25.75
201201261530,201201261600,0.683694,0.0,143.5,9.392,10.67,0.915041,0.007634,0.603954,0.00207,325.234,-9999.0,6.089,26.89
201201261600,201201261630,0.299257,0.0,46.07,8.9,10.14,0.882674,0.368975,0.572702,0.000914,220.457,-9999.0,6.149,28.22
201201261630,201201261700,-0.0593054,0.0,18.99,7.783,9.11,0.82434,0.688814,0.516618,0.000405,106.596,-9999.0,6.201,32.73
201201261700,201201261730,0.235771,0.0,5.97,7.128,8.27,0.777685,0.361996,0.473136,0.000128,9.08986,-9999.0,6.245,34.78
201201261730,201201261800,-9999.0,1.0,0.393,6.505,7.32,0.726923,-0.301729,0.427027,8e-06,0.0,-9999.0,6.282,36.5
201201261800,201201261830,-9999.0,1.0,0.331,5.352,5.99,0.659742,-0.230364,0.368093,6e-06,0.0,-9999.0,6.309,42.74
201201261830,201201261900,-9999.0,1.0,0.32,4.869,5.39,0.62923,-0.346814,0.342409,6e-06,0.0,-9999.0,6.322,45.7
201201261900,201201261930,-9999.0,1.0,0.32,2.421,7.925,0.748969,-0.291925,0.449193,5e-06,0.0,-9999.0,6.327,-9999.0
201201261930,201201262000,-9999.0,1.0,0.331,2.418,7.92,0.745948,-0.299136,0.447076,5e-06,0.0,-9999.0,6.325,-9999.0
201201262000,201201262030,-9999.0,1.0,0.213,2.418,7.915,0.742928,-0.307302,0.444959,3e-06,0.0,-9999.0,6.316,-9999.0
201201262030,201201262100,-9999.0,1.0,0.17,2.419,7.905,0.739663,-0.312561,0.44261,2e-06,0.0,-9999.0,6.3,-9999.0
201201262100,201201262130,-9999.0,1.0,0.121,2.421,7.893,0.736303,-0.317873,0.440172,1e-06,0.0,-9999.0,6.277,-9999.0
201201262130,201201262200,-9999.0,1.0,0.32,2.422,7.875,0.732653,-0.353499,0.437458,3e-06,0.0,-9999.0,6.247,-9999.0
201201262200,201201262230,-9999.0,1.0,0.096,2.42,7.851,0.728716,-0.359487,0.434472,1e-06,0.0,-9999.0,6.215,-9999.0
201201262230,201201262300,-9999.0,1.0,0.001,2.418,7.828,0.724839,-0.361178,0.431538,0.0,0.0,-9999.0,6.181,-9999.0
201201262300,201201262330,-9999.0,1.0,0.002,2.417,7.809,0.721164,-0.366652,0.428792,0.0,0.0,-9999.0,6.144,-9999.0
201201262330,201201270000,-9999.0,1.0,0.058,2.417,7.789,0.717449,-0.372144,0.426004,0.0,0.0,-9999.0,6.106,-9999.0
201201270000,201201270030,-9999.0,1.0,0.0,2.419,7.771,0.713837,-0.374454,0.423312,0.0,0.0,-9999.0,6.067,-9999.0
201201270030,201201270100,-9999.0,1.0,0.002,2.423,7.754,0.710281,-0.380904,0.428371,0.0,0.0,-9999.0,6.026,-9999.0
201201270100,201201270130,-9999.0,1.0,0.0,2.429,7.739,0.706826,-0.389916,0.433499,0.0,0.0,-9999.0,5.988,-9999.0
201201270130,201201270200,-9999.0,1.0,0.003,2.437,7.725,0.703424,-0.395209,0.43865,1e-06,0.0,-9999.0,5.951,-9999.0
201201270200,201201270230,-9999.0,1.0,0.062,2.445,7.711,0.700029,-0.400493,0.443781,1.5e-05,0.0,-9999.0,5.917,-9999.0
201201270230,201201270300,-9999.0,1.0,0.035,2.455,7.698,0.696685,-0.405745,0.448939,1e-05,0.0,-9999.0,5.883,-9999.0
201201270300,201201270330,-9999.0,1.0,0.0,2.466,7.69,0.69358,-0.410861,0.454326,0.0,0.0,-9999.0,5.85,-9999.0
201201270330,201201270400,-9999.0,1.0,0.0,2.48,7.683,0.690526,-0.415947,0.459752,0.0,0.0,-9999.0,5.821,-9999.0
201201270400,201201270430,-9999.0,1.0,0.008,2.496,7.672,0.687288,-0.42606,0.464961,4e-06,0.0,-9999.0,5.793,-9999.0
201201270430,201201270500,-9999.0,1.0,0.006,2.513,7.661,0.684054,-0.406596,0.470154,3e-06,0.0,-9999.0,5.765,-9999.0
201201270500,201201270530,-9999.0,1.0,0.004,2.531,7.652,0.680917,-0.411719,0.475435,2e-06,0.0,-9999.0,5.739,-9999.0
201201270530,201201270600,-9999.0,1.0,0.019,2.551,7.641,0.677691,-0.416885,0.480595,1.2e-05,0.0,-9999.0,5.713,-9999.0
201201270600,201201270630,-9999.0,1.0,0.012,2.572,7.628,0.674378,-0.422094,0.48563,8e-06,0.0,-9999.0,5.686,-9999.0
201201270630,201201270700,-9999.0,1.0,0.0,2.593,7.613,0.67098,-0.427344,0.490534,0.0,0.0,-9999.0,5.661,-9999.0
201201270700,201201270730,-9999.0,1.0,2.37,2.659,7.608,0.66804,-0.421906,0.495975,0.001941,0.0,-9999.0,5.637,-9999.0
201201270730,201201270800,-9999.0,1.0,57.17,4.722,11.272,0.839132,-0.440904,0.739202,0.047054,37.9142,-9999.0,5.615,-9999.0
201201270800,201201270830,-9999.0,1.0,86.5,4.262,11.879,0.866008,-0.598088,0.794347,0.073495,153.893,-9999.0,5.595,-9999.0
201201270830,201201270900,-9999.0,1.0,189.8,4.763,5.08,0.551449,-0.863863,0.379838,0.153891,264.78,-9999.0,5.577,45.72
201201270900,201201270930,-0.03631,0.0,227.7,5.009,5.681,0.574042,0.414318,0.413409,0.188439,365.892,-9999.0,5.563,45.25
201201270930,201201271000,-0.019568,0.0,324.9,5.765,7.17,0.635202,0.425745,0.498813,0.259813,455.5,-9999.0,5.553,43.14
201201271000,201201271030,-9999.0,1.0,370.8,7.009,8.9,0.709846,0.612548,0.612485,0.300137,532.07,-9999.0,5.545,38.55
201201271030,201201271100,-9999.0,1.0,354.3,7.483,9.9,0.753136,0.540865,0.689411,0.305336,594.291,-9999.0,5.551,38.67
201201271100,201201271130,-9999.0,1.0,440.0,7.797,10.49,0.777741,-0.263507,0.741473,0.370323,641.1,-9999.0,5.562,38.57
201201271130,201201271200,-9999.0,1.0,508.0,8.771,11.84,0.839278,0.159196,0.859629,0.424176,671.695,-9999.0,5.586,36.82
201201271200,201201271230,-9999.0,1.0,478.4,9.115,12.39,0.862633,0.351227,0.917646,0.426299,685.553,-9999.0,5.62,36.68
201201271230,201201271300,-9999.0,1.0,462.1,9.65,13.01,0.889574,0.449219,0.985258,0.434366,682.436,-9999.0,5.66,35.63
201201271300,201201271330,-0.045767,0.0,453.5,10.517,13.9,0.930249,0.562137,1.08362,0.446317,662.399,-9999.0,5.71,33.8
201201271330,201201271400,0.527474,0.0,389.0,10.925,14.37,0.949989,-0.007394,1.14453,0.418697,625.783,-9999.0,5.769,33.3
201201271400,201201271430,0.589622,0.0,341.7,10.298,13.72,0.913322,-0.090361,1.08972,0.396879,573.216,-9999.0,5.835,34.42
201201271430,201201271500,0.657635,0.0,261.0,10.503,14.01,0.923814,-0.158746,1.13206,0.337319,505.596,-9999.0,5.905,34.36
201201271500,201201271530,1.20044,0.0,191.0,9.637,13.17,0.878455,-0.725826,1.05714,0.272967,424.081,-9999.0,5.981,36.39
201201271530,201201271600,0.78656,0.0,138.2,9.154,12.72,0.852883,-0.327607,1.02297,0.215286,330.066,-9999.0,6.056,37.77
201201271600,201201271630,-9999.0,1.0,71.8,8.693,12.23,0.825821,-0.747238,0.985083,0.124012,225.159,-9999.0,6.128,38.97
201201271630,201201271700,-9999.0,1.0,31.77,8.094,11.74,0.799224,-0.647851,0.94758,0.059233,111.155,-9999.0,6.194,41.31
201201271700,201201271730,-9999.0,1.0,7.49,6.682,10.67,0.746677,-0.452544,0.857214,0.014808,10.8898,-9999.0,6.251,47.98
201201271730,201201271800,-9999.0,1.0,0.358,5.596,9.32,0.683655,-0.524233,0.748513,0.000735,0.0,-9999.0,6.3,52.31
201201271800,201201271830,-9999.0,1.0,0.33,5.0,8.61,0.650211,-0.780268,0.697962,0.000697,0.0,-9999.0,6.338,55.3
201201271830,201201271900,-9999.0,1.0,0.33,4.091,7.22,0.589819,-0.652254,0.59923,0.000716,0.0,-9999.0,6.368,59.79
201201271900,201201271930,-9999.0,1.0,0.331,3.67,6.236,0.548117,-0.56977,0.536341,0.000738,0.0,-9999.0,6.385,61.4
201201271930,201201272000,-9999.0,1.0,0.331,3.087,4.881,0.494148,-0.596932,0.455195,0.000757,0.0,-9999.0,6.389,64.33
201201272000,201201272030,-9999.0,1.0,0.331,2.744,7.343,0.586814,-0.544811,0.62461,0.000777,0.0,-9999.0,6.387,-9999.0
201201272030,201201272100,-9999.0,1.0,0.331,2.763,7.332,0.583709,-0.549809,0.629293,0.000796,0.0,-9999.0,6.379,-9999.0
201201272100,201201272130,-9999.0,1.0,0.322,2.784,7.324,0.580729,-0.554753,0.634188,0.000793,0.0,-9999.0,6.366,-9999.0
201201272130,201201272200,-9999.0,1.0,0.316,2.805,7.318,0.57783,-0.55966,0.639224,0.000797,0.0,-9999.0,6.348,-9999.0
201201272200,201201272230,-9999.0,1.0,0.324,2.828,7.319,0.575208,-0.510538,0.644794,0.000836,0.0,-9999.0,6.321,-9999.0
201201272230,201201272300,-9999.0,1.0,0.309,2.853,7.323,0.572704,-0.515287,0.650599,0.000816,0.0,-9999.0,6.289,-9999.0
201201272300,201201272330,-9999.0,1.0,0.304,2.878,7.328,0.570238,-0.520022,0.656491,0.00082,0.0,-9999.0,6.256,-9999.0
201201272330,201201280000,-9999.0,1.0,0.315,2.904,7.34,0.568041,-0.48973,0.662949,0.000868,0.0,-9999.0,6.221,-9999.0
201201280000,201201280030,-9999.0,1.0,0.296,2.932,7.362,0.566227,-0.494224,0.670234,0.000833,0.0,-9999.0,6.181,-9999.0
201201280030,201201280100,-9999.0,1.0,0.153,2.961,7.383,0.564367,-0.501249,0.677474,0.00044,0.0,-9999.0,6.14,-9999.0
201201280100,201201280130,-9999.0,1.0,0.241,2.991,7.407,0.562615,-0.466018,0.684998,0.000707,0.0,-9999.0,6.1,-9999.0
201201280130,201201280200,-9999.0,1.0,0.31,3.021,7.436,0.561046,-0.470449,0.69298,0.000927,0.0,-9999.0,6.059,-9999.0
201201280200,201201280230,-9999.0,1.0,0.2,3.052,7.465,0.559467,-0.474895,0.701013,0.00061,0.0,-9999.0,6.015,-9999.0
201201280230,201201280300,-9999.0,1.0,0.101,3.084,7.5,0.558106,-0.479275,0.70961,0.000314,0.0,-9999.0,5.972,-9999.0
201201280300,201201280330,-9999.0,1.0,0.117,3.117,7.541,0.55696,-0.483595,0.71879,0.000371,0.0,-9999.0,5.929,-9999.0
201201280330,201201280400,-9999.0,1.0,0.042,3.117,7.541,0.554259,-0.488464,0.724454,0.000136,0.0,-9999.0,5.887,-9999.0
201201280400,201201280430,-9999.0,1.0,0.048,3.117,7.541,0.551558,-0.493332,0.730118,0.000158,0.0,-9999.0,5.844,-9999.0
201201280430,201201280500,-9999.0,1.0,0.031,3.117,7.541,0.548856,-0.498201,0.735782,0.000104,0.0,-9999.0,5.802,-9999.0
201201280500,201201280530,-9999.0,1.0,0.082,3.117,7.541,0.546155,-0.503069,0.741445,0.000279,0.0,-9999.0,5.758,-9999.0
201201280530,201201280600,-9999.0,1.0,0.019,3.117,7.541,0.543454,-0.507938,0.747109,6.6e-05,0.0,-9999.0,5.715,-9999.0
201201280600,201201280630,-9999.0,1.0,0.001,3.117,7.541,0.540752,-0.512806,0.752773,4e-06,0.0,-9999.0,5.673,-9999.0
201201280630,201201280700,-9999.0,1.0,0.007,3.117,7.541,0.538051,-0.517675,0.758437,2.5e-05,0.0,-9999.0,5.632,-9999.0
201201280700,201201280730,-9999.0,1.0,1.631,3.168,7.554,0.535822,-0.514381,0.765309,0.005922,0.0,-9999.0,5.59,-9999.0
201201280730,201201280800,-9999.0,1.0,33.62,3.295,8.029,0.550413,-0.567038,0.816439,0.119408,38.3311,-9999.0,5.548,-9999.0
201201280800,201201280830,-9999.0,1.0,85.6,4.546,11.851,0.69464,-0.930792,1.26108,0.29121,154.757,-9999.0,5.51,-9999.0
201201280830,201201280900,-9999.0,1.0,155.1,4.965,12.499,0.717321,-0.904871,1.35895,0.497867,266.077,-9999.0,5.471,-9999.0
201201280900,201201280930,-9999.0,1.0,280.5,7.32,11.335,0.667068,-0.778471,1.2127,0.810485,367.672,-9999.0,5.438,-9999.0
201201280930,201201281000,-9999.0,1.0,285.9,3.362,5.891,0.464923,-0.067645,0.643654,0.834526,457.801,-9999.0,5.41,63.79
201201281000,201201281030,-0.68129,0.0,350.9,4.169,7.29,0.510336,0.854785,0.77385,0.982051,534.924,-9999.0,5.383,59.22
201201281030,201201281100,-1.43616,0.0,386.6,5.209,8.76,0.559933,1.61848,0.929986,1.06551,597.721,-9999.0,5.365,53.9
201201281100,201201281130,-9999.0,1.0,454.4,6.188,10.12,0.607067,-0.376151,1.0942,1.20316,645.117,-9999.0,5.367,50.03
201201281130,201201281200,-9999.0,1.0,434.0,6.872,11.26,0.64701,-0.836561,1.24859,1.18446,676.302,-9999.0,5.379,48.56
201201281200,201201281230,0.078583,0.0,496.9,7.513,12.2,0.679883,0.118359,1.38901,1.30975,690.741,-9999.0,5.406,47.15
201201281230,201201281300,-0.987361,0.0,474.9,8.395,13.28,0.718721,1.18761,1.56237,1.29064,688.188,-9999.0,5.448,44.98
201201281300,201201281330,3.22673,0.0,409.1,8.731,13.39,0.719239,-3.03198,1.59129,1.18717,668.686,-9999.0,5.498,43.19
201201281330,201201281400,0.55205,0.0,286.1,8.935,13.29,0.711435,-0.364588,1.58694,0.934656,632.569,-9999.0,5.56,41.48
201201281400,201201281430,-9999.0,1.0,346.1,8.498,13.18,0.703292,-0.384513,1.58084,1.08701,580.455,-9999.0,5.628,43.94
201201281430,201201281500,-9999.0,1.0,245.2,8.711,13.24,0.701806,-0.985085,1.60186,0.85385,513.236,-9999.0,5.702,42.76
201201281500,201201281530,0.297135,0.0,180.3,8.059,12.43,0.66692,-0.135299,1.48514,0.67709,432.062,-9999.0,5.78,44.16
201201281530,201201281600,-9999.0,1.0,126.2,7.619,11.93,0.644476,-0.971175,1.41941,0.50732,338.322,-9999.0,5.857,45.44
201201281600,201201281630,-9999.0,1.0,76.0,7.298,11.45,0.623191,-0.873774,1.3581,0.326634,233.619,-9999.0,5.933,46.06
201201281630,201201281700,-9999.0,1.0,33.82,6.761,10.76,0.594746,-0.682443,1.26863,0.154402,119.745,-9999.0,6.003,47.68
201201281700,201201281730,-9999.0,1.0,5.696,5.885,9.74,0.555482,-0.715689,1.13925,0.027218,14.8332,-9999.0,6.065,51.25
201201281730,201201281800,-9999.0,1.0,0.357,5.029,8.9,0.523651,-0.675123,1.0404,0.001738,0.0,-9999.0,6.118,55.91
201201281800,201201281830,-9999.0,1.0,0.326,4.683,8.56,0.509327,-0.683186,1.00584,0.001606,0.0,-9999.0,6.161,57.99
201201281830,201201281900,-9999.0,1.0,0.33,4.018,7.53,0.472866,-0.597223,0.893148,0.001645,0.0,-9999.0,6.195,61.34
201201281900,201201281930,-9999.0,1.0,0.322,3.471,6.492,0.437574,-0.621961,0.788223,0.001624,0.0,-9999.0,6.22,64.13
201201281930,201201282000,-0.184858,0.0,0.32,3.273,5.931,0.417994,0.2611,0.737143,0.001633,0.0,-9999.0,6.231,64.84
201201282000,201201282030,-9999.0,1.0,0.33,3.001,5.246,0.39529,-0.620782,0.676743,0.001703,0.0,-9999.0,6.236,66.19
201201282030,201201282100,-9999.0,1.0,0.322,2.5,4.122,0.360935,-0.554082,0.582594,0.001681,0.0,-9999.0,6.235,69.53
201201282100,201201282130,-0.074413,0.0,0.267,2.279,3.806,0.351979,0.129815,0.560176,0.00141,0.0,-9999.0,6.228,71.6
201201282130,201201282200,-9999.0,1.0,0.193,3.117,7.541,0.461943,-0.66373,0.928348,0.00103,0.0,-9999.0,6.217,-9999.0
201201282200,201201282230,-9999.0,1.0,0.142,2.268,3.785,0.351042,-0.559544,0.564972,0.000766,0.0,-9999.0,6.203,71.7
201201282230,201201282300,-9999.0,1.0,0.08,2.377,4.007,0.357001,-0.56626,0.586591,0.000437,0.0,-9999.0,6.182,70.8
201201282300,201201282330,-9999.0,1.0,0.122,2.32,3.958,0.355461,-0.566242,0.585832,0.000673,0.0,-9999.0,6.159,71.4
201201282330,201201290000,-9999.0,1.0,0.21,3.117,7.541,0.461003,-0.667994,0.951003,0.00117,0.0,-9999.0,6.134,-9999.0
201201290000,201201290030,-9999.0,1.0,0.06,2.192,3.608,0.345479,-0.520239,0.563314,0.000338,0.0,-9999.0,6.106,72.3
201201290030,201201290100,-9999.0,1.0,0.005,3.117,7.541,0.460533,-0.667591,0.956313,2.8e-05,0.0,-9999.0,6.079,-9999.0
201201290100,201201290130,-9999.0,1.0,0.0,2.455,4.034,0.356839,-0.565355,0.598605,0.0,0.0,-9999.0,6.049,69.89
201201290130,201201290200,0.427723,0.0,0.0,2.683,4.429,0.367682,-0.377131,0.632868,0.0,0.0,-9999.0,6.017,68.0
201201290200,201201290230,-9999.0,1.0,0.0,3.117,7.541,0.459827,-0.666986,0.955253,0.0,0.0,-9999.0,5.989,-9999.0
201201290230,201201290300,-9999.0,1.0,0.0,3.117,7.541,0.459592,-0.666784,0.9549,0.0,0.0,-9999.0,5.963,-9999.0
201201290300,201201290330,-9999.0,1.0,0.0,3.117,7.541,0.459357,-0.666582,0.954546,0.0,0.0,-9999.0,5.939,-9999.0
201201290330,201201290400,-9999.0,1.0,0.0,3.117,7.541,0.459122,-0.666381,0.954193,0.0,0.0,-9999.0,5.92,-9999.0
201201290400,201201290430,-9999.0,1.0,0.0,3.117,7.541,0.458887,-0.666179,0.953839,0.0,0.0,-9999.0,5.901,-9999.0
201201290430,201201290500,-9999.0,1.0,0.0,3.117,7.541,0.458652,-0.665977,0.953486,0.0,0.0,-9999.0,5.883,-9999.0
201201290500,201201290530,-9999.0,1.0,0.0,3.117,7.541,0.458416,-0.665776,0.953133,0.0,0.0,-9999.0,5.865,-9999.0
201201290530,201201290600,-9999.0,1.0,0.0,3.117,7.541,0.458181,-0.665574,0.952779,0.0,0.0,-9999.0,5.851,-9999.0
201201290600,201201290630,-9999.0,1.0,0.0,3.117,7.541,0.457946,-0.665373,0.952426,0.0,0.0,-9999.0,5.835,-9999.0
201201290630,201201290700,-9999.0,1.0,0.0,3.117,7.541,0.457711,-0.665171,0.952072,0.0,0.0,-9999.0,5.821,-9999.0
201201290700,201201290730,-9999.0,1.0,0.155,3.117,7.541,0.457476,-0.664969,0.951719,0.000859,0.0,-9999.0,5.808,-9999.0
201201290730,201201290800,-9999.0,1.0,5.834,3.135,7.544,0.457334,-0.656738,0.951721,0.032065,42.1138,-9999.0,5.8,-9999.0
201201290800,201201290830,-9999.0,1.0,29.8,3.241,8.015,0.471807,-0.696424,1.00831,0.159003,159.561,-9999.0,5.796,-9999.0
201201290830,201201290900,-9999.0,1.0,51.61,5.162,10.829,0.563598,-0.806024,1.39812,0.268201,271.021,-9999.0,5.795,-9999.0
201201290900,201201290930,-9999.0,1.0,65.88,5.126,11.259,0.577972,-0.938935,1.46503,0.336472,372.742,-9999.0,5.797,-9999.0
201201290930,201201291000,-9999.0,1.0,71.6,4.912,11.34,0.580453,-1.10715,1.47736,0.362922,462.985,-9999.0,5.799,-9999.0
201201291000,201201291030,-9999.0,1.0,82.7,5.179,11.842,0.597486,-1.09377,1.55869,0.413565,540.204,-9999.0,5.806,-9999.0
201201291030,201201291100,-9999.0,1.0,151.8,5.189,12.523,0.621006,-1.06614,1.67397,0.704548,603.08,-9999.0,5.819,-9999.0
201201291100,201201291130,-9999.0,1.0,214.2,5.929,12.345,0.614425,-0.753027,1.6424,0.933325,650.535,-9999.0,5.834,-9999.0
201201291130,201201291200,-9999.0,1.0,361.2,7.756,10.917,0.564838,-0.291019,1.4082,1.37706,681.759,-9999.0,5.856,-9999.0
201201291200,201201291230,-9999.0,1.0,280.3,7.32,11.335,0.578786,-0.924797,1.47341,1.14553,696.216,-9999.0,5.88,-9999.0
201201291230,201201291300,-9999.0,1.0,294.8,7.692,11.149,0.572136,-0.79965,1.44327,1.18777,693.659,-9999.0,5.911,-9999.0
201201291300,201201291330,-9999.0,1.0,351.3,7.681,10.727,0.557545,0.066405,1.37722,1.34578,674.133,-9999.0,5.949,-9999.0
201201291330,201201291400,-9999.0,1.0,298.7,7.67,11.143,0.57134,-0.799189,1.4411,1.19644,637.971,-9999.0,5.996,-9999.0
201201291400,201201291430,-9999.0,1.0,256.0,7.039,10.897,0.562703,-0.909558,1.40215,1.06466,585.792,-9999.0,6.047,-9999.0
201201291430,201201291500,-9999.0,1.0,269.8,7.245,11.186,0.572212,-0.922042,1.44665,1.10657,518.489,-9999.0,6.104,-9999.0
201201291500,201201291530,-9999.0,1.0,229.9,6.895,11.616,0.586617,-0.678999,1.51489,0.97744,437.213,-9999.0,6.163,-9999.0
201201291530,201201291600,-9999.0,1.0,198.5,5.459,12.103,0.603139,-1.02697,1.59481,0.868804,343.355,-9999.0,6.226,-9999.0
201201291600,201201291630,-9999.0,1.0,99.2,6.223,11.689,0.588518,-0.885686,1.52547,0.480288,238.521,-9999.0,6.287,-9999.0
201201291630,201201291700,-9999.0,1.0,49.32,3.559,8.335,0.477703,-0.708779,1.04149,0.252118,124.505,-9999.0,6.344,-9999.0
201201291700,201201291730,-9999.0,1.0,8.11,3.135,7.544,0.452866,-0.652906,0.945002,0.043457,17.2035,-9999.0,6.396,-9999.0
201201291730,201201291800,-9999.0,1.0,0.378,3.117,7.541,0.452538,-0.660735,0.944297,0.002042,0.0,-9999.0,6.441,-9999.0
201201291800,201201291830,-9999.0,1.0,0.33,3.117,7.541,0.452303,-0.660533,0.943943,0.001781,0.0,-9999.0,6.477,-9999.0
201201291830,201201291900,-9999.0,1.0,0.33,3.117,7.541,0.452068,-0.660331,0.94359,0.001779,0.0,-9999.0,6.507,-9999.0
201201291900,201201291930,-9999.0,1.0,0.301,3.117,7.541,0.451833,-0.66013,0.943236,0.00162,0.0,-9999.0,6.521,-9999.0
201201291930,201201292000,-9999.0,1.0,0.0,3.117,7.541,0.451598,-0.659928,0.942883,0.0,0.0,-9999.0,6.526,-9999.0
201201292000,201201292030,-9999.0,1.0,0.0,3.117,7.541,0.451363,-0.659726,0.94253,0.0,0.0,-9999.0,6.521,-9999.0
201201292030,201201292100,-9999.0,1.0,0.0,3.117,7.541,0.451128,-0.659525,0.942176,0.0,0.0,-9999.0,6.512,-9999.0
201201292100,201201292130,-9999.0,1.0,0.0,3.117,7.541,0.450893,-0.659323,0.941823,0.0,0.0,-9999.0,6.498,-9999.0
201201292130,201201292200,-9999.0,1.0,0.0,3.117,7.541,0.450657,-0.659121,0.941469,0.0,0.0,-9999.0,6.478,-9999.0
201201292200,201201292230,-9999.0,1.0,0.0,3.117,7.541,0.450422,-0.65892,0.941116,0.0,0.0,-9999.0,6.456,-9999.0
201201292230,201201292300,-9999.0,1.0,0.0,3.117,7.541,0.450187,-0.658718,0.940763,0.0,0.0,-9999.0,6.431,-9999.0
201201292300,201201292330,-9999.0,1.0,0.0,3.117,7.541,0.449952,-0.658516,0.940409,0.0,0.0,-9999.0,6.402,-9999.0
201201292330,201201300000,-9999.0,1.0,0.0,3.117,7.541,0.449717,-0.658315,0.940056,0.0,0.0,-9999.0,6.372,-9999.0
201201300000,201201300030,-9999.0,1.0,0.0,3.117,7.541,0.449482,-0.658113,0.939702,0.0,0.0,-9999.0,6.34,-9999.0
201201300030,201201300100,-9999.0,1.0,0.0,3.117,7.541,0.449247,-0.657911,0.939349,0.0,0.0,-9999.0,6.304,-9999.0
201201300100,201201300130,-9999.0,1.0,0.0,3.117,7.541,0.449012,-0.65771,0.938995,0.0,0.0,-9999.0,6.268,-9999.0
201201300130,201201300200,-9999.0,1.0,0.0,3.117,7.541,0.448776,-0.657508,0.938642,0.0,0.0,-9999.0,6.23,-9999.0
201201300200,201201300230,-9999.0,1.0,0.0,3.117,7.541,0.448541,-0.657306,0.938288,0.0,0.0,-9999.0,6.193,-9999.0
201201300230,201201300300,-9999.0,1.0,0.0,3.117,7.541,0.448306,-0.657105,0.937935,0.0,0.0,-9999.0,6.155,-9999.0
201201300300,201201300330,-9999.0,1.0,0.0,3.117,7.541,0.448071,-0.656903,0.937582,0.0,0.0,-9999.0,6.12,-9999.0
201201300330,201201300400,-9999.0,1.0,0.0,3.117,7.541,0.447836,-0.656701,0.937228,0.0,0.0,-9999.0,6.086,-9999.0
201201300400,201201300430,-9999.0,1.0,0.0,3.117,7.541,0.447601,-0.6565,0.936875,0.0,0.0,-9999.0,6.053,-9999.0
201201300430,201201300500,-9999.0,1.0,0.0,3.117,7.541,0.447366,-0.656298,0.936521,0.0,0.0,-9999.0,6.022,-9999.0
201201300500,201201300530,-9999.0,1.0,0.0,3.117,7.541,0.447131,-0.656097,0.936168,0.0,0.0,-9999.0,5.995,-9999.0
201201300530,201201300600,-9999.0,1.0,0.0,3.117,7.541,0.446895,-0.655895,0.935814,0.0,0.0,-9999.0,5.971,-9999.0
201201300600,201201300630,-9999.0,1.0,0.0,3.117,7.541,0.44666,-0.655693,0.935461,0.0,0.0,-9999.0,5.946,-9999.0
201201300630,201201300700,-9999.0,1.0,0.0,3.117,7.541,0.446425,-0.655492,0.935108,0.0,0.0,-9999.0,5.922,-9999.0
201201300700,201201300730,-9999.0,1.0,2.047,3.168,7.554,0.446584,-0.64722,0.93626,0.010677,0.0,-9999.0,5.897,-9999.0
201201300730,201201300800,-9999.0,1.0,44.04,3.46,8.206,0.466277,-0.700342,1.01355,0.218319,46.1469,-9999.0,5.871,-9999.0
201201300800,201201300830,-9999.0,1.0,139.6,5.394,12.451,0.604751,-1.08568,1.63001,0.622657,164.459,-9999.0,5.844,-9999.0
201201300830,201201300900,-9999.0,1.0,212.0,5.872,12.153,0.594214,-0.966251,1.57935,0.878425,276.058,-9999.0,5.819,-9999.0
201201300900,201201300930,-9999.0,1.0,285.6,7.32,11.335,0.566228,-0.914549,1.44701,1.10354,377.907,-9999.0,5.794,-9999.0
201201300930,201201301000,-9999.0,1.0,349.1,7.478,10.469,0.537242,0.022326,1.31542,1.27431,468.262,-9999.0,5.768,-9999.0
201201301000,201201301030,-9999.0,1.0,403.1,7.559,10.543,0.539384,-0.48409,1.32572,1.40492,545.578,-9999.0,5.752,-9999.0
201201301030,201201301100,-9999.0,1.0,458.0,8.003,10.509,0.537984,-0.652606,1.32017,1.52601,608.532,-9999.0,5.743,-9999.0
201201301100,201201301130,-9999.0,1.0,496.6,8.353,10.701,0.544003,-0.34053,1.34795,1.60425,656.047,-9999.0,5.744,-9999.0
201201301130,201201301200,-9999.0,1.0,476.4,8.093,10.503,0.537219,-0.341119,1.31817,1.56092,687.309,-9999.0,5.75,-9999.0
201201301200,201201301230,-9999.0,1.0,508.9,8.246,10.48,0.536182,-0.34879,1.31425,1.62471,701.785,-9999.0,5.768,-9999.0
201201301230,201201301300,-9999.0,1.0,487.6,8.324,10.689,0.542745,-0.33987,1.34445,1.57999,699.225,-9999.0,5.796,-9999.0
201201301300,201201301330,-9999.0,1.0,461.6,8.015,10.397,0.532907,-0.34086,1.30106,1.52405,679.675,-9999.0,5.829,-9999.0
201201301330,201201301400,-9999.0,1.0,421.1,7.831,10.793,0.545586,-0.536787,1.35877,1.43373,643.467,-9999.0,5.87,-9999.0
201201301400,201201301430,-9999.0,1.0,340.7,7.478,10.469,0.534687,0.024434,1.31042,1.23846,591.223,-9999.0,5.916,-9999.0
201201301430,201201301500,-9999.0,1.0,295.4,7.885,10.403,0.532254,-0.454083,1.30028,1.11582,523.836,-9999.0,5.966,-9999.0
201201301500,201201301530,-9999.0,1.0,220.0,7.061,11.37,0.563806,-0.604701,1.4449,0.889872,442.458,-9999.0,6.021,-9999.0
201201301530,201201301600,-9999.0,1.0,139.4,5.638,11.597,0.571085,-1.07111,1.47986,0.610233,348.483,-9999.0,6.078,-9999.0
201201301600,201201301630,-9999.0,1.0,64.6,6.011,10.47,0.533584,-0.697576,1.30834,0.306195,243.518,-9999.0,6.134,-9999.0
201201301630,201201301700,-9999.0,1.0,28.99,3.237,7.883,0.452025,-0.657514,0.967812,0.14296,129.359,-9999.0,6.184,-9999.0
201201301700,201201301730,-9999.0,1.0,8.55,3.131,7.408,0.437512,-0.657795,0.91254,0.043143,19.7958,-9999.0,6.225,-9999.0
201201301730,201201301800,-9999.0,1.0,0.531,3.117,7.335,0.435105,-0.666602,0.903959,0.002702,0.0,-9999.0,6.259,-9999.0
201201301800,201201301830,-9999.0,1.0,0.33,3.125,7.27,0.432943,-0.66667,0.896333,0.001677,0.0,-9999.0,6.284,-9999.0
201201301830,201201301900,-9999.0,1.0,0.331,3.135,7.207,0.430846,-0.666731,0.888978,0.00168,0.0,-9999.0,6.297,-9999.0
201201301900,201201301930,-9999.0,1.0,0.316,3.148,7.144,0.428754,-0.666793,0.881668,0.001602,0.0,-9999.0,6.299,-9999.0
201201301930,201201302000,-9999.0,1.0,0.303,3.163,7.08,0.426639,-0.66686,0.874294,0.001534,0.0,-9999.0,6.295,-9999.0
201201302000,201201302030,-9999.0,1.0,0.28,3.179,7.022,0.424705,-0.666903,0.867621,0.001416,0.0,-9999.0,6.285,-9999.0
201201302030,201201302100,-9999.0,1.0,0.117,3.199,6.972,0.423011,-0.666914,0.861856,0.000591,0.0,-9999.0,6.27,-9999.0
201201302100,201201302130,-9999.0,1.0,0.045,3.218,6.93,0.421556,-0.666893,0.856985,0.000227,0.0,-9999.0,6.25,-9999.0
201201302130,201201302200,-9999.0,1.0,0.021,3.238,6.89,0.420161,-0.666865,0.85235,0.000106,0.0,-9999.0,6.226,-9999.0
201201302200,201201302230,-9999.0,1.0,0.013,3.257,6.85,0.418769,-0.666837,0.847736,6.5e-05,0.0,-9999.0,6.205,-9999.0
201201302230,201201302300,-9999.0,1.0,0.03,3.275,6.811,0.417409,-0.666805,0.843249,0.000151,0.0,-9999.0,6.179,-9999.0
201201302300,201201302330,-9999.0,1.0,0.002,3.289,6.765,0.415848,-0.666804,0.838035,1e-05,0.0,-9999.0,6.157,-9999.0
201201302330,201201310000,-9999.0,1.0,0.0,3.306,6.719,0.414291,-0.666804,0.832846,0.0,0.0,-9999.0,6.133,-9999.0
201201310000,201201310030,-9999.0,1.0,0.0,3.327,6.672,0.412708,-0.666808,0.827576,0.0,0.0,-9999.0,6.111,-9999.0
201201310030,201201310100,-9999.0,1.0,0.002,3.348,6.629,0.411244,-0.666797,0.822752,1e-05,0.0,-9999.0,6.089,-9999.0
201201310100,201201310130,-9999.0,1.0,0.006,3.373,6.585,0.409754,-0.66679,0.817845,3e-05,0.0,-9999.0,6.07,-9999.0
201201310130,201201310200,-9999.0,1.0,0.004,3.403,6.542,0.408297,-0.66678,0.813066,2e-05,0.0,-9999.0,6.052,-9999.0
201201310200,201201310230,-9999.0,1.0,0.0,3.437,6.504,0.406986,-0.66675,0.808826,0.0,0.0,-9999.0,6.034,-9999.0
201201310230,201201310300,-9999.0,1.0,0.0,3.478,6.469,0.405763,-0.666708,0.804913,0.0,0.0,-9999.0,6.014,-9999.0
201201310300,201201310330,-9999.0,1.0,0.049,3.522,6.431,0.404457,-0.666679,0.800706,0.000243,0.0,-9999.0,5.995,-9999.0
201201310330,201201310400,-9999.0,1.0,0.109,3.568,6.409,0.40361,-0.666583,0.798156,0.000541,0.0,-9999.0,5.981,-9999.0
201201310400,201201310430,-9999.0,1.0,0.044,3.618,6.392,0.402907,-0.666466,0.796124,0.000218,0.0,-9999.0,5.963,-9999.0
201201310430,201201310500,-9999.0,1.0,0.011,3.67,6.386,0.402519,-0.666302,0.795221,5.4e-05,0.0,-9999.0,5.943,-9999.0
201201310500,201201310530,-9999.0,1.0,0.0,3.724,6.388,0.402359,-0.666104,0.795136,0.0,0.0,-9999.0,5.921,-9999.0
201201310530,201201310600,-9999.0,1.0,0.0,3.779,6.386,0.402085,-0.665924,0.794642,0.0,0.0,-9999.0,5.894,-9999.0
201201310600,201201310630,-9999.0,1.0,0.0,3.835,6.395,0.402124,-0.665696,0.795271,0.0,0.0,-9999.0,5.863,-9999.0
201201310630,201201310700,-9999.0,1.0,0.0,3.894,6.413,0.40242,-0.665429,0.796819,0.0,0.0,-9999.0,5.83,-9999.0
201201310700,201201310730,-9999.0,1.0,0.897,4.017,6.463,0.403627,-0.656315,0.80165,0.004405,0.0,-9999.0,5.795,-9999.0
201201310730,201201310800,-9999.0,1.0,12.76,4.065,6.522,0.405092,-0.666534,0.807426,0.061686,50.4369,-9999.0,5.761,-9999.0
201201310800,201201310830,-9999.0,1.0,43.17,4.62,7.44,0.431462,-0.710793,0.905743,0.201116,169.448,-9999.0,5.727,-9999.0
201201310830,201201310900,-9999.0,1.0,74.8,6.487,11.04,0.542572,-0.853604,1.37306,0.335766,281.187,-9999.0,5.695,-9999.0
201201310900,201201310930,-9999.0,1.0,110.8,7.295,11.725,0.564669,-0.798753,1.47696,0.477581,383.162,-9999.0,5.669,-9999.0
201201310930,201201311000,-9999.0,1.0,145.6,6.237,11.35,0.552066,-1.01184,1.41848,0.604257,473.63,-9999.0,5.649,-9999.0
201201311000,201201311030,-9999.0,1.0,184.1,6.439,11.27,0.549159,-0.874755,1.40572,0.733887,551.043,-9999.0,5.632,-9999.0
201201311030,201201311100,-9999.0,1.0,216.9,7.061,11.37,0.55212,-0.59517,1.42026,0.836284,614.076,-9999.0,5.625,-9999.0
201201311100,201201311130,-9999.0,1.0,265.9,7.212,9.724,0.499241,-0.43684,1.18401,0.977823,661.65,-9999.0,5.631,-9999.0
201201311130,201201311200,-9999.0,1.0,277.6,7.389,9.825,0.50213,-0.357569,1.19713,1.00866,692.951,-9999.0,5.645,-9999.0
201201311200,201201311230,-9999.0,1.0,341.0,7.478,10.469,0.522198,0.034735,1.28594,1.17004,707.444,-9999.0,5.667,-9999.0
201201311230,201201311300,-9999.0,1.0,331.3,7.623,9.96,0.505818,-0.259683,1.21447,1.14476,704.882,-9999.0,5.697,-9999.0
201201311300,201201311330,-9999.0,1.0,277.0,7.389,9.825,0.501312,-0.356889,1.19561,1.00297,685.307,-9999.0,5.732,-9999.0
201201311330,201201311400,-9999.0,1.0,191.7,7.881,10.4,0.519154,-0.87581,1.27451,0.751369,649.054,-9999.0,5.775,-9999.0
201201311400,201201311430,-9999.0,1.0,170.5,7.852,10.671,0.527498,-0.965712,1.31257,0.681595,596.745,-9999.0,5.825,-9999.0
201201311430,201201311500,-9999.0,1.0,147.9,7.948,10.721,0.528808,-0.58336,1.31921,0.604175,529.273,-9999.0,5.875,-9999.0
201201311500,201201311530,-9999.0,1.0,77.4,7.629,10.637,0.525839,-0.780299,1.30655,0.340438,447.795,-9999.0,5.927,-9999.0
201201311530,201201311600,-9999.0,1.0,54.38,7.431,10.361,0.516789,-0.533455,1.26682,0.24512,353.702,-9999.0,5.978,-9999.0
201201311600,201201311630,-9999.0,1.0,30.09,4.536,7.06,0.416722,-0.68189,0.85874,0.139298,248.606,-9999.0,6.028,-9999.0
201201311630,201201311700,-9999.0,1.0,13.47,4.068,6.408,0.39793,-0.656985,0.79049,0.063508,134.305,-9999.0,6.072,-9999.0
201201311700,201201311730,-9999.0,1.0,2.626,3.976,6.252,0.393331,-0.646656,0.774535,0.012526,22.6175,-9999.0,6.11,-9999.0
201201311730,201201311800,-9999.0,1.0,0.246,3.877,6.115,0.389288,-0.593828,0.760683,0.001175,0.0,-9999.0,6.142,-9999.0
201201311800,201201311830,-9999.0,1.0,0.164,3.828,6.026,0.3866,-0.574286,0.751688,0.000782,0.0,-9999.0,6.166,-9999.0
201201311830,201201311900,-9999.0,1.0,0.189,3.798,5.952,0.384336,-0.574436,0.744224,0.000901,0.0,-9999.0,6.188,-9999.0
201201311900,201201311930,-9999.0,1.0,0.21,3.786,5.894,0.382522,-0.574515,0.738356,0.000999,0.0,-9999.0,6.204,-9999.0
201201311930,201201312000,-9999.0,1.0,0.188,3.782,5.848,0.381044,-0.57454,0.733672,0.000893,0.0,-9999.0,6.215,-9999.0
201201312000,201201312030,-9999.0,1.0,0.251,3.78,5.81,0.379789,-0.552884,0.729776,0.001191,0.0,-9999.0,6.225,-9999.0
201201312030,201201312100,-9999.0,1.0,0.285,3.779,5.774,0.378591,-0.544585,0.726085,0.00135,0.0,-9999.0,6.231,-9999.0
201201312100,201201312130,-9999.0,1.0,0.33,3.775,5.734,0.377286,-0.553636,0.722031,0.001561,0.0,-9999.0,6.234,-9999.0
201201312130,201201312200,-9999.0,1.0,0.331,3.776,5.698,0.376093,-0.53799,0.718372,0.001564,0.0,-9999.0,6.236,-9999.0
201201312200,201201312230,-9999.0,1.0,0.331,3.783,5.673,0.375203,-0.512516,0.715762,0.001562,0.0,-9999.0,6.236,-9999.0
201201312230,201201312300,-9999.0,1.0,0.331,3.799,5.661,0.374669,-0.505189,0.71438,0.00156,0.0,-9999.0,6.237,-9999.0
201201312300,201201312330,-9999.0,1.0,0.331,3.821,5.659,0.374409,-0.508759,0.713938,0.001557,0.0,-9999.0,6.236,-9999.0
201201312330,201202010000,-9999.0,1.0,0.331,3.839,5.656,0.374121,-0.508591,0.713402,0.001555,0.0,-9999.0,6.235,-9999.0
201202010000,201202010030,-9999.0,1.0,0.329,3.85,5.642,0.373534,-0.508474,0.711837,0.001544,0.0,-9999.0,6.234,-9999.0
201202010030,201202010100,-9999.0,1.0,0.329,3.862,5.631,0.373028,-0.474105,0.710555,0.001542,0.0,-9999.0,6.233,-9999.0
201202010100,201202010130,-9999.0,1.0,0.33,3.874,5.632,0.37285,-0.473919,0.710396,0.001544,0.0,-9999.0,6.232,-9999.0
201202010130,201202010200,-9999.0,1.0,0.328,3.897,5.648,0.37308,-0.473663,0.711638,0.001533,0.0,-9999.0,6.231,-9999.0
201202010200,201202010230,-9999.0,1.0,0.329,3.928,5.678,0.37369,-0.455266,0.714193,0.001535,0.0,-9999.0,6.229,-9999.0
201202010230,201202010300,-9999.0,1.0,0.33,3.962,5.716,0.374518,-0.412,0.717504,0.001538,0.0,-9999.0,6.228,-9999.0
201202010300,201202010330,-9999.0,1.0,0.328,3.994,5.749,0.375209,-0.414118,0.720353,0.001526,0.0,-9999.0,6.227,-9999.0
201202010330,201202010400,-9999.0,1.0,0.328,4.032,5.785,0.375983,-0.373119,0.723492,0.001524,0.0,-9999.0,6.225,-9999.0
201202010400,201202010430,-9999.0,1.0,0.328,4.071,5.825,0.376866,-0.35729,0.727018,0.001522,0.0,-9999.0,6.223,-9999.0
201202010430,201202010500,-9999.0,1.0,0.33,4.119,5.881,0.378186,-0.335557,0.732077,0.001529,0.0,-9999.0,6.222,-9999.0
201202010500,201202010530,-9999.0,1.0,0.331,4.173,5.942,0.379644,-0.353768,0.737637,0.001532,0.0,-9999.0,6.219,-9999.0
201202010530,201202010600,-9999.0,1.0,0.331,4.237,6.012,0.381351,-0.311971,0.74409,0.001529,0.0,-9999.0,6.211,-9999.0
201202010600,201202010630,-9999.0,1.0,0.33,4.301,6.083,0.383087,-0.290849,0.750677,0.001523,0.0,-9999.0,6.197,-9999.0
201202010630,201202010700,-9999.0,1.0,0.329,4.355,6.147,0.384633,-0.211697,0.756618,0.001516,0.0,-9999.0,6.167,-9999.0
201202010700,201202010730,-9999.0,1.0,0.591,4.397,6.2,0.385878,-0.170616,0.761513,0.002718,0.0,-9999.0,6.125,-9999.0
201202010730,201202010800,-9999.0,1.0,9.29,4.503,6.278,0.387814,-0.189972,0.768887,0.042223,54.99,-9999.0,6.071,-9999.0
201202010800,201202010830,-9999.0,1.0,40.87,5.206,7.281,0.415714,-0.301964,0.871849,0.178722,174.527,-9999.0,6.014,-9999.0
201202010830,201202010900,-9999.0,1.0,73.9,8.001,10.93,0.524999,-0.592065,1.32824,0.310835,286.404,-9999.0,5.956,-9999.0
201202010900,201202010930,-9999.0,1.0,96.7,8.429,11.143,0.531432,-0.712874,1.35846,0.396103,388.506,-9999.0,5.903,-9999.0
201202010930,201202011000,-9999.0,1.0,87.3,8.154,11.002,0.526683,-0.591209,1.33741,0.360771,479.087,-9999.0,5.854,-9999.0
201202011000,201202011030,-9999.0,1.0,97.4,8.429,11.143,0.530841,-0.712391,1.35724,0.397531,556.595,-9999.0,5.807,-9999.0
201202011030,201202011100,-9999.0,1.0,209.4,7.83,10.106,0.498199,-0.558841,1.21131,0.760969,619.706,-9999.0,5.767,-9999.0
201202011100,201202011130,-9999.0,1.0,99.1,8.429,11.143,0.530249,-0.711907,1.35601,0.402571,667.339,-9999.0,5.738,-9999.0
201202011130,201202011200,-9999.0,1.0,206.8,7.83,10.106,0.497644,-0.558381,1.21026,0.75126,698.68,-9999.0,5.724,-9999.0
201202011200,201202011230,-9999.0,1.0,218.3,8.164,10.594,0.512456,-0.554353,1.2766,0.783165,713.191,-9999.0,5.719,-9999.0
201202011230,201202011300,-9999.0,1.0,129.1,8.688,11.265,0.533215,-0.617132,1.37197,0.505756,710.625,-9999.0,5.726,-9999.0
201202011300,201202011330,-9999.0,1.0,215.6,8.164,10.594,0.511884,-0.553882,1.27547,0.773258,691.026,-9999.0,5.742,-9999.0
201202011330,201202011400,-9999.0,1.0,180.6,8.137,10.07,0.495429,-0.582153,1.20332,0.669321,654.728,-9999.0,5.765,-9999.0
201202011400,201202011430,-9999.0,1.0,283.9,8.093,10.803,0.517819,-0.431439,1.30366,0.952715,602.354,-9999.0,5.788,-9999.0
201202011430,201202011500,-9999.0,1.0,231.6,8.179,10.332,0.502924,-0.627903,1.23767,0.81452,534.799,-9999.0,5.818,-9999.0
201202011500,201202011530,-9999.0,1.0,183.7,8.046,10.064,0.494415,-0.538225,1.20094,0.675779,453.219,-9999.0,5.848,-9999.0
201202011530,201202011600,-9999.0,1.0,167.5,8.341,11.003,0.523197,-0.65457,1.33035,0.62534,359.01,-9999.0,5.878,-9999.0
201202011600,201202011630,-9999.0,2.0,71.0,7.949,11.264,0.531099,-1.00231,1.36746,0.293211,253.783,-9999.0,5.904,-9999.0
201202011630,201202011700,-9999.0,1.0,25.99,4.85,6.885,0.400685,-0.190116,0.824618,0.112849,139.34,-9999.0,5.924,-9999.0
201202011700,201202011730,-9999.0,1.0,8.36,4.31,6.151,0.380261,-0.140218,0.751173,0.037014,25.6756,-9999.0,5.937,-9999.0
201202011730,201202011800,-9999.0,1.0,0.593,4.241,6.131,0.379505,0.011255,0.74897,0.002646,0.0,-9999.0,5.941,-9999.0
201202011800,201202011830,-9999.0,1.0,0.331,4.187,6.134,0.379373,0.011457,0.748981,0.001475,0.0,-9999.0,5.938,-9999.0
201202011830,201202011900,-9999.0,1.0,0.318,4.161,6.18,0.380409,0.011876,0.753135,0.001415,0.0,-9999.0,5.93,-9999.0
201202011900,201202011930,-9999.0,1.0,0.23,4.161,6.18,0.380195,0.012063,0.752855,0.001022,0.0,-9999.0,5.917,-9999.0
201202011930,201202012000,-9999.0,1.0,0.128,4.161,6.18,0.379981,0.01225,0.752576,0.000568,0.0,-9999.0,5.901,-9999.0
201202012000,201202012030,-9999.0,1.0,0.087,4.169,6.273,0.382293,0.012911,0.761294,0.000386,0.0,-9999.0,5.878,-9999.0
201202012030,201202012100,-9999.0,1.0,0.107,4.169,6.352,0.384229,-0.005622,0.768709,0.000474,0.0,-9999.0,5.86,-9999.0
201202012100,201202012130,-9999.0,1.0,0.009,4.161,6.429,0.386114,0.022583,0.775974,4e-05,0.0,-9999.0,5.835,-9999.0
201202012130,201202012200,-9999.0,1.0,0.003,4.161,6.429,0.385896,0.022773,0.775682,1.3e-05,0.0,-9999.0,5.81,-9999.0
201202012200,201202012230,-9999.0,1.0,0.0,4.161,6.429,0.385678,0.022962,0.77539,0.0,0.0,-9999.0,5.783,-9999.0
201202012230,201202012300,-9999.0,1.0,0.004,4.161,6.429,0.38546,0.023152,0.775098,1.8e-05,0.0,-9999.0,5.752,-9999.0
201202012300,201202012330,-9999.0,1.0,0.053,4.161,6.429,0.385243,0.023342,0.774806,0.000233,0.0,-9999.0,5.719,-9999.0
201202012330,201202020000,-9999.0,1.0,0.087,4.161,6.429,0.385025,0.023532,0.774514,0.000382,0.0,-9999.0,5.687,-9999.0
201202020000,201202020030,-9999.0,1.0,0.024,4.161,6.429,0.384807,0.023721,0.774222,0.000105,0.0,-9999.0,5.653,-9999.0
201202020030,201202020100,-9999.0,1.0,0.002,4.161,6.429,0.38459,0.023911,0.77393,9e-06,0.0,-9999.0,5.619,-9999.0
201202020100,201202020130,-9999.0,1.0,0.0,4.161,6.429,0.384372,0.024101,0.773638,0.0,0.0,-9999.0,5.587,-9999.0
201202020130,201202020200,-9999.0,1.0,0.003,4.161,6.429,0.384154,0.02429,0.773346,1.3e-05,0.0,-9999.0,5.551,-9999.0
201202020200,201202020230,-9999.0,1.0,0.015,4.161,6.429,0.383937,0.02448,0.773054,6.5e-05,0.0,-9999.0,5.517,-9999.0
201202020230,201202020300,-9999.0,1.0,0.0,4.161,6.429,0.383719,0.02467,0.772762,0.0,0.0,-9999.0,5.484,-9999.0
201202020300,201202020330,-9999.0,1.0,0.0,4.161,6.429,0.383501,0.02486,0.77247,0.0,0.0,-9999.0,5.451,-9999.0
201202020330,201202020400,-9999.0,1.0,0.015,4.161,6.429,0.383284,0.025049,0.772178,6.5e-05,0.0,-9999.0,5.417,-9999.0
201202020400,201202020430,-9999.0,1.0,0.017,4.161,6.429,0.383066,0.025239,0.771886,7.4e-05,0.0,-9999.0,5.381,-9999.0
201202020430,201202020500,-9999.0,1.0,0.0,4.161,6.429,0.382848,0.025429,0.771594,0.0,0.0,-9999.0,5.346,-9999.0
201202020500,201202020530,-9999.0,1.0,0.0,4.161,6.429,0.38263,0.025618,0.771302,0.0,0.0,-9999.0,5.314,-9999.0
201202020530,201202020600,-9999.0,1.0,0.0,4.161,6.429,0.382413,0.025808,0.77101,0.0,0.0,-9999.0,5.281,-9999.0
201202020600,201202020630,-9999.0,1.0,0.0,4.161,6.429,0.382195,0.025998,0.770718,0.0,0.0,-9999.0,5.245,-9999.0
201202020630,201202020700,-9999.0,1.0,0.0,4.161,6.429,0.381977,0.026187,0.770426,0.0,0.0,-9999.0,5.212,-9999.0
201202020700,201202020730,-9999.0,1.0,1.321,4.161,6.429,0.38176,0.026377,0.770134,0.005658,0.0,-9999.0,5.179,-9999.0
201202020730,201202020800,-9999.0,1.0,19.1,4.395,6.774,0.390907,0.028422,0.80394,0.079959,59.8124,-9999.0,5.146,-9999.0
201202020800,201202020830,-9999.0,2.0,73.2,7.949,11.264,0.521571,-0.996343,1.34754,0.28753,179.693,-9999.0,5.116,-9999.0
201202020830,201202020900,-9999.0,1.0,136.3,8.556,11.938,0.54228,-0.462246,1.44566,0.499459,291.708,-9999.0,5.085,-9999.0
201202020900,201202020930,-9999.0,1.0,216.4,8.064,10.662,0.502512,-0.478343,1.26209,0.730831,393.936,-9999.0,5.057,-9999.0
201202020930,201202021000,-9999.0,1.0,170.3,8.341,11.003,0.512643,-0.645923,1.30874,0.600877,484.628,-9999.0,5.032,-9999.0
201202021000,201202021030,-9999.0,1.0,127.9,8.722,11.773,0.536186,-0.608457,1.41905,0.470646,562.232,-9999.0,5.012,-9999.0
201202021030,201202021100,-9999.0,1.0,100.9,8.431,11.8,0.536723,-0.60805,1.42238,0.38154,625.421,-9999.0,4.998,-9999.0
201202021100,201202021130,-9999.0,1.0,65.43,7.922,10.905,0.508766,0.002118,1.29327,0.256882,673.112,-9999.0,4.992,-9999.0
201202021130,201202021200,-9999.0,2.0,71.0,7.949,11.264,0.519486,-0.992831,1.34318,0.27659,704.491,-9999.0,4.998,-9999.0
201202021200,201202021230,-9999.0,1.0,104.8,8.431,11.8,0.535801,-0.607302,1.42037,0.392806,719.021,-9999.0,5.009,-9999.0
201202021230,201202021300,-9999.0,2.0,86.5,8.128,11.438,0.524257,-1.06506,1.36686,0.330218,716.452,-9999.0,5.023,-9999.0
201202021300,201202021330,-9999.0,1.0,122.6,8.366,11.692,0.531826,-0.607442,1.40313,0.449494,696.828,-9999.0,5.042,-9999.0
201202021330,201202021400,-9999.0,1.0,137.1,8.556,11.938,0.539183,-0.459737,1.43883,0.494309,660.486,-9999.0,5.064,-9999.0
201202021400,201202021430,-9999.0,1.0,88.2,8.333,11.694,0.531277,-0.414717,1.4021,0.334522,608.047,-9999.0,5.089,-9999.0
201202021430,201202021500,-9999.0,1.0,22.43,4.535,6.969,0.393081,0.121897,0.819182,0.091537,540.409,-9999.0,5.115,-9999.0
201202021500,201202021530,-9999.0,1.0,25.8,4.697,7.087,0.396074,0.058759,0.830867,0.104709,458.728,-9999.0,5.143,-9999.0
201202021530,201202021600,-9999.0,1.0,20.18,4.535,6.969,0.392629,0.122288,0.81854,0.082317,364.403,-9999.0,5.17,-9999.0
201202021600,201202021630,-9999.0,1.0,10.03,4.161,6.429,0.377841,0.029792,0.764878,0.041347,259.046,-9999.0,5.197,-9999.0
201202021630,201202021700,-9999.0,1.0,6.803,4.017,6.322,0.37477,-0.002684,0.754319,0.028109,144.462,-9999.0,5.219,-9999.0
201202021700,201202021730,-9999.0,1.0,2.012,3.887,6.241,0.372402,0.04196,0.74633,0.008348,28.9768,-9999.0,5.237,-9999.0
201202021730,201202021800,-9999.0,1.0,0.33,3.773,6.194,0.370941,0.041887,0.741605,0.00137,0.0,-9999.0,5.253,-9999.0
201202021800,201202021830,-9999.0,1.0,0.323,3.701,6.203,0.370965,0.042124,0.742174,0.001339,0.0,-9999.0,5.265,-9999.0
201202021830,201202021900,-9999.0,1.0,0.247,3.646,6.242,0.371784,0.042529,0.745577,0.001022,0.0,-9999.0,5.274,-9999.0
201202021900,201202021930,-9999.0,1.0,0.184,3.646,6.242,0.371569,0.042717,0.745295,0.00076,0.0,-9999.0,5.28,-9999.0
201202021930,201202022000,-9999.0,1.0,0.114,3.646,6.242,0.371354,0.042904,0.745012,0.00047,0.0,-9999.0,5.281,-9999.0
201202022000,201202022030,-9999.0,1.0,0.061,3.646,6.242,0.371139,0.043092,0.74473,0.000251,0.0,-9999.0,5.281,-9999.0
201202022030,201202022100,-9999.0,1.0,0.015,3.646,6.242,0.370924,0.04328,0.744448,6.2e-05,0.0,-9999.0,5.28,-9999.0
201202022100,201202022130,-9999.0,1.0,0.027,3.646,6.242,0.37071,0.043467,0.744165,0.000111,0.0,-9999.0,5.275,-9999.0
201202022130,201202022200,-9999.0,1.0,0.024,3.646,6.242,0.370495,0.043655,0.743883,9.8e-05,0.0,-9999.0,5.268,-9999.0
201202022200,201202022230,-9999.0,1.0,0.013,3.646,6.242,0.37028,0.043843,0.7436,5.3e-05,0.0,-9999.0,5.264,-9999.0
201202022230,201202022300,-9999.0,1.0,0.022,3.646,6.242,0.370065,0.044031,0.743318,9e-05,0.0,-9999.0,5.255,-9999.0
201202022300,201202022330,-9999.0,1.0,0.084,3.646,6.242,0.36985,0.044218,0.743035,0.000343,0.0,-9999.0,5.246,-9999.0
201202022330,201202030000,-9999.0,1.0,0.153,3.646,6.242,0.369636,0.044406,0.742753,0.000623,0.0,-9999.0,5.237,-9999.0
201202030000,201202030030,-9999.0,1.0,0.131,3.646,6.242,0.369421,0.044594,0.742471,0.000533,0.0,-9999.0,5.225,-9999.0
201202030030,201202030100,-9999.0,1.0,0.069,3.646,6.242,0.369206,0.044781,0.742188,0.00028,0.0,-9999.0,5.214,-9999.0
201202030100,201202030130,-9999.0,1.0,0.138,3.646,6.242,0.368991,0.044969,0.741906,0.00056,0.0,-9999.0,5.203,-9999.0
201202030130,201202030200,-9999.0,1.0,0.099,3.646,6.242,0.368776,0.045157,0.741623,0.000401,0.0,-9999.0,5.189,-9999.0
201202030200,201202030230,-9999.0,1.0,0.116,3.646,6.242,0.368561,0.045345,0.741341,0.000469,0.0,-9999.0,5.176,-9999.0
201202030230,201202030300,-9999.0,1.0,0.062,3.646,6.242,0.368347,0.045532,0.741058,0.00025,0.0,-9999.0,5.16,-9999.0
201202030300,201202030330,-9999.0,1.0,0.009,3.646,6.242,0.368132,0.04572,0.740776,3.6e-05,0.0,-9999.0,5.144,-9999.0
201202030330,201202030400,-9999.0,1.0,0.0,3.646,6.242,0.367917,0.045908,0.740494,0.0,0.0,-9999.0,5.127,-9999.0
201202030400,201202030430,-9999.0,1.0,0.0,3.646,6.242,0.367702,0.046095,0.740211,0.0,0.0,-9999.0,5.109,-9999.0
201202030430,201202030500,-9999.0,1.0,0.0,3.646,6.242,0.367487,0.046283,0.739929,0.0,0.0,-9999.0,5.092,-9999.0
201202030500,201202030530,-9999.0,1.0,0.0,3.646,6.242,0.367273,0.046471,0.739646,0.0,0.0,-9999.0,5.074,-9999.0
201202030530,201202030600,-9999.0,1.0,0.0,3.646,6.242,0.367058,0.046659,0.739364,0.0,0.0,-9999.0,5.058,-9999.0
201202030600,201202030630,-9999.0,1.0,0.0,3.646,6.242,0.366843,0.046846,0.739081,0.0,0.0,-9999.0,5.042,-9999.0
201202030630,201202030700,-9999.0,1.0,0.0,3.646,6.242,0.366628,0.047034,0.738799,0.0,0.0,-9999.0,5.026,-9999.0
201202030700,201202030730,-9999.0,1.0,0.909,3.646,6.242,0.366413,0.047222,0.738517,0.003611,0.0,-9999.0,5.007,-9999.0
201202030730,201202030800,-9999.0,1.0,8.82,3.646,6.242,0.366198,0.047409,0.738234,0.034648,60.7963,-9999.0,4.991,-9999.0
201202030800,201202030830,-9999.0,1.0,27.7,4.108,6.911,0.383621,0.237329,0.802204,0.106229,181.056,-9999.0,4.973,-9999.0
201202030830,201202030900,-9999.0,2.0,55.92,7.506,11.37,0.510172,-0.728159,1.33181,0.207237,293.503,-9999.0,4.954,-9999.0
201202030900,201202030930,-9999.0,2.0,95.1,8.191,12.083,0.531538,-0.987664,1.43341,0.336862,396.212,-9999.0,4.935,-9999.0
201202030930,201202031000,-9999.0,2.0,102.6,8.191,12.083,0.531226,-1.03919,1.43271,0.359893,487.426,-9999.0,4.918,-9999.0
201202031000,201202031030,-9999.0,2.0,118.9,8.191,12.083,0.530913,-1.09538,1.43201,0.409185,565.585,-9999.0,4.904,-9999.0
201202031030,201202031100,-9999.0,2.0,93.9,8.191,12.083,0.530601,-0.986906,1.43132,0.331398,629.351,-9999.0,4.89,-9999.0
201202031100,201202031130,-9999.0,2.0,125.7,8.024,12.033,0.528761,-1.1568,1.42331,0.428068,677.633,-9999.0,4.881,-9999.0
201202031130,201202031200,-9999.0,1.0,139.7,8.278,12.36,0.538467,-0.398686,1.47088,0.468057,709.605,-9999.0,4.874,-9999.0
201202031200,201202031230,-9999.0,2.0,113.0,8.191,12.083,0.529664,-0.961768,1.42923,0.388737,724.72,-9999.0,4.868,-9999.0
201202031230,201202031300,-9999.0,2.0,73.7,7.712,11.545,0.513037,-1.07979,1.35127,0.264193,722.72,-9999.0,4.866,-9999.0
201202031300,201202031330,-9999.0,2.0,50.82,7.236,11.098,0.499346,-0.690915,1.28865,0.186625,703.638,-9999.0,4.866,-9999.0
201202031330,201202031400,-9999.0,2.0,56.9,7.506,11.37,0.507176,-0.843705,1.3255,0.207164,667.8,-9999.0,4.867,-9999.0
201202031400,201202031430,-9999.0,2.0,66.09,7.712,11.545,0.512129,-0.885845,1.34933,0.237741,615.822,-9999.0,4.867,-9999.0
201202031430,201202031500,-9999.0,2.0,50.84,7.236,11.098,0.498461,-0.690191,1.28682,0.185758,548.59,-9999.0,4.864,-9999.0
201202031500,201202031530,-9999.0,1.0,46.19,4.446,7.339,0.391857,0.242669,0.840517,0.169384,467.257,-9999.0,4.859,-9999.0
201202031530,201202031600,-9999.0,2.0,74.7,7.712,11.545,0.51122,-0.964185,1.34739,0.2648,373.213,-9999.0,4.85,-9999.0
201202031600,201202031630,-9999.0,2.0,72.7,7.384,11.317,0.504095,-0.907325,1.315,0.25785,268.068,-9999.0,4.838,-9999.0
201202031630,201202031700,-9999.0,1.0,44.97,4.071,6.897,0.379424,0.240556,0.795434,0.164307,153.621,-9999.0,4.827,-9999.0
201202031700,201202031730,-9999.0,1.0,12.89,3.494,6.021,0.356435,0.049641,0.712659,0.048818,35.608,-9999.0,4.815,-9999.0
201202031730,201202031800,-9999.0,1.0,0.275,3.383,5.847,0.351783,0.048778,0.696763,0.001056,0.0,-9999.0,4.803,-9999.0
201202031800,201202031830,-9999.0,1.0,0.003,3.293,5.694,0.347692,0.04804,0.682969,1.2e-05,0.0,-9999.0,4.791,-9999.0
201202031830,201202031900,-9999.0,1.0,0.0,3.247,5.604,0.345214,0.04768,0.674846,0.0,0.0,-9999.0,4.779,-9999.0
201202031900,201202031930,-9999.0,1.0,0.002,3.22,5.564,0.344001,0.047621,0.671119,8e-06,0.0,-9999.0,4.768,-9999.0
201202031930,201202032000,-9999.0,1.0,0.0,3.229,5.61,0.344954,0.048079,0.674864,0.0,0.0,-9999.0,4.757,-9999.0
201202032000,201202032030,-9999.0,1.0,0.001,3.229,5.61,0.344749,0.04826,0.674613,4e-06,0.0,-9999.0,4.746,-9999.0
201202032030,201202032100,-9999.0,1.0,0.0,3.229,5.61,0.344544,0.048441,0.674361,0.0,0.0,-9999.0,4.735,-9999.0
201202032100,201202032130,-9999.0,1.0,0.004,3.229,5.61,0.344338,0.048622,0.674109,1.5e-05,0.0,-9999.0,4.724,-9999.0
201202032130,201202032200,-9999.0,1.0,0.011,3.229,5.61,0.344133,0.048803,0.673858,4.2e-05,0.0,-9999.0,4.713,-9999.0
201202032200,201202032230,-9999.0,1.0,0.198,3.229,5.61,0.343928,0.048984,0.673606,0.000749,0.0,-9999.0,4.704,-9999.0
201202032230,201202032300,-9999.0,1.0,0.162,3.229,5.61,0.343723,0.049165,0.673354,0.000611,0.0,-9999.0,4.694,-9999.0
201202032300,201202032330,-9999.0,1.0,0.01,3.229,5.61,0.343518,0.049346,0.673102,3.8e-05,0.0,-9999.0,4.684,-9999.0
201202032330,201202040000,-9999.0,1.0,0.006,3.229,5.61,0.343312,0.049527,0.672851,2.3e-05,0.0,-9999.0,4.674,-9999.0
201202040000,201202040030,-9999.0,1.0,0.011,3.229,5.61,0.343107,0.049708,0.672599,4.1e-05,0.0,-9999.0,4.663,-9999.0
201202040030,201202040100,-9999.0,1.0,0.042,3.229,5.61,0.342902,0.049889,0.672347,0.000157,0.0,-9999.0,4.655,-9999.0
201202040100,201202040130,-9999.0,1.0,0.008,3.229,5.61,0.342697,0.05007,0.672096,3e-05,0.0,-9999.0,4.645,-9999.0
201202040130,201202040200,-9999.0,1.0,0.001,3.229,5.61,0.342491,0.050251,0.671844,4e-06,0.0,-9999.0,4.636,-9999.0
201202040200,201202040230,-9999.0,1.0,0.0,3.229,5.61,0.342286,0.050432,0.671592,0.0,0.0,-9999.0,4.626,-9999.0
201202040230,201202040300,-9999.0,1.0,0.004,3.229,5.61,0.342081,0.050613,0.67134,1.5e-05,0.0,-9999.0,4.617,-9999.0
201202040300,201202040330,-9999.0,1.0,0.004,3.229,5.61,0.341876,0.050794,0.671089,1.5e-05,0.0,-9999.0,4.607,-9999.0
201202040330,201202040400,-9999.0,1.0,0.008,3.229,5.61,0.34167,0.050975,0.670837,3e-05,0.0,-9999.0,4.599,-9999.0
201202040400,201202040430,-9999.0,1.0,0.011,3.229,5.61,0.341465,0.051156,0.670585,4.1e-05,0.0,-9999.0,4.59,-9999.0
201202040430,201202040500,-9999.0,1.0,0.049,3.229,5.61,0.34126,0.051338,0.670334,0.000181,0.0,-9999.0,4.582,-9999.0
201202040500,201202040530,-9999.0,1.0,0.028,3.229,5.61,0.341055,0.051519,0.670082,0.000103,0.0,-9999.0,4.572,-9999.0
201202040530,201202040600,-9999.0,1.0,0.004,3.229,5.61,0.340849,0.0517,0.66983,1.5e-05,0.0,-9999.0,4.564,-9999.0
201202040600,201202040630,-9999.0,1.0,0.0,3.229,5.61,0.340644,0.051881,0.669578,0.0,0.0,-9999.0,4.555,-9999.0
201202040630,201202040700,-9999.0,1.0,0.002,3.229,5.61,0.340439,0.052062,0.669327,7e-06,0.0,-9999.0,4.547,-9999.0
201202040700,201202040730,-9999.0,1.0,1.314,3.229,5.61,0.340234,0.052243,0.669075,0.004807,0.0522686,-9999.0,4.538,-9999.0
201202040730,201202040800,-9999.0,1.0,12.68,3.229,5.61,0.340028,0.052424,0.668823,0.045674,65.9759,-9999.0,4.528,-9999.0
201202040800,201202040830,-9999.0,1.0,33.78,3.575,6.175,0.353976,0.241968,0.718327,0.118473,186.382,-9999.0,4.519,-9999.0
201202040830,201202040900,-9999.0,2.0,68.93,7.029,11.105,0.488051,-0.787242,1.26585,0.231825,298.965,-9999.0,4.511,-9999.0
201202040900,201202040930,-9999.0,2.0,76.9,7.226,11.38,0.495783,-0.956971,1.30221,0.255884,401.799,-9999.0,4.502,-9999.0
201202040930,201202041000,-9999.0,2.0,88.1,7.458,11.69,0.50459,-0.95744,1.34408,0.289034,493.124,-9999.0,4.493,-9999.0
201202041000,201202041030,-9999.0,2.0,90.8,7.458,11.69,0.504285,-0.935812,1.34342,0.29648,571.377,-9999.0,4.485,-9999.0
201202041030,201202041100,-9999.0,2.0,89.9,7.458,11.69,0.50398,-0.935564,1.34276,0.293302,635.221,-9999.0,4.478,-9999.0
201202041100,201202041130,-9999.0,2.0,167.0,7.839,12.18,0.51818,-0.888979,1.41103,0.501565,683.561,-9999.0,4.471,-9999.0
201202041130,201202041200,-9999.0,2.0,148.2,7.839,12.18,0.517866,-0.951276,1.41033,0.452886,715.572,-9999.0,4.464,-9999.0
201202041200,201202041230,-9999.0,2.0,123.0,7.458,11.69,0.503064,-1.029,1.34078,0.385178,730.705,-9999.0,4.458,-9999.0
201202041230,201202041300,-9999.0,2.0,169.6,7.839,12.18,0.517238,-0.888218,1.40891,0.50529,728.702,-9999.0,4.452,-9999.0
201202041300,201202041330,-9999.0,2.0,254.8,8.823,13.265,0.549547,-0.799292,1.56869,0.697926,709.597,-9999.0,4.447,-9999.0
201202041330,201202041400,-9999.0,2.0,219.4,8.385,12.835,0.536198,-0.656632,1.50295,0.620213,673.716,-9999.0,4.441,-9999.0
201202041400,201202041430,-9999.0,2.0,313.3,7.768,11.274,0.241116,-0.764826,0.369462,0.811076,621.675,-9999.0,4.438,-9999.0
201202041430,201202041500,-9999.0,2.0,333.1,7.547,11.032,0.247567,-0.66001,0.387233,0.846037,554.362,-9999.0,4.431,-9999.0
201202041500,201202041530,-9999.0,2.0,281.3,7.52,11.926,0.254123,-0.936716,0.405666,0.746576,472.93,-9999.0,4.423,-9999.0
201202041530,201202041600,-9999.0,2.0,184.6,5.469,12.275,0.260739,-0.860701,0.424654,0.535904,378.772,-9999.0,4.418,-9999.0
201202041600,201202041630,-9999.0,2.0,115.6,5.261,12.508,0.267437,-1.08324,0.444266,0.359567,273.499,-9999.0,4.415,-9999.0
201202041630,201202041700,-9999.0,1.0,44.39,3.33,5.822,0.341559,0.242845,0.682498,0.149115,158.913,-9999.0,4.412,-9999.0
201202041700,201202041730,-9999.0,1.0,13.53,3.039,5.315,0.328926,0.053956,0.639294,0.047037,39.6179,-9999.0,4.414,-9999.0
201202041730,201202041800,-9999.0,1.0,0.982,2.886,5.039,0.322057,0.052357,0.61651,0.003459,0.0,-9999.0,4.414,-9999.0
201202041800,201202041830,-9999.0,1.0,0.25,2.736,4.746,0.314857,0.050653,0.592982,0.00088,0.0,-9999.0,4.409,-9999.0
201202041830,201202041900,-9999.0,1.0,0.235,2.62,4.493,0.30868,0.049208,0.573168,0.000826,0.0,-9999.0,4.402,-9999.0
201202041900,201202041930,-9999.0,1.0,0.262,2.535,4.293,0.303802,0.048104,0.557805,0.000919,0.0,-9999.0,4.394,-9999.0
201202041930,201202042000,-9999.0,1.0,0.14,2.453,4.111,0.299382,-0.073389,0.544073,0.00049,0.0,-9999.0,4.386,-9999.0
201202042000,201202042030,-9999.0,1.0,0.082,2.384,3.969,0.295918,-0.074124,0.533491,0.000287,0.0,-9999.0,4.374,-9999.0
201202042030,201202042100,-9999.0,1.0,0.017,2.368,3.947,0.29523,-0.074099,0.531712,5.9e-05,0.0,-9999.0,4.362,-9999.0
201202042100,201202042130,-9999.0,2.0,0.005,2.382,3.97,0.295578,-0.63267,0.533198,1.7e-05,0.0,-9999.0,4.346,-9999.0
201202042130,201202042200,-9999.0,2.0,0.007,2.382,3.97,0.295397,-0.632506,0.533016,2.4e-05,0.0,-9999.0,4.329,-9999.0
201202042200,201202042230,-9999.0,2.0,0.003,2.405,4.007,0.296066,-0.725976,0.535522,1e-05,0.0,-9999.0,4.314,-9999.0
201202042230,201202042300,-9999.0,2.0,0.006,2.413,4.007,0.295884,-0.766576,0.535337,2.1e-05,0.0,-9999.0,4.296,-9999.0
201202042300,201202042330,-9999.0,2.0,0.012,2.443,4.024,0.296094,-0.791206,0.536391,4.1e-05,0.0,-9999.0,4.277,-9999.0
201202042330,201202050000,-9999.0,2.0,0.001,2.443,4.024,0.295911,-0.815931,0.536206,3e-06,0.0,-9999.0,4.256,-9999.0
201202050000,201202050030,-9999.0,2.0,0.0,2.569,4.232,0.300528,-0.814428,0.551311,0.0,0.0,-9999.0,4.235,-9999.0
201202050030,201202050100,-9999.0,2.0,0.0,2.569,4.232,0.300343,-0.814261,0.551118,0.0,0.0,-9999.0,4.212,-9999.0
201202050100,201202050130,-9999.0,2.0,0.0,2.906,7.241,0.186445,-0.834551,0.240306,0.0,0.0,-9999.0,4.187,-9999.0
201202050130,201202050200,-9999.0,2.0,0.0,2.889,7.233,0.171611,-0.844292,0.20826,0.0,0.0,-9999.0,4.16,-9999.0
201202050200,201202050230,-9999.0,2.0,0.0,2.871,7.226,0.15744,-0.848659,0.179498,0.0,0.0,-9999.0,4.135,-9999.0
201202050230,201202050300,-9999.0,2.0,0.0,2.871,7.226,0.143969,-0.8529,0.153866,0.0,0.0,-9999.0,4.109,-9999.0
201202050300,201202050330,-9999.0,2.0,0.0,2.871,7.226,0.131168,-0.85702,0.131087,0.0,0.0,-9999.0,4.083,-9999.0
201202050330,201202050400,-9999.0,2.0,0.0,2.871,7.226,0.119052,-0.861011,0.110976,0.0,0.0,-9999.0,4.059,-9999.0
201202050400,201202050430,-9999.0,2.0,0.0,2.871,7.226,0.107634,-0.864861,0.093342,0.0,0.0,-9999.0,4.031,-9999.0
201202050430,201202050500,-9999.0,2.0,0.0,2.871,7.226,0.107157,-0.86493,0.092727,0.0,0.0,-9999.0,4.006,-9999.0
201202050500,201202050530,-9999.0,2.0,0.0,2.871,7.226,0.106695,-0.864996,0.092135,0.0,0.0,-9999.0,3.984,-9999.0
201202050530,201202050600,-9999.0,2.0,0.0,2.871,7.226,0.106234,-0.865061,0.091546,0.0,0.0,-9999.0,3.961,-9999.0
201202050600,201202050630,-9999.0,2.0,0.0,2.871,7.226,0.105762,-0.865132,0.090941,0.0,0.0,-9999.0,3.938,-9999.0
201202050630,201202050700,-9999.0,2.0,0.0,2.871,7.226,0.105304,-0.865198,0.090358,0.0,0.0,-9999.0,3.917,-9999.0
201202050700,201202050730,-9999.0,2.0,2.293,2.91,7.239,0.104834,-0.855325,0.08976,0.007663,0.309278,-9999.0,3.896,-9999.0
201202050730,201202050800,-9999.0,2.0,17.97,3.004,7.336,0.114514,-0.844304,0.104626,0.058819,71.2352,-9999.0,3.878,-9999.0
201202050800,201202050830,-9999.0,2.0,65.08,5.26,11.497,0.124693,-0.881101,0.121304,0.201341,191.786,-9999.0,3.86,-9999.0
201202050830,201202050900,-9999.0,2.0,64.47,5.218,11.512,0.135385,-0.877559,0.139955,0.199201,304.504,-9999.0,3.841,-9999.0
201202050900,201202050930,-9999.0,2.0,107.9,5.747,12.587,0.146561,-0.997975,0.160663,0.317239,407.461,-9999.0,3.821,-9999.0
201202050930,201202051000,-9999.0,2.0,204.6,5.473,12.389,0.158231,-0.93569,0.183592,0.543948,498.896,-9999.0,3.799,-9999.0
201202051000,201202051030,-9999.0,2.0,459.7,7.923,10.793,0.170394,-0.758535,0.208878,0.977432,577.243,-9999.0,3.782,-9999.0
201202051030,201202051100,-9999.0,2.0,244.4,6.572,12.179,0.183206,-0.883188,0.23702,0.623106,641.163,-9999.0,3.767,-9999.0
201202051100,201202051130,-9999.0,2.0,325.1,7.547,11.032,0.196514,-0.668161,0.267865,0.769143,689.562,-9999.0,3.752,-9999.0
201202051130,201202051200,-9999.0,2.0,344.8,7.663,11.032,0.210312,-0.270139,0.301554,0.80042,721.611,-9999.0,3.739,-9999.0
201202051200,201202051230,-9999.0,2.0,381.4,7.78,10.993,0.224594,-0.494365,0.338229,0.856809,736.763,-9999.0,3.725,-9999.0
201202051230,201202051300,-9999.0,2.0,519.9,7.56,10.839,0.239353,-0.735017,0.378031,1.04554,734.757,-9999.0,3.72,-9999.0
201202051300,201202051330,-9999.0,2.0,504.5,7.847,10.889,0.254583,-0.750545,0.421096,1.02428,715.629,-9999.0,3.72,-9999.0
201202051330,201202051400,-9999.0,2.0,457.8,7.921,10.85,0.25816,-0.914266,0.431761,0.961402,679.705,-9999.0,3.723,-9999.0
201202051400,201202051430,-9999.0,2.0,401.8,7.816,10.95,0.26176,-0.702159,0.442613,0.880575,627.601,-9999.0,3.729,-9999.0
201202051430,201202051500,-9999.0,2.0,333.3,7.547,11.032,0.265383,-0.645537,0.453653,0.772126,560.207,-9999.0,3.736,-9999.0
201202051500,201202051530,-9999.0,2.0,257.6,7.182,11.269,0.269028,-0.897993,0.464883,0.637231,478.677,-9999.0,3.751,-9999.0
201202051530,201202051600,-9999.0,2.0,186.6,5.853,12.021,0.272695,-0.868911,0.476304,0.493022,384.407,-9999.0,3.773,-9999.0
201202051600,201202051630,-9999.0,2.0,134.3,5.713,12.628,0.276384,-1.01292,0.487918,0.373444,279.008,-9999.0,3.796,-9999.0
201202051630,201202051700,-9999.0,2.0,39.04,3.316,8.062,0.264653,-0.875146,0.452881,0.120291,164.284,-9999.0,3.823,-9999.0
201202051700,201202051730,-9999.0,2.0,12.93,2.959,7.27,0.253182,-0.796232,0.419702,0.041,43.8939,-9999.0,3.849,-9999.0
201202051730,201202051800,-9999.0,2.0,1.17,2.91,7.239,0.241973,-0.807023,0.388326,0.003755,0.0,-9999.0,3.871,-9999.0
201202051800,201202051830,-9999.0,2.0,0.259,2.871,7.226,0.231029,-0.820222,0.358696,0.000831,0.0,-9999.0,3.892,-9999.0
201202051830,201202051900,-9999.0,2.0,0.027,2.871,7.226,0.220351,-0.823439,0.330757,8.6e-05,0.0,-9999.0,3.908,-9999.0
201202051900,201202051930,-9999.0,2.0,0.001,2.871,7.226,0.209942,-0.826616,0.304451,3e-06,0.0,-9999.0,3.916,-9999.0
201202051930,201202052000,-9999.0,2.0,0.0,2.871,7.226,0.205179,-0.827995,0.292857,0.0,0.0,-9999.0,3.917,-9999.0
201202052000,201202052030,-9999.0,2.0,0.005,2.871,7.226,0.200476,-0.829368,0.281596,1.6e-05,0.0,-9999.0,3.916,-9999.0
201202052030,201202052100,-9999.0,2.0,0.007,2.871,7.226,0.195834,-0.830734,0.270661,2.2e-05,0.0,-9999.0,3.914,-9999.0
201202052100,201202052130,-9999.0,2.0,0.004,2.871,7.226,0.191234,-0.832099,0.260005,1.3e-05,0.0,-9999.0,3.909,-9999.0
201202052130,201202052200,-9999.0,2.0,0.003,2.871,7.226,0.186713,-0.833451,0.249707,9e-06,0.0,-9999.0,3.906,-9999.0
201202052200,201202052230,-9999.0,2.0,0.002,2.871,7.226,0.182253,-0.834797,0.239719,6e-06,0.0,-9999.0,3.901,-9999.0
201202052230,201202052300,-9999.0,2.0,0.0,2.871,7.226,0.178919,-0.835773,0.232415,0.0,0.0,-9999.0,3.894,-9999.0
201202052300,201202052330,-9999.0,2.0,0.001,2.871,7.226,0.175602,-0.836752,0.225243,3e-06,0.0,-9999.0,3.889,-9999.0
201202052330,201202060000,-9999.0,2.0,0.001,2.871,7.226,0.172322,-0.837727,0.21824,3e-06,0.0,-9999.0,3.881,-9999.0
201202060000,201202060030,-9999.0,2.0,0.001,2.871,7.226,0.169094,-0.838693,0.211439,3e-06,0.0,-9999.0,3.872,-9999.0
201202060030,201202060100,-9999.0,2.0,0.001,2.871,7.226,0.165884,-0.839661,0.204765,3e-06,0.0,-9999.0,3.861,-9999.0
201202060100,201202060130,-9999.0,2.0,0.0,2.871,7.226,0.162726,-0.84062,0.198286,0.0,0.0,-9999.0,3.853,-9999.0
201202060130,201202060200,-9999.0,2.0,0.003,2.871,7.226,0.161546,-0.840892,0.196002,9e-06,0.0,-9999.0,3.842,-9999.0
201202060200,201202060230,-9999.0,2.0,0.0,2.871,7.226,0.160389,-0.841159,0.193773,0.0,0.0,-9999.0,3.832,-9999.0
201202060230,201202060300,-9999.0,2.0,0.001,2.871,7.226,0.15922,-0.841432,0.19153,3e-06,0.0,-9999.0,3.819,-9999.0
201202060300,201202060330,-9999.0,2.0,0.0,2.871,7.226,0.158056,-0.841705,0.189307,0.0,0.0,-9999.0,3.807,-9999.0
201202060330,201202060400,-9999.0,2.0,0.0,2.871,7.226,0.156898,-0.841978,0.187105,0.0,0.0,-9999.0,3.792,-9999.0
201202060400,201202060430,-9999.0,2.0,0.0,2.871,7.226,0.155761,-0.842245,0.184956,0.0,0.0,-9999.0,3.778,-9999.0
201202060430,201202060500,-9999.0,2.0,0.0,2.871,7.226,0.155823,-0.842086,0.185257,0.0,0.0,-9999.0,3.762,-9999.0
201202060500,201202060530,-9999.0,2.0,0.0,2.871,7.226,0.155902,-0.84192,0.185591,0.0,0.0,-9999.0,3.747,-9999.0
201202060530,201202060600,-9999.0,2.0,0.0,2.871,7.226,0.155964,-0.84176,0.185893,0.0,0.0,-9999.0,3.73,-9999.0
201202060600,201202060630,-9999.0,2.0,0.0,2.871,7.226,0.156042,-0.841594,0.186228,0.0,0.0,-9999.0,3.713,-9999.0
201202060630,201202060700,-9999.0,2.0,0.004,2.871,7.226,0.156104,-0.841433,0.18653,1.2e-05,0.0,-9999.0,3.695,-9999.0
201202060700,201202060730,-9999.0,2.0,2.881,2.91,7.239,0.156182,-0.831323,0.186865,0.008722,0.778177,-9999.0,3.677,-9999.0
201202060730,201202060800,-9999.0,2.0,28.67,3.043,7.831,0.161859,-0.905452,0.198859,0.083994,76.5719,-9999.0,3.658,-9999.0
201202060800,201202060830,-9999.0,2.0,155.3,5.837,12.303,0.167645,-1.00271,0.21141,0.395318,197.265,-9999.0,3.637,-9999.0
201202060830,201202060900,-9999.0,2.0,252.9,7.01,11.439,0.173556,-0.912175,0.224573,0.584174,310.117,-9999.0,3.616,-9999.0
201202060900,201202060930,-9999.0,2.0,339.8,7.649,11.257,0.179558,-0.496499,0.238286,0.724746,413.196,-9999.0,3.596,-9999.0
201202060930,201202061000,-9999.0,2.0,254.8,7.01,11.439,0.185666,-0.907583,0.252602,0.584989,504.739,-9999.0,3.576,-9999.0
201202061000,201202061030,-9999.0,2.0,495.3,7.977,11.115,0.191897,-0.782411,0.267577,0.927893,583.18,-9999.0,3.557,-9999.0
201202061030,201202061100,-9999.0,2.0,528.0,7.706,11.261,0.199117,-0.959211,0.285356,0.963138,647.176,-9999.0,3.539,-9999.0
201202061100,201202061130,-9999.0,2.0,535.4,7.779,11.253,0.206492,-0.811645,0.304023,0.969205,695.632,-9999.0,3.522,-9999.0
201202061130,201202061200,-9999.0,2.0,549.9,7.756,11.354,0.213984,-0.973726,0.323506,0.9828,727.719,-9999.0,3.507,-9999.0
201202061200,201202061230,-9999.0,2.0,550.2,7.756,11.354,0.22161,-0.970926,0.343871,0.98097,742.888,-9999.0,3.503,-9999.0
201202061230,201202061300,-9999.0,2.0,530.4,7.761,11.258,0.229388,-0.966642,0.365194,0.957385,740.88,-9999.0,3.508,-9999.0
201202061300,201202061330,-9999.0,2.0,543.0,7.713,11.212,0.237279,-0.896198,0.387387,0.968962,721.73,-9999.0,3.515,-9999.0
201202061330,201202061400,-9999.0,2.0,349.9,7.839,11.276,0.237146,-0.239989,0.387328,0.725456,685.763,-9999.0,3.528,-9999.0
201202061400,201202061430,-9999.0,2.0,235.6,6.498,11.21,0.237033,-0.702162,0.387326,0.539954,633.597,-9999.0,3.544,-9999.0
201202061430,201202061500,-9999.0,2.0,162.0,5.59,11.719,0.2369,-0.857426,0.387267,0.398097,566.124,-9999.0,3.561,-9999.0
201202061500,201202061530,-9999.0,2.0,154.6,5.682,11.656,0.236767,-0.857275,0.387208,0.381935,484.497,-9999.0,3.583,-9999.0
201202061530,201202061600,-9999.0,2.0,99.2,6.269,11.72,0.236634,-0.786729,0.387149,0.259194,390.115,-9999.0,3.609,-9999.0
201202061600,201202061630,-9999.0,2.0,44.06,3.333,8.207,0.236521,-0.910763,0.387146,0.122159,284.591,-9999.0,3.633,-9999.0
201202061630,201202061700,-9999.0,2.0,28.64,2.999,7.827,0.225986,-0.910164,0.358295,0.080661,169.731,-9999.0,3.654,-9999.0
201202061700,201202061730,-9999.0,2.0,15.57,2.948,7.248,0.215685,-0.838477,0.330996,0.044434,48.4412,-9999.0,3.67,-9999.0
201202061730,201202061800,-9999.0,2.0,1.608,2.879,7.111,0.205658,-0.84377,0.305301,0.004656,0.0,-9999.0,3.679,-9999.0
201202061800,201202061830,-9999.0,2.0,0.176,2.839,7.047,0.195886,-0.899147,0.281104,0.000509,0.0,-9999.0,3.682,-9999.0
201202061830,201202061900,-9999.0,2.0,0.181,2.828,7.012,0.186371,-0.918567,0.258354,0.000523,0.0,-9999.0,3.678,-9999.0
201202061900,201202061930,-9999.0,2.0,0.211,2.817,6.978,0.177115,-0.921796,0.236997,0.000608,0.0,-9999.0,3.671,-9999.0
201202061930,201202062000,-9999.0,2.0,0.29,2.807,6.944,0.176073,-0.922024,0.23483,0.000833,0.0,-9999.0,3.657,-9999.0
201202062000,201202062030,-9999.0,2.0,0.158,2.798,6.913,0.175017,-0.961569,0.232641,0.000453,0.0,-9999.0,3.64,-9999.0
201202062030,201202062100,-9999.0,2.0,0.116,2.79,6.89,0.173983,-0.968447,0.230506,0.000332,0.0,-9999.0,3.622,-9999.0
201202062100,201202062130,-9999.0,2.0,0.029,2.783,6.872,0.172936,-0.964293,0.228348,8.3e-05,0.0,-9999.0,3.602,-9999.0
201202062130,201202062200,-9999.0,2.0,0.024,2.775,6.855,0.171909,-0.990612,0.226244,6.8e-05,0.0,-9999.0,3.58,-9999.0
201202062200,201202062230,-9999.0,2.0,0.016,2.766,6.838,0.170886,-1.00521,0.224156,4.5e-05,0.0,-9999.0,3.556,-9999.0
201202062230,201202062300,-9999.0,2.0,0.002,2.757,6.82,0.171112,-1.01631,0.224867,6e-06,0.0,-9999.0,3.533,-9999.0
201202062300,201202062330,-9999.0,2.0,0.0,2.763,6.792,0.171354,-1.01607,0.225618,0.0,0.0,-9999.0,3.51,-9999.0
201202062330,201202070000,-9999.0,2.0,0.0,2.768,6.763,0.171579,-1.01583,0.226332,0.0,0.0,-9999.0,3.486,-9999.0
201202070000,201202070030,-9999.0,2.0,0.0,2.777,6.734,0.17182,-1.01558,0.227086,0.0,0.0,-9999.0,3.463,-9999.0
201202070030,201202070100,-9999.0,2.0,0.001,2.786,6.708,0.172045,-1.01534,0.227802,3e-06,0.0,-9999.0,3.441,-9999.0
201202070100,201202070130,-9999.0,2.0,0.0,2.797,6.681,0.172287,-1.0151,0.228559,0.0,0.0,-9999.0,3.417,-9999.0
201202070130,201202070200,-9999.0,2.0,0.0,2.811,6.656,0.173713,-1.0144,0.232009,0.0,0.0,-9999.0,3.394,-9999.0
201202070200,201202070230,-9999.0,2.0,0.001,2.827,6.634,0.175161,-1.01369,0.235535,3e-06,0.0,-9999.0,3.372,-9999.0
201202070230,201202070300,-9999.0,2.0,0.0,2.847,6.613,0.176598,-1.01299,0.239058,0.0,0.0,-9999.0,3.35,-9999.0
201202070300,201202070330,-9999.0,2.0,0.0,2.868,6.592,0.178058,-1.01228,0.242659,0.0,0.0,-9999.0,3.329,-9999.0
201202070330,201202070400,-9999.0,2.0,0.0,2.89,6.579,0.179505,-1.01157,0.246257,0.0,0.0,-9999.0,3.308,-9999.0
201202070400,201202070430,-9999.0,2.0,0.0,2.914,6.571,0.180976,-1.01085,0.249934,0.0,0.0,-9999.0,3.29,-9999.0
201202070430,201202070500,-9999.0,2.0,0.0,2.939,6.569,0.181722,-1.0104,0.251923,0.0,0.0,-9999.0,3.269,-9999.0
201202070500,201202070530,-9999.0,2.0,0.0,2.964,6.571,0.182487,-1.00994,0.253963,0.0,0.0,-9999.0,3.252,-9999.0
201202070530,201202070600,-9999.0,2.0,0.0,2.99,6.572,0.183236,-1.00949,0.255973,0.0,0.0,-9999.0,3.233,-9999.0
201202070600,201202070630,-9999.0,2.0,0.0,3.016,6.579,0.184004,-1.00904,0.258036,0.0,0.0,-9999.0,3.218,-9999.0
201202070630,201202070700,-9999.0,2.0,0.0,3.043,6.591,0.184755,-1.00859,0.260067,0.0,0.0,-9999.0,3.203,-9999.0
201202070700,201202070730,-9999.0,2.0,2.512,3.098,6.64,0.185507,-0.996231,0.26211,0.006825,1.47876,-9999.0,3.188,-9999.0
201202070730,201202070800,-9999.0,2.0,28.35,3.25,7.363,0.190849,-1.11395,0.275348,0.074511,81.9834,-9999.0,3.173,-9999.0
201202070800,201202070830,-9999.0,2.0,102.6,6.314,11.683,0.19625,-0.795142,0.289017,0.247464,202.818,-9999.0,3.159,-9999.0
201202070830,201202070900,-9999.0,2.0,215.2,6.317,11.273,0.201726,-0.634954,0.303166,0.461714,315.802,-9999.0,3.145,-9999.0
201202070900,201202070930,-9999.0,2.0,263.3,7.032,10.835,0.207279,-0.644809,0.317806,0.538631,419.001,-9999.0,3.133,-9999.0
201202070930,201202071000,-9999.0,2.0,146.4,5.818,11.601,0.212906,-0.85872,0.332943,0.334743,510.651,-9999.0,3.122,-9999.0
201202071000,201202071030,-9999.0,2.0,186.2,6.073,11.369,0.218626,-0.77945,0.348639,0.407988,589.184,-9999.0,3.112,-9999.0
201202071030,201202071100,-9999.0,2.0,216.1,6.317,11.273,0.226566,-0.624906,0.370826,0.458779,653.254,-9999.0,3.103,-9999.0
201202071100,201202071130,-9999.0,2.0,393.9,7.477,10.617,0.234666,-0.356851,0.394055,0.712465,701.767,-9999.0,3.096,-9999.0
201202071130,201202071200,-9999.0,2.0,289.8,7.341,11.519,0.242884,-0.722021,0.418237,0.571751,733.892,-9999.0,3.092,-9999.0
201202071200,201202071230,-9999.0,2.0,276.8,7.059,10.973,0.251237,-0.590309,0.443446,0.5512,749.079,-9999.0,3.091,-9999.0
201202071230,201202071300,-9999.0,2.0,469.9,7.934,10.75,0.259746,-0.709564,0.469768,0.794168,747.068,-9999.0,3.098,-9999.0
201202071300,201202071330,-9999.0,2.0,484.0,8.118,11.152,0.268368,-0.744701,0.497098,0.807194,727.895,-9999.0,3.114,-9999.0
201202071330,201202071400,-9999.0,2.0,321.7,7.774,10.576,0.266991,-0.433779,0.493137,0.610987,691.887,-9999.0,3.138,-9999.0
201202071400,201202071430,-9999.0,2.0,323.6,7.774,10.576,0.265618,-0.434052,0.489201,0.612063,639.66,-9999.0,3.164,-9999.0
201202071430,201202071500,-9999.0,2.0,237.3,6.887,10.791,0.264249,-0.657092,0.485289,0.484117,572.107,-9999.0,3.194,-9999.0
201202071500,201202071530,-9999.0,2.0,128.0,6.572,11.795,0.262885,-0.622964,0.481402,0.29038,490.385,-9999.0,3.226,-9999.0
201202071530,201202071600,-9999.0,2.0,142.1,6.287,11.144,0.261525,-0.626217,0.477539,0.316874,395.893,-9999.0,3.263,-9999.0
201202071600,201202071630,-9999.0,2.0,102.0,6.576,11.491,0.260169,-0.722545,0.4737,0.236708,290.245,-9999.0,3.297,-9999.0
201202071630,201202071700,-9999.0,2.0,57.06,5.565,10.794,0.255115,-0.789212,0.458486,0.13882,175.251,-9999.0,3.327,-9999.0
201202071700,201202071730,-9999.0,2.0,10.42,3.066,6.587,0.250094,-0.963461,0.443571,0.0267,53.2777,-9999.0,3.356,-9999.0
201202071730,201202071800,-9999.0,2.0,0.741,2.978,6.455,0.245125,-0.963022,0.429012,0.001916,0.0,-9999.0,3.381,-9999.0
201202071800,201202071830,-9999.0,2.0,0.125,2.979,6.426,0.240209,-0.961639,0.414804,0.000323,0.0,-9999.0,3.401,-9999.0
201202071830,201202071900,-9999.0,2.0,0.24,2.969,6.421,0.235346,-0.975399,0.400944,0.000618,0.0,-9999.0,3.418,-9999.0
201202071900,201202071930,-9999.0,2.0,0.288,2.965,6.418,0.230555,-0.988357,0.387482,0.00074,0.0,-9999.0,3.431,-9999.0
201202071930,201202072000,-9999.0,2.0,0.172,2.963,6.416,0.229352,-0.998363,0.384371,0.000441,0.0,-9999.0,3.441,-9999.0
201202072000,201202072030,-9999.0,2.0,0.071,2.959,6.414,0.228153,-0.99608,0.38128,0.000181,0.0,-9999.0,3.451,-9999.0
201202072030,201202072100,-9999.0,2.0,0.039,2.955,6.409,0.226958,-1.02117,0.378208,9.9e-05,0.0,-9999.0,3.456,-9999.0
201202072100,201202072130,-9999.0,2.0,0.039,2.948,6.402,0.225766,-1.03113,0.375156,9.9e-05,0.0,-9999.0,3.459,-9999.0
201202072130,201202072200,-9999.0,2.0,0.014,2.941,6.392,0.224578,-1.0361,0.372123,3.6e-05,0.0,-9999.0,3.464,-9999.0
201202072200,201202072230,-9999.0,2.0,0.002,2.937,6.39,0.223394,-1.06295,0.369109,5e-06,0.0,-9999.0,3.464,-9999.0
201202072230,201202072300,-9999.0,2.0,0.008,2.938,6.392,0.222977,-1.0697,0.368249,2e-05,0.0,-9999.0,3.467,-9999.0
201202072300,201202072330,-9999.0,2.0,0.0,2.941,6.398,0.222559,-1.09357,0.367392,0.0,0.0,-9999.0,3.468,-9999.0
201202072330,201202080000,-9999.0,2.0,0.0,2.944,6.405,0.222143,-1.09353,0.366536,0.0,0.0,-9999.0,3.468,-9999.0
201202080000,201202080030,-9999.0,2.0,0.0,2.943,6.405,0.221727,-1.09618,0.365682,0.0,0.0,-9999.0,3.468,-9999.0
201202080030,201202080100,-9999.0,2.0,0.0,2.943,6.405,0.221311,-1.09339,0.36483,0.0,0.0,-9999.0,3.467,-9999.0
201202080100,201202080130,-9999.0,2.0,0.0,2.941,6.409,0.220896,-1.08635,0.36398,0.0,0.0,-9999.0,3.465,-9999.0
201202080130,201202080200,-9999.0,2.0,0.0,2.943,6.419,0.22158,-1.09052,0.366207,0.0,0.0,-9999.0,3.468,-9999.0
201202080200,201202080230,-9999.0,2.0,0.0,2.949,6.434,0.222266,-1.10069,0.368443,0.0,0.0,-9999.0,3.467,-9999.0
201202080230,201202080300,-9999.0,2.0,0.0,2.955,6.453,0.22297,-1.09543,0.37074,0.0,0.0,-9999.0,3.468,-9999.0
201202080300,201202080330,-9999.0,2.0,0.0,2.959,6.468,0.223657,-1.12338,0.372993,0.0,0.0,-9999.0,3.469,-9999.0
201202080330,201202080400,-9999.0,2.0,0.0,2.963,6.483,0.224343,-1.12959,0.375254,0.0,0.0,-9999.0,3.469,-9999.0
201202080400,201202080430,-9999.0,2.0,0.0,2.968,6.499,0.22503,-1.13974,0.377523,0.0,0.0,-9999.0,3.468,-9999.0
201202080430,201202080500,-9999.0,2.0,0.0,2.976,6.523,0.225049,-1.14116,0.377897,0.0,0.0,-9999.0,3.465,-9999.0
201202080500,201202080530,-9999.0,2.0,0.0,2.985,6.548,0.225068,-1.16922,0.37827,0.0,0.0,-9999.0,3.462,-9999.0
201202080530,201202080600,-9999.0,2.0,0.0,2.994,6.575,0.225086,-1.1777,0.378644,0.0,0.0,-9999.0,3.458,-9999.0
201202080600,201202080630,-9999.0,2.0,0.0,3.003,6.603,0.225105,-1.18534,0.379017,0.0,0.0,-9999.0,3.455,-9999.0
201202080630,201202080700,-9999.0,2.0,0.0,3.006,6.628,0.225104,-1.18208,0.379337,0.0,0.0,-9999.0,3.45,-9999.0
201202080700,201202080730,-9999.0,2.0,3.074,3.035,6.688,0.225122,-1.1779,0.37971,0.007388,2.42943,-9999.0,3.445,-9999.0
201202080730,201202080800,-9999.0,2.0,28.28,3.271,7.529,0.231453,-1.31716,0.398297,0.065777,87.4672,-9999.0,3.44,-9999.0
201202080800,201202080830,-9999.0,2.0,67.18,5.633,10.715,0.237869,-0.759929,0.417513,0.149032,208.441,-9999.0,3.436,-9999.0
201202080830,201202080900,-9999.0,2.0,102.1,6.537,11.57,0.244367,-0.738305,0.437369,0.217369,321.554,-9999.0,3.434,-9999.0
201202080900,201202080930,-9999.0,2.0,263.8,7.131,11.177,0.250948,-0.630491,0.457874,0.476866,424.873,-9999.0,3.431,-9999.0
201202080930,201202081000,-9999.0,2.0,286.0,7.508,11.813,0.25761,-0.738577,0.479037,0.505275,516.628,-9999.0,3.432,-9999.0
201202081000,201202081030,-9999.0,2.0,298.3,7.928,11.939,0.264353,-0.70734,0.500867,0.519804,595.251,-9999.0,3.437,-9999.0
201202081030,201202081100,-9999.0,2.0,532.6,7.559,11.191,0.274837,-0.88621,0.535402,0.765729,659.395,-9999.0,3.45,-9999.0
201202081100,201202081130,-9999.0,2.0,609.1,7.53,11.734,0.285508,-0.779429,0.571549,0.826696,707.964,-9999.0,3.472,-9999.0
201202081130,201202081200,-9999.0,2.0,441.0,7.916,11.196,0.296343,-0.943378,0.609265,0.676185,740.125,-9999.0,3.499,-9999.0
201202081200,201202081230,-9999.0,2.0,581.5,7.315,11.541,0.307382,-0.770499,0.648729,0.800284,755.33,-9999.0,3.532,-9999.0
201202081230,201202081300,-9999.0,2.0,363.4,8.012,11.116,0.3186,-0.465957,0.6899,0.590315,753.317,-9999.0,3.576,-9999.0
201202081300,201202081330,-9999.0,2.0,464.7,7.655,11.073,0.329994,-0.576449,0.732807,0.693612,734.122,-9999.0,3.626,-9999.0
201202081330,201202081400,-9999.0,2.0,471.7,7.655,11.073,0.329584,-0.576322,0.731796,0.698301,698.072,-9999.0,3.68,-9999.0
201202081400,201202081430,-9999.0,2.0,409.5,7.992,11.231,0.329175,-0.629614,0.730786,0.634997,645.785,-9999.0,3.734,-9999.0
201202081430,201202081500,-9999.0,2.0,303.9,7.277,11.459,0.328766,-0.49344,0.729777,0.513905,578.155,-9999.0,3.787,-9999.0
201202081500,201202081530,-9999.0,2.0,251.4,6.929,10.979,0.32838,-0.55344,0.728856,0.444617,496.339,-9999.0,3.84,-9999.0
201202081530,201202081600,-9999.0,2.0,178.6,6.37,10.649,0.327972,-0.4721,0.72785,0.337835,401.737,-9999.0,3.896,-9999.0
201202081600,201202081630,-9999.0,2.0,119.8,6.641,11.983,0.327564,-0.63828,0.726845,0.240041,295.969,-9999.0,3.946,-9999.0
201202081630,201202081700,-9999.0,2.0,63.28,5.158,10.821,0.313504,-0.816667,0.67529,0.134483,180.842,-9999.0,3.997,-9999.0
201202081700,201202081730,-9999.0,2.0,23.31,3.152,7.455,0.29974,-1.33817,0.626345,0.051727,58.4198,-9999.0,4.04,-9999.0
201202081730,201202081800,-9999.0,2.0,2.522,2.915,6.655,0.286274,-1.17884,0.579944,0.005721,0.0,-9999.0,4.074,-9999.0
201202081800,201202081830,-9999.0,2.0,0.315,2.925,6.671,0.273112,-1.18383,0.53602,0.000714,0.0,-9999.0,4.101,-9999.0
201202081830,201202081900,-9999.0,2.0,0.254,2.922,6.71,0.260257,-1.18877,0.494506,0.000574,0.0,-9999.0,4.12,-9999.0
201202081900,201202081930,-9999.0,2.0,0.078,2.933,6.725,0.247713,-1.21513,0.455329,0.000176,0.0,-9999.0,4.132,-9999.0
201202081930,201202082000,-9999.0,2.0,0.043,2.941,6.735,0.241415,-1.2293,0.436344,9.7e-05,0.0,-9999.0,4.14,-9999.0
201202082000,201202082030,-9999.0,2.0,0.015,2.939,6.772,0.235203,-1.23005,0.417937,3.4e-05,0.0,-9999.0,4.141,-9999.0
201202082030,201202082100,-9999.0,2.0,0.001,2.932,6.799,0.229075,-1.24592,0.400099,2e-06,0.0,-9999.0,4.137,-9999.0
201202082100,201202082130,-9999.0,2.0,0.0,2.922,6.821,0.223033,-1.25526,0.38282,0.0,0.0,-9999.0,4.127,-9999.0
201202082130,201202082200,-9999.0,2.0,0.001,2.925,6.819,0.217077,-1.25406,0.36609,2e-06,0.0,-9999.0,4.114,-9999.0
201202082200,201202082230,-9999.0,2.0,0.001,2.928,6.816,0.211224,-1.25965,0.34995,2e-06,0.0,-9999.0,4.103,-9999.0
201202082230,201202082300,-9999.0,2.0,0.001,2.931,6.812,0.206232,-1.25397,0.336458,2e-06,0.0,-9999.0,4.088,-9999.0
201202082300,201202082330,-9999.0,2.0,0.0,2.935,6.809,0.201323,-1.24743,0.323399,0.0,0.0,-9999.0,4.07,-9999.0
201202082330,201202090000,-9999.0,2.0,0.0,2.939,6.806,0.196478,-1.24949,0.310716,0.0,0.0,-9999.0,4.05,-9999.0
201202090000,201202090030,-9999.0,2.0,0.0,2.945,6.805,0.191697,-1.24977,0.298403,0.0,0.0,-9999.0,4.029,-9999.0
201202090030,201202090100,-9999.0,2.0,0.0,2.951,6.804,0.186964,-1.25173,0.286409,0.0,0.0,-9999.0,4.005,-9999.0
201202090100,201202090130,-9999.0,2.0,0.001,2.959,6.806,0.182313,-1.24623,0.274817,2e-06,0.0,-9999.0,3.981,-9999.0
201202090130,201202090200,-9999.0,2.0,0.0,2.965,6.805,0.180687,-1.2416,0.270974,0.0,0.0,-9999.0,3.956,-9999.0
201202090200,201202090230,-9999.0,2.0,0.0,2.97,6.803,0.179087,-1.24423,0.267214,0.0,0.0,-9999.0,3.929,-9999.0
201202090230,201202090300,-9999.0,2.0,0.0,2.977,6.805,0.177478,-1.24248,0.263452,0.0,0.0,-9999.0,3.903,-9999.0
201202090300,201202090330,-9999.0,2.0,0.0,2.984,6.808,0.175878,-1.24175,0.259731,0.0,0.0,-9999.0,3.874,-9999.0
201202090330,201202090400,-9999.0,2.0,0.0,2.991,6.811,0.174287,-1.23582,0.25605,0.0,0.0,-9999.0,3.847,-9999.0
201202090400,201202090430,-9999.0,2.0,0.0,2.998,6.813,0.172704,-1.22687,0.25241,0.0,0.0,-9999.0,3.818,-9999.0
201202090430,201202090500,-9999.0,2.0,0.0,3.004,6.814,0.168987,-1.22882,0.243621,0.0,0.0,-9999.0,3.79,-9999.0
201202090500,201202090530,-9999.0,2.0,0.0,3.009,6.813,0.1653,-1.21478,0.235024,0.0,0.0,-9999.0,3.762,-9999.0
201202090530,201202090600,-9999.0,2.0,0.0,3.013,6.81,0.161659,-1.20345,0.226655,0.0,0.0,-9999.0,3.732,-9999.0
201202090600,201202090630,-9999.0,2.0,0.0,3.016,6.805,0.158079,-1.19141,0.218547,0.0,0.0,-9999.0,3.702,-9999.0
201202090630,201202090700,-9999.0,2.0,0.035,3.019,6.801,0.15453,-1.18083,0.210623,7.4e-05,0.0,-9999.0,3.673,-9999.0
201202090700,201202090730,-9999.0,2.0,5.898,3.025,6.864,0.151026,-1.17211,0.202917,0.012294,3.61348,-9999.0,3.642,-9999.0
201202090730,201202090800,-9999.0,2.0,67.83,5.546,10.937,0.160449,-1.04326,0.224702,0.13116,93.0206,-9999.0,3.613,-9999.0
201202090800,201202090830,-9999.0,2.0,175.1,6.485,10.979,0.170174,-0.710681,0.248141,0.301303,214.131,-9999.0,3.583,-9999.0
201202090830,201202090900,-9999.0,2.0,277.9,7.169,11.656,0.1802,-0.801829,0.2733,0.432243,327.372,-9999.0,3.553,-9999.0
201202090900,201202090930,-9999.0,2.0,368.0,7.904,11.284,0.190523,-0.617028,0.300244,0.527474,430.808,-9999.0,3.525,-9999.0
201202090930,201202091000,-9999.0,2.0,441.9,7.884,11.541,0.201139,-0.947867,0.329038,0.594558,522.667,-9999.0,3.5,-9999.0
201202091000,201202091030,-9999.0,2.0,503.4,7.737,11.43,0.212045,-0.589523,0.359745,0.643894,601.378,-9999.0,3.473,-9999.0
201202091030,201202091100,-9999.0,2.0,562.0,7.537,12.057,0.224225,-0.788458,0.39534,0.686286,665.595,-9999.0,3.451,-9999.0
201202091100,201202091130,-9999.0,2.0,595.0,7.771,12.238,0.236719,-0.811052,0.433284,0.707438,714.219,-9999.0,3.442,-9999.0
201202091130,201202091200,-9999.0,2.0,310.8,7.66,11.569,0.249559,-0.671104,0.473769,0.460576,746.417,-9999.0,3.444,-9999.0
201202091200,201202091230,-9999.0,2.0,482.1,7.914,12.038,0.262702,-0.686835,0.516745,0.61877,761.639,-9999.0,3.455,-9999.0
201202091230,201202091300,-9999.0,2.0,458.4,7.891,12.093,0.276179,-0.850906,0.562412,0.597301,759.624,-9999.0,3.482,-9999.0
201202091300,201202091330,-9999.0,2.0,496.1,7.726,12.088,0.289946,-0.678747,0.610702,0.62595,740.407,-9999.0,3.519,-9999.0
201202091330,201202091400,-9999.0,2.0,500.3,7.726,12.088,0.289739,-0.678566,0.610447,0.627218,704.316,-9999.0,3.558,-9999.0
201202091400,201202091430,-9999.0,2.0,438.6,8.137,12.115,0.289533,-0.981751,0.610192,0.574862,651.97,-9999.0,3.602,-9999.0
201202091430,201202091500,-9999.0,2.0,370.2,7.652,11.292,0.289327,-0.597082,0.609937,0.511329,584.263,-9999.0,3.645,-9999.0
201202091500,201202091530,-9999.0,2.0,290.2,7.141,11.863,0.289121,-0.833196,0.609682,0.428202,502.355,-9999.0,3.692,-9999.0
201202091530,201202091600,-9999.0,2.0,200.0,6.305,10.901,0.288914,-0.681676,0.609427,0.320044,407.646,-9999.0,3.745,-9999.0
201202091600,201202091630,-9999.0,2.0,132.3,6.26,11.98,0.288708,-0.908354,0.609172,0.225948,301.758,-9999.0,3.797,-9999.0
201202091630,201202091700,-9999.0,2.0,52.08,4.97,10.492,0.272969,-1.01998,0.555022,0.096766,186.501,-9999.0,3.85,-9999.0
201202091700,201202091730,-9999.0,2.0,13.83,3.065,6.996,0.257662,-1.16625,0.504343,0.02678,63.849,-9999.0,3.896,-9999.0
201202091730,201202091800,-9999.0,2.0,1.698,2.912,6.782,0.242794,-1.16887,0.45702,0.003325,0.0,-9999.0,3.941,-9999.0
201202091800,201202091830,-9999.0,2.0,0.322,2.942,6.828,0.228371,-1.16617,0.412937,0.00063,0.0,-9999.0,3.974,-9999.0
201202091830,201202091900,-9999.0,2.0,0.263,5.506,8.715,0.354503,-1.11153,0.862684,0.000513,0.0,-9999.0,3.995,-9999.0
201202091900,201202091930,-9999.0,2.0,0.175,5.19,8.317,0.345141,-1.1151,0.8254,0.00034,0.0,-9999.0,4.009,-9999.0
201202091930,201202092000,-9999.0,2.0,0.007,4.958,7.939,0.336348,-1.11847,0.791016,1.4e-05,0.0,-9999.0,4.019,-9999.0
201202092000,201202092030,-9999.0,2.0,0.0,4.651,7.414,0.324404,-1.12319,0.745062,0.0,0.0,-9999.0,4.016,-9999.0
201202092030,201202092100,-9999.0,2.0,0.0,4.479,6.988,0.31482,-1.12697,0.709096,0.0,0.0,-9999.0,4.007,-9999.0
201202092100,201202092130,-9999.0,1.0,0.0,4.398,6.653,0.307332,0.067416,0.68161,0.0,0.0,-9999.0,3.991,-9999.0
201202092130,201202092200,-9999.0,1.0,0.0,4.37,6.359,0.300807,0.06489,0.658077,0.0,0.0,-9999.0,3.972,-9999.0
201202092200,201202092230,-9999.0,1.0,0.0,4.438,6.216,0.297549,0.06376,0.646696,0.0,0.0,-9999.0,3.953,-9999.0
201202092230,201202092300,-9999.0,1.0,0.0,4.497,6.099,0.294858,0.06287,0.637441,0.0,0.0,-9999.0,3.934,-9999.0
201202092300,201202092330,-9999.0,1.0,0.001,4.562,6.008,0.292727,-0.05259,0.63025,2e-06,0.0,-9999.0,3.916,-9999.0
201202092330,201202100000,-9999.0,1.0,0.0,4.562,6.008,0.292516,-0.052405,0.629979,0.0,0.0,-9999.0,3.898,-9999.0
201202100000,201202100030,-9999.0,1.0,0.011,4.562,6.008,0.292305,-0.05222,0.629708,2.1e-05,0.0,-9999.0,3.883,-9999.0
201202100030,201202100100,-9999.0,1.0,0.06,4.562,6.008,0.292093,-0.052034,0.629437,0.000112,0.0,-9999.0,3.867,-9999.0
201202100100,201202100130,-9999.0,1.0,0.074,4.562,6.008,0.291882,-0.051849,0.629166,0.000138,0.0,-9999.0,3.854,-9999.0
201202100130,201202100200,-9999.0,1.0,0.096,4.562,6.008,0.291671,-0.051664,0.628896,0.000178,0.0,-9999.0,3.841,-9999.0
201202100200,201202100230,-9999.0,1.0,0.075,4.562,6.008,0.29146,-0.051479,0.628625,0.000139,0.0,-9999.0,3.828,-9999.0
201202100230,201202100300,-9999.0,1.0,0.119,4.562,6.008,0.291248,-0.051293,0.628354,0.00022,0.0,-9999.0,3.812,-9999.0
201202100300,201202100330,-9999.0,1.0,0.155,4.562,6.008,0.291037,-0.051108,0.628083,0.000285,0.0,-9999.0,3.801,-9999.0
201202100330,201202100400,-9999.0,1.0,0.136,4.562,6.008,0.290826,-0.050923,0.627813,0.000249,0.0,-9999.0,3.79,-9999.0
201202100400,201202100430,-9999.0,1.0,0.311,4.562,6.008,0.290615,-0.050738,0.627542,0.000568,0.0,-9999.0,3.779,-9999.0
201202100430,201202100500,-9999.0,1.0,0.288,4.562,6.008,0.290403,-0.050553,0.627271,0.000524,0.0,-9999.0,3.768,-9999.0
201202100500,201202100530,-9999.0,1.0,0.258,4.562,6.008,0.290192,-0.050367,0.627,0.000467,0.0,-9999.0,3.761,-9999.0
201202100530,201202100600,-9999.0,1.0,0.331,4.562,6.008,0.289981,-0.050182,0.626729,0.000598,0.0,-9999.0,3.756,-9999.0
201202100600,201202100630,-9999.0,1.0,0.321,4.562,6.008,0.28977,-0.049997,0.626459,0.000577,0.0,-9999.0,3.753,-9999.0
201202100630,201202100700,-9999.0,1.0,0.329,4.562,6.008,0.289558,-0.049812,0.626188,0.00059,0.0,-9999.0,3.745,-9999.0
201202100700,201202100730,-9999.0,1.0,0.605,4.562,6.008,0.289347,-0.049626,0.625917,0.00108,5.03676,-9999.0,3.737,-9999.0
201202100730,201202100800,-9999.0,1.0,5.684,4.762,6.384,0.297001,-0.0796,0.654238,0.010047,98.6411,-9999.0,3.729,-9999.0
201202100800,201202100830,-9999.0,1.0,14.01,4.762,6.384,0.296784,-0.079411,0.653948,0.024429,219.886,-9999.0,3.719,-9999.0
201202100830,201202100900,-9999.0,1.0,73.0,7.105,10.705,0.393537,-0.094902,1.0476,0.118483,333.253,-9999.0,3.709,-9999.0
201202100900,201202100930,-9999.0,1.0,70.2,7.105,10.705,0.393249,-0.094665,1.04702,0.113874,436.803,-9999.0,3.699,-9999.0
201202100930,201202101000,-9999.0,2.0,77.6,5.99,11.825,0.211619,-1.24839,0.373826,0.124382,528.764,-9999.0,3.69,-9999.0
201202101000,201202101030,-9999.0,1.0,114.2,7.502,11.075,0.401501,-0.234896,1.08542,0.175255,607.563,-9999.0,3.681,-9999.0
201202101030,201202101100,-9999.0,1.0,111.6,7.502,11.075,0.401207,-0.234655,1.08481,0.1711,671.851,-9999.0,3.672,-9999.0
201202101100,201202101130,-9999.0,1.0,117.4,7.502,11.075,0.400912,-0.234414,1.0842,0.178214,720.528,-9999.0,3.665,-9999.0
201202101130,201202101200,-9999.0,2.0,143.5,6.696,12.394,0.222845,-0.979518,0.408695,0.211163,752.762,-9999.0,3.656,-9999.0
201202101200,201202101230,-9999.0,2.0,141.8,6.696,12.394,0.22598,-0.977774,0.418632,0.20824,768.0,-9999.0,3.649,-9999.0
201202101230,201202101300,-9999.0,2.0,148.1,6.696,12.394,0.229135,-0.97602,0.428731,0.215264,765.983,-9999.0,3.641,-9999.0
201202101300,201202101330,-9999.0,2.0,164.4,6.478,12.203,0.23231,-0.749604,0.438994,0.234123,746.745,-9999.0,3.634,-9999.0
201202101330,201202101400,-9999.0,2.0,179.3,6.426,11.784,0.228484,-0.704644,0.427456,0.250592,710.614,-9999.0,3.628,-9999.0
201202101400,201202101430,-9999.0,2.0,134.9,6.504,12.226,0.224692,-0.970384,0.416141,0.196508,658.21,-9999.0,3.622,-9999.0
201202101430,201202101500,-9999.0,2.0,97.2,6.438,12.206,0.220935,-1.10036,0.405045,0.146816,590.428,-9999.0,3.617,-9999.0
201202101500,201202101530,-9999.0,2.0,92.0,6.1,12.096,0.217212,-1.10196,0.394167,0.139211,508.429,-9999.0,3.611,-9999.0
201202101530,201202101600,-9999.0,1.0,70.5,7.105,10.705,0.389505,-0.091587,1.03954,0.108818,413.616,-9999.0,3.605,-9999.0
201202101600,201202101630,-9999.0,1.0,56.44,7.105,10.705,0.389217,-0.09135,1.03897,0.088162,307.61,-9999.0,3.6,-9999.0
201202101630,201202101700,-9999.0,1.0,21.24,4.929,7.607,0.319001,-0.180036,0.746953,0.034424,192.226,-9999.0,3.595,-9999.0
201202101700,201202101730,-9999.0,1.0,5.406,4.762,6.384,0.292878,-0.076005,0.648734,0.008894,69.4372,-9999.0,3.59,-9999.0
201202101730,201202101800,-9999.0,1.0,0.544,4.562,6.008,0.284911,-0.045736,0.620231,0.000897,0.131878,-9999.0,3.586,-9999.0
201202101800,201202101830,-9999.0,1.0,0.064,4.562,6.008,0.284699,-0.045551,0.61996,0.000105,0.0,-9999.0,3.581,-9999.0
201202101830,201202101900,-9999.0,1.0,0.022,4.562,6.008,0.284488,-0.045366,0.619689,3.6e-05,0.0,-9999.0,3.577,-9999.0
201202101900,201202101930,-9999.0,1.0,0.012,4.485,6.22,0.288625,-0.043138,0.635189,2e-05,0.0,-9999.0,3.571,-9999.0
201202101930,201202102000,-9999.0,1.0,0.028,4.371,6.335,0.290781,-0.041838,0.64357,4.5e-05,0.0,-9999.0,3.567,-9999.0
201202102000,201202102030,-9999.0,1.0,0.015,4.234,6.349,0.290853,-0.041513,0.644342,2.4e-05,0.0,-9999.0,3.564,-9999.0
201202102030,201202102100,-9999.0,1.0,0.035,4.091,6.282,0.289257,-0.041974,0.638999,5.6e-05,0.0,-9999.0,3.557,-9999.0
201202102100,201202102130,-9999.0,1.0,0.026,3.941,6.168,0.286701,-0.278748,0.630181,4.2e-05,0.0,-9999.0,3.554,-9999.0
201202102130,201202102200,-9999.0,1.0,0.028,3.789,6.02,0.283465,-0.279994,0.618947,4.5e-05,0.0,-9999.0,3.549,-9999.0
201202102200,201202102230,-9999.0,1.0,0.025,3.789,6.02,0.283254,-0.279809,0.618676,4e-05,0.0,-9999.0,3.545,-9999.0
201202102230,201202102300,-9999.0,1.0,0.012,3.789,6.02,0.283042,-0.279624,0.618405,1.9e-05,0.0,-9999.0,3.54,-9999.0
201202102300,201202102330,-9999.0,1.0,0.011,3.621,5.874,0.279871,-0.280853,0.607476,1.7e-05,0.0,-9999.0,3.537,-9999.0
201202102330,201202110000,-9999.0,1.0,0.011,3.471,5.736,0.276879,-0.282004,0.597261,1.7e-05,0.0,-9999.0,3.532,-9999.0
201202110000,201202110030,-9999.0,1.0,0.011,3.471,5.736,0.276672,-0.281822,0.597004,1.7e-05,0.0,-9999.0,3.529,-9999.0
201202110030,201202110100,-9999.0,1.0,0.017,3.471,5.736,0.276464,-0.28164,0.596746,2.6e-05,0.0,-9999.0,3.526,-9999.0
201202110100,201202110130,-9999.0,1.0,0.014,3.471,5.736,0.276257,-0.281457,0.596488,2.2e-05,0.0,-9999.0,3.52,-9999.0
201202110130,201202110200,-9999.0,1.0,0.02,3.471,5.736,0.27605,-0.281275,0.596231,3.1e-05,0.0,-9999.0,3.516,-9999.0
201202110200,201202110230,-9999.0,1.0,0.051,3.471,5.736,0.275843,-0.281092,0.595973,7.8e-05,0.0,-9999.0,3.513,-9999.0
201202110230,201202110300,-9999.0,1.0,0.066,3.471,5.736,0.275636,-0.28091,0.595716,0.000101,0.0,-9999.0,3.508,-9999.0
201202110300,201202110330,-9999.0,1.0,0.05,3.471,5.736,0.275429,-0.280728,0.595458,7.6e-05,0.0,-9999.0,3.505,-9999.0
201202110330,201202110400,-9999.0,1.0,0.018,3.471,5.736,0.275222,-0.280545,0.5952,2.7e-05,0.0,-9999.0,3.502,-9999.0
201202110400,201202110430,-9999.0,1.0,0.068,3.471,5.736,0.275015,-0.280363,0.594943,0.000103,0.0,-9999.0,3.497,-9999.0
201202110430,201202110500,-9999.0,1.0,0.15,3.471,5.736,0.274807,-0.280181,0.594685,0.000226,0.0,-9999.0,3.493,-9999.0
201202110500,201202110530,-9999.0,1.0,0.178,3.471,5.736,0.2746,-0.279998,0.594427,0.000267,0.0,-9999.0,3.489,-9999.0
201202110530,201202110600,-9999.0,1.0,0.221,3.471,5.736,0.274393,-0.279816,0.59417,0.00033,0.0,-9999.0,3.485,-9999.0
201202110600,201202110630,-9999.0,1.0,0.208,3.471,5.736,0.274186,-0.279633,0.593912,0.000309,0.0,-9999.0,3.481,-9999.0
201202110630,201202110700,-9999.0,1.0,0.201,3.471,5.736,0.273979,-0.279451,0.593654,0.000297,0.0,-9999.0,3.478,-9999.0
201202110700,201202110730,-9999.0,1.0,0.613,3.471,5.736,0.273772,-0.279269,0.593397,0.000903,6.73693,-9999.0,3.473,-9999.0
201202110730,201202110800,-9999.0,1.0,6.296,3.645,5.975,0.278334,-0.256517,0.610259,0.009166,104.326,-9999.0,3.471,-9999.0
201202110800,201202110830,-9999.0,1.0,27.53,3.238,6.324,0.285152,-0.451332,0.635573,0.038905,225.702,-9999.0,3.468,-9999.0
201202110830,201202110900,-9999.0,1.0,45.96,3.817,7.011,0.298996,-0.467068,0.687722,0.06329,339.193,-9999.0,3.464,-9999.0
201202110900,201202110930,-9999.0,1.0,47.78,3.817,7.011,0.298769,-0.466872,0.687399,0.065365,442.855,-9999.0,3.46,-9999.0
201202110930,201202111000,-9999.0,1.0,66.79,7.566,11.387,0.394912,-0.343054,1.08975,0.089019,534.916,-9999.0,3.456,-9999.0
201202111000,201202111030,-9999.0,1.0,357.8,8.913,13.053,0.434204,-0.980593,1.27547,0.357866,613.8,-9999.0,3.452,-9999.0
201202111030,201202111100,-9999.0,1.0,437.3,7.808,11.716,0.402004,-1.49332,1.12376,0.407958,678.158,-9999.0,3.444,-9999.0
201202111100,201202111130,-9999.0,1.0,295.0,8.843,13.38,0.441479,-1.00591,1.31264,0.308775,726.888,-9999.0,3.439,-9999.0
201202111130,201202111200,-9999.0,1.0,383.1,9.07,13.425,0.442238,-0.995148,1.3172,0.370026,759.157,-9999.0,3.436,-9999.0
201202111200,201202111230,-9999.0,2.0,393.5,8.449,12.87,0.236514,-1.24301,0.470537,0.375089,774.412,-9999.0,3.433,-9999.0
201202111230,201202111300,-9999.0,1.0,378.1,9.07,13.425,0.441564,-0.994612,1.31555,0.363336,772.393,-9999.0,3.431,-9999.0
201202111300,201202111330,-9999.0,1.0,318.8,8.418,13.573,0.44483,-1.10899,1.33248,0.320744,753.134,-9999.0,3.428,-9999.0
201202111330,201202111400,-9999.0,1.0,257.8,7.851,13.0,0.430618,-0.796632,1.26375,0.272712,716.964,-9999.0,3.424,-9999.0
201202111400,201202111430,-9999.0,1.0,181.5,7.613,12.67,0.422384,-0.589614,1.22493,0.205593,664.503,-9999.0,3.422,-9999.0
201202111430,201202111500,-9999.0,1.0,104.7,7.118,12.66,0.421823,-0.633668,1.22304,0.127796,596.647,-9999.0,3.417,-9999.0
201202111500,201202111530,-9999.0,1.0,116.9,7.19,12.573,0.41943,-0.671845,1.2124,0.14017,514.559,-9999.0,3.413,-9999.0
201202111530,201202111600,-9999.0,1.0,100.9,6.872,12.5,0.417375,-0.733651,1.20341,0.122491,419.643,-9999.0,3.409,-9999.0
201202111600,201202111630,-9999.0,1.0,63.22,6.538,12.15,0.408793,-0.516463,1.16368,0.079624,313.522,-9999.0,3.405,-9999.0
201202111630,201202111700,-9999.0,1.0,34.06,3.61,7.457,0.304549,-0.436535,0.717709,0.044141,198.012,-9999.0,3.401,-9999.0
201202111700,201202111730,-9999.0,1.0,6.713,3.645,5.975,0.27433,-0.253005,0.605145,0.008943,75.0905,-9999.0,3.4,-9999.0
201202111730,201202111800,-9999.0,1.0,0.732,3.471,5.736,0.269422,-0.275439,0.587986,0.000977,0.525198,-9999.0,3.4,-9999.0
201202111800,201202111830,-9999.0,1.0,0.329,3.486,6.051,0.275409,-0.370111,0.610042,0.000437,0.0,-9999.0,3.396,-9999.0
201202111830,201202111900,-9999.0,1.0,0.328,3.429,6.265,0.279439,-0.599073,0.625242,0.000434,0.0,-9999.0,3.395,-9999.0
201202111900,201202111930,-9999.0,1.0,0.319,3.343,6.408,0.282073,-0.597429,0.635438,0.00042,0.0,-9999.0,3.391,-9999.0
201202111930,201202112000,-9999.0,1.0,0.293,3.249,6.511,0.283915,-0.596187,0.642763,0.000384,0.0,-9999.0,3.387,-9999.0
201202112000,201202112030,-9999.0,1.0,0.283,3.154,6.567,0.284818,-0.595422,0.646631,0.000369,0.0,-9999.0,3.383,-9999.0
201202112030,201202112100,-9999.0,1.0,0.282,3.056,6.621,0.28568,-0.594677,0.650361,0.000366,0.0,-9999.0,3.38,-9999.0
201202112100,201202112130,-9999.0,1.0,0.179,2.959,6.659,0.286222,-0.594095,0.652902,0.000231,0.0,-9999.0,3.376,-9999.0
201202112130,201202112200,-9999.0,1.0,0.269,2.863,6.675,0.286322,-0.593738,0.653797,0.000345,0.0,-9999.0,3.372,-9999.0
201202112200,201202112230,-9999.0,1.0,0.323,2.771,6.655,0.285699,-1.12393,0.651995,0.000413,0.0,-9999.0,3.368,-9999.0
201202112230,201202112300,-9999.0,1.0,0.311,2.683,6.61,0.284578,-1.27313,0.648333,0.000395,0.0,-9999.0,3.365,-9999.0
201202112300,201202112330,-9999.0,1.0,0.194,2.597,6.555,0.283259,-1.32439,0.643945,0.000245,0.0,-9999.0,3.361,-9999.0
201202112330,201202120000,-9999.0,1.0,0.053,2.516,6.495,0.281845,-1.37045,0.639213,6.7e-05,0.0,-9999.0,3.358,-9999.0
201202120000,201202120030,-9999.0,1.0,0.039,2.438,6.444,0.280614,-1.37078,0.635167,4.9e-05,0.0,-9999.0,3.354,-9999.0
201202120030,201202120100,-9999.0,1.0,0.008,2.379,6.423,0.27998,-1.37081,0.633336,1e-05,0.0,-9999.0,3.349,-9999.0
201202120100,201202120130,-9999.0,1.0,0.001,2.324,6.412,0.279544,-1.26169,0.63224,1e-06,0.0,-9999.0,3.346,-9999.0
201202120130,201202120200,-9999.0,1.0,0.006,2.275,6.406,0.279208,-1.23643,0.63151,7e-06,0.0,-9999.0,3.343,-9999.0
201202120200,201202120230,-9999.0,1.0,0.028,2.229,6.406,0.278991,-1.23624,0.631219,3.4e-05,0.0,-9999.0,3.339,-9999.0
201202120230,201202120300,-9999.0,1.0,0.02,2.229,6.406,0.278774,-1.23605,0.630929,2.4e-05,0.0,-9999.0,3.337,-9999.0
201202120300,201202120330,-9999.0,1.0,0.012,2.229,6.406,0.278556,-1.23586,0.630638,1.5e-05,0.0,-9999.0,3.334,-9999.0
201202120330,201202120400,-9999.0,1.0,0.002,2.229,6.406,0.278339,-1.23567,0.630347,2e-06,0.0,-9999.0,3.333,-9999.0
201202120400,201202120430,-9999.0,1.0,0.0,2.229,6.406,0.278122,-1.23548,0.630056,0.0,0.0,-9999.0,3.33,-9999.0
201202120430,201202120500,-9999.0,1.0,0.0,2.229,6.406,0.277904,-1.23529,0.629765,0.0,0.0,-9999.0,3.328,-9999.0
201202120500,201202120530,-9999.0,1.0,0.001,2.229,6.406,0.277687,-1.2351,0.629475,1e-06,0.0,-9999.0,3.325,-9999.0
201202120530,201202120600,-9999.0,1.0,0.0,2.229,6.406,0.277469,-1.23491,0.629184,0.0,0.0,-9999.0,3.324,-9999.0
201202120600,201202120630,-9999.0,1.0,0.0,2.229,6.406,0.277252,-1.23472,0.628893,0.0,0.0,-9999.0,3.319,-9999.0
201202120630,201202120700,-9999.0,1.0,0.076,2.229,6.406,0.277035,-1.23453,0.628602,8.9e-05,0.0,-9999.0,3.318,-9999.0
201202120700,201202120730,-9999.0,1.0,11.6,2.357,6.517,0.278997,-1.15073,0.636388,0.013275,8.69959,-9999.0,3.315,-9999.0
201202120730,201202120800,-9999.0,1.0,100.5,6.305,12.746,0.412846,-0.647868,1.20702,0.10337,110.073,-9999.0,3.312,-9999.0
201202120800,201202120830,-9999.0,1.0,189.8,7.613,12.67,0.410756,-0.580276,1.19784,0.177025,231.578,-9999.0,3.308,-9999.0
201202120830,201202120900,-9999.0,1.0,226.0,7.851,13.0,0.418114,-0.786629,1.23391,0.202368,345.189,-9999.0,3.305,-9999.0
201202120900,201202120930,-9999.0,1.0,213.1,8.211,12.51,0.40641,-0.615662,1.17875,0.192085,448.961,-9999.0,3.304,-9999.0
201202120930,201202121000,-9999.0,1.0,352.1,8.548,13.348,0.425604,-0.902988,1.27187,0.278271,541.119,-9999.0,3.302,-9999.0
201202121000,201202121030,-9999.0,1.0,498.4,7.362,11.793,0.389376,-1.2071,1.10065,0.348305,620.087,-9999.0,3.301,-9999.0
201202121030,201202121100,-9999.0,1.0,545.5,7.339,11.829,0.389885,-0.895636,1.10375,0.365973,684.513,-9999.0,3.296,-9999.0
201202121100,201202121130,-9999.0,1.0,575.6,7.623,11.747,0.387721,-0.764211,1.09452,0.375654,733.295,-9999.0,3.29,-9999.0
201202121130,201202121200,-9999.0,1.0,542.6,7.339,11.829,0.38927,-0.895136,1.1024,0.360533,765.598,-9999.0,3.291,-9999.0
201202121200,201202121230,-9999.0,1.0,611.5,8.214,11.923,0.39109,-0.739843,1.11158,0.384528,780.87,-9999.0,3.292,-9999.0
201202121230,201202121300,-9999.0,1.0,564.4,7.588,11.815,0.388337,-0.754367,1.0996,0.364763,778.848,-9999.0,3.29,-9999.0
201202121300,201202121330,-9999.0,1.0,527.7,6.971,12.052,0.393396,-1.06819,1.12379,0.348204,759.569,-9999.0,3.288,-9999.0
201202121330,201202121400,-9999.0,1.0,514.4,6.821,11.436,0.379211,-1.09848,1.05926,0.340735,723.36,-9999.0,3.287,-9999.0
201202121400,201202121430,-9999.0,1.0,446.6,7.775,12.098,0.393815,-1.25138,1.12726,0.309717,670.844,-9999.0,3.286,-9999.0
201202121430,201202121500,-9999.0,1.0,303.0,8.177,13.738,0.43138,-0.997563,1.30848,0.235451,602.916,-9999.0,3.286,-9999.0
201202121500,201202121530,-9999.0,1.0,217.2,8.211,12.51,0.402569,-0.612572,1.16991,0.181561,520.741,-9999.0,3.287,-9999.0
201202121530,201202121600,-9999.0,1.0,222.9,7.851,13.0,0.413508,-0.782944,1.22291,0.184168,425.724,-9999.0,3.285,-9999.0
201202121600,201202121630,-9999.0,1.0,130.5,6.935,12.892,0.410688,-0.672574,1.21016,0.117523,319.49,-9999.0,3.285,-9999.0
201202121630,201202121700,-9999.0,1.0,52.28,5.975,12.018,0.390446,-0.455475,1.11537,0.050962,203.858,-9999.0,3.281,-9999.0
201202121700,201202121730,-9999.0,1.0,18.0,2.437,6.681,0.2778,-1.14516,0.642344,0.018145,80.8065,-9999.0,3.279,-9999.0
201202121730,201202121800,-9999.0,1.0,2.927,2.229,6.406,0.272253,-1.23036,0.622205,0.002985,1.16613,-9999.0,3.277,-9999.0
201202121800,201202121830,-9999.0,1.0,0.324,2.229,6.406,0.272036,-1.23017,0.621914,0.000329,0.0,-9999.0,3.274,-9999.0
201202121830,201202121900,-9999.0,1.0,0.258,2.229,6.406,0.271819,-1.22998,0.621623,0.000261,0.0,-9999.0,3.271,-9999.0
201202121900,201202121930,-9999.0,1.0,0.319,2.229,6.406,0.271601,-1.2298,0.621332,0.00032,0.0,-9999.0,3.269,-9999.0
201202121930,201202122000,-9999.0,1.0,0.331,2.229,6.406,0.271384,-1.22961,0.621041,0.00033,0.0,-9999.0,3.267,-9999.0
201202122000,201202122030,-9999.0,1.0,0.331,2.229,6.406,0.271167,-1.22942,0.620751,0.000328,0.0,-9999.0,3.266,-9999.0
201202122030,201202122100,-9999.0,1.0,0.331,2.229,6.406,0.270949,-1.22923,0.62046,0.000326,0.0,-9999.0,3.266,-9999.0
201202122100,201202122130,-9999.0,1.0,0.329,2.229,6.406,0.270732,-1.22904,0.620169,0.000322,0.0,-9999.0,3.264,-9999.0
201202122130,201202122200,-9999.0,1.0,0.329,2.229,6.406,0.270515,-1.22885,0.619878,0.000319,0.0,-9999.0,3.261,-9999.0
201202122200,201202122230,-9999.0,1.0,0.328,2.229,6.406,0.270297,-1.22866,0.619587,0.000316,0.0,-9999.0,3.259,-9999.0
201202122230,201202122300,-9999.0,1.0,0.328,2.229,6.406,0.27008,-1.22847,0.619297,0.000314,0.0,-9999.0,3.255,-9999.0
201202122300,201202122330,-9999.0,1.0,0.227,2.229,6.406,0.269863,-1.22828,0.619006,0.000216,0.0,-9999.0,3.252,-9999.0
201202122330,201202130000,-9999.0,1.0,0.153,2.229,6.406,0.269645,-1.22809,0.618715,0.000145,0.0,-9999.0,3.248,-9999.0
201202130000,201202130030,-9999.0,1.0,0.13,2.229,6.406,0.269428,-1.2279,0.618424,0.000122,0.0,-9999.0,3.247,-9999.0
201202130030,201202130100,-9999.0,1.0,0.004,2.229,6.406,0.269211,-1.22771,0.618133,4e-06,0.0,-9999.0,3.243,-9999.0
201202130100,201202130130,-9999.0,1.0,0.009,2.229,6.406,0.268993,-1.22752,0.617842,8e-06,0.0,-9999.0,3.241,-9999.0
201202130130,201202130200,-9999.0,1.0,0.006,2.229,6.406,0.268776,-1.22733,0.617552,6e-06,0.0,-9999.0,3.238,-9999.0
201202130200,201202130230,-9999.0,1.0,0.003,2.229,6.406,0.268559,-1.22714,0.617261,3e-06,0.0,-9999.0,3.234,-9999.0
201202130230,201202130300,-9999.0,1.0,0.003,2.229,6.406,0.268341,-1.22695,0.61697,3e-06,0.0,-9999.0,3.23,-9999.0
201202130300,201202130330,-9999.0,1.0,0.001,2.229,6.406,0.268124,-1.22676,0.616679,1e-06,0.0,-9999.0,3.226,-9999.0
201202130330,201202130400,-9999.0,1.0,0.0,2.229,6.406,0.267907,-1.22657,0.616389,0.0,0.0,-9999.0,3.222,-9999.0
201202130400,201202130430,-9999.0,1.0,0.001,2.229,6.406,0.267689,-1.22639,0.616098,1e-06,0.0,-9999.0,3.217,-9999.0
201202130430,201202130500,-9999.0,1.0,0.004,2.229,6.406,0.267472,-1.22619,0.615807,4e-06,0.0,-9999.0,3.212,-9999.0
201202130500,201202130530,-9999.0,1.0,0.0,2.229,6.406,0.267255,-1.22601,0.615516,0.0,0.0,-9999.0,3.206,-9999.0
201202130530,201202130600,-9999.0,1.0,0.0,2.229,6.406,0.267037,-1.22582,0.615225,0.0,0.0,-9999.0,3.198,-9999.0
201202130600,201202130630,-9999.0,1.0,0.0,2.229,6.406,0.26682,-1.22563,0.614935,0.0,0.0,-9999.0,3.191,-9999.0
201202130630,201202130700,-9999.0,1.0,0.156,2.229,6.406,0.266603,-1.22544,0.614644,0.000133,0.0,-9999.0,3.184,-9999.0
201202130700,201202130730,-9999.0,1.0,9.42,2.357,6.517,0.268483,-1.14158,0.622153,0.007894,10.9188,-9999.0,3.176,-9999.0
201202130730,201202130800,-9999.0,1.0,78.6,6.109,12.762,0.397634,-0.635183,1.17225,0.06035,115.879,-9999.0,3.168,-9999.0
201202130800,201202130830,-9999.0,1.0,177.3,7.613,12.67,0.395252,-0.567826,1.16172,0.121767,237.51,-9999.0,3.158,-9999.0
201202130830,201202130900,-9999.0,1.0,273.8,7.752,13.308,0.409267,-0.754156,1.2297,0.170178,351.238,-9999.0,3.146,-9999.0
201202130900,201202130930,-9999.0,1.0,363.7,8.913,13.053,0.403182,-0.955792,1.20114,0.207305,455.117,-9999.0,3.133,-9999.0
201202130930,201202131000,-9999.0,1.0,442.0,7.775,12.098,0.381623,-1.24152,1.10006,0.234482,547.371,-9999.0,3.125,-9999.0
201202131000,201202131030,-9999.0,1.0,506.4,7.038,11.454,0.367268,-1.08822,1.03489,0.2536,626.421,-9999.0,3.114,-9999.0
201202131030,201202131100,-9999.0,1.0,555.2,7.36,11.812,0.37474,-0.798525,1.06975,0.266041,690.913,-9999.0,3.101,-9999.0
201202131100,201202131130,-9999.0,1.0,587.2,7.752,11.947,0.377378,-0.728022,1.08265,0.27276,739.746,-9999.0,3.087,-9999.0
201202131130,201202131200,-9999.0,1.0,604.1,7.889,11.863,0.375236,-0.728777,1.07352,0.275018,772.082,-9999.0,3.078,-9999.0
201202131200,201202131230,-9999.0,1.0,604.7,7.889,11.863,0.374928,-0.728527,1.07284,0.272901,787.369,-9999.0,3.074,-9999.0
201202131230,201202131300,-9999.0,1.0,590.6,7.752,11.947,0.376449,-0.727268,1.0806,0.26695,785.346,-9999.0,3.066,-9999.0
201202131300,201202131330,-9999.0,1.0,559.0,7.305,11.656,0.369821,-0.733981,1.0509,0.256267,766.046,-9999.0,3.059,-9999.0
201202131330,201202131400,-9999.0,1.0,517.1,6.821,11.436,0.364773,-1.08672,1.02866,0.242391,729.801,-9999.0,3.055,-9999.0
201202131400,201202131430,-9999.0,1.0,459.7,7.634,12.044,0.377631,-1.36785,1.08832,0.223193,677.23,-9999.0,3.053,-9999.0
201202131430,201202131500,-9999.0,1.0,368.0,8.913,13.053,0.399552,-0.952889,1.19244,0.190753,609.232,-9999.0,3.054,-9999.0
201202131500,201202131530,-9999.0,1.0,299.2,7.265,13.184,0.402143,-0.991035,1.20569,0.163156,526.972,-9999.0,3.054,-9999.0
201202131530,201202131600,-9999.0,1.0,221.9,5.05,11.479,0.364491,-0.788738,1.03029,0.128804,431.856,-9999.0,3.054,-9999.0
201202131600,201202131630,-9999.0,1.0,149.5,5.233,11.951,0.374366,-0.491944,1.07622,0.092405,325.513,-9999.0,3.056,-9999.0
201202131630,201202131700,-9999.0,1.0,66.22,4.858,11.643,0.367408,-0.780071,1.04503,0.044358,209.762,-9999.0,3.057,-9999.0
201202131700,201202131730,-9999.0,1.0,23.51,2.232,7.561,0.283869,-1.5641,0.691681,0.016393,86.5824,-9999.0,3.057,-9999.0
201202131730,201202131800,-9999.0,1.0,4.658,2.264,6.702,0.267335,-1.16819,0.628866,0.003291,2.04931,-9999.0,3.058,-9999.0
201202131800,201202131830,-9999.0,1.0,0.273,2.164,6.519,0.263701,-1.34869,0.615767,0.000192,0.0,-9999.0,3.057,-9999.0
201202131830,201202131900,-9999.0,1.0,0.248,2.126,6.568,0.264393,-1.36111,0.618876,0.000173,0.0,-9999.0,3.059,-9999.0
201202131900,201202131930,-9999.0,1.0,0.305,2.089,6.613,0.26501,-1.36041,0.621713,0.000211,0.0,-9999.0,3.062,-9999.0
201202131930,201202132000,-9999.0,1.0,0.306,2.052,6.653,0.265534,-1.35977,0.624206,0.000209,0.0,-9999.0,3.063,-9999.0
201202132000,201202132030,-9999.0,1.0,0.399,2.016,6.69,0.266002,-1.44218,0.626493,0.00027,0.0,-9999.0,3.066,-9999.0
201202132030,201202132100,-9999.0,1.0,0.314,1.983,6.727,0.26647,-1.42532,0.628783,0.000211,0.0,-9999.0,3.068,-9999.0
201202132100,201202132130,-9999.0,1.0,0.331,1.951,6.761,0.266881,-1.38036,0.630865,0.00022,0.0,-9999.0,3.068,-9999.0
201202132130,201202132200,-9999.0,1.0,0.331,1.919,6.791,0.267217,-1.42149,0.632667,0.000218,0.0,-9999.0,3.069,-9999.0
201202132200,201202132230,-9999.0,1.0,0.327,1.89,6.816,0.26746,-1.43063,0.634119,0.000213,0.0,-9999.0,3.068,-9999.0
201202132230,201202132300,-9999.0,1.0,0.294,1.866,6.837,0.267628,-1.43262,0.635287,0.00019,0.0,-9999.0,3.067,-9999.0
201202132300,201202132330,-9999.0,1.0,0.202,1.866,6.837,0.267404,-1.43243,0.634974,0.000129,0.0,-9999.0,3.064,-9999.0
201202132330,201202140000,-9999.0,1.0,0.102,1.866,6.837,0.26718,-1.43223,0.63466,6.4e-05,0.0,-9999.0,3.06,-9999.0
201202140000,201202140030,-9999.0,1.0,0.04,1.866,6.837,0.266956,-1.43204,0.634346,2.5e-05,0.0,-9999.0,3.057,-9999.0
201202140030,201202140100,-9999.0,1.0,0.046,1.866,6.837,0.266732,-1.43184,0.634033,2.8e-05,0.0,-9999.0,3.052,-9999.0
201202140100,201202140130,-9999.0,1.0,0.026,1.866,6.837,0.266508,-1.43165,0.633719,1.6e-05,0.0,-9999.0,3.044,-9999.0
201202140130,201202140200,-9999.0,1.0,0.023,1.866,6.837,0.266284,-1.43145,0.633406,1.4e-05,0.0,-9999.0,3.037,-9999.0
201202140200,201202140230,-9999.0,1.0,0.004,1.866,6.837,0.26606,-1.43126,0.633092,2e-06,0.0,-9999.0,3.027,-9999.0
201202140230,201202140300,-9999.0,1.0,0.013,1.866,6.837,0.265836,-1.43107,0.632778,8e-06,0.0,-9999.0,3.02,-9999.0
201202140300,201202140330,-9999.0,1.0,0.001,1.866,6.837,0.265612,-1.43087,0.632465,1e-06,0.0,-9999.0,3.011,-9999.0
201202140330,201202140400,-9999.0,1.0,0.0,1.866,6.837,0.265388,-1.43068,0.632151,0.0,0.0,-9999.0,3.0,-9999.0
201202140400,201202140430,-9999.0,1.0,0.0,1.866,6.837,0.265164,-1.43048,0.631838,0.0,0.0,-9999.0,2.99,-9999.0
201202140430,201202140500,-9999.0,1.0,0.0,1.866,6.837,0.26494,-1.43029,0.631524,0.0,0.0,-9999.0,2.978,-9999.0
201202140500,201202140530,-9999.0,1.0,0.0,1.866,6.837,0.264716,-1.4301,0.63121,0.0,0.0,-9999.0,2.966,-9999.0
201202140530,201202140600,-9999.0,1.0,0.0,1.866,6.837,0.264491,-1.4299,0.630897,0.0,0.0,-9999.0,2.95,-9999.0
201202140600,201202140630,-9999.0,1.0,0.0,1.866,6.837,0.264267,-1.42971,0.630583,0.0,0.0,-9999.0,2.935,-9999.0
201202140630,201202140700,-9999.0,1.0,0.154,1.866,6.837,0.264043,-1.42951,0.63027,8.3e-05,0.0,-9999.0,2.92,-9999.0
201202140700,201202140730,-9999.0,1.0,12.05,1.942,7.069,0.268099,-1.3919,0.64626,0.006349,13.4258,-9999.0,2.905,-9999.0
201202140730,201202140800,-9999.0,1.0,98.9,5.539,12.373,0.373715,-0.576777,1.09653,0.046633,121.742,-9999.0,2.888,-9999.0
201202140800,201202140830,-9999.0,1.0,204.8,5.824,11.381,0.352497,-0.567967,0.999897,0.08556,243.495,-9999.0,2.874,-9999.0
201202140830,201202140900,-9999.0,1.0,302.3,7.265,13.184,0.390507,-0.981746,1.17755,0.113921,357.337,-9999.0,2.859,-9999.0
201202140900,201202140930,-9999.0,2.0,391.0,7.926,13.191,0.161795,-1.14664,0.291364,0.134865,461.322,-9999.0,2.841,-9999.0
201202140930,201202141000,-9999.0,1.0,466.8,7.634,12.044,0.365477,-1.35801,1.06131,0.149615,553.668,-9999.0,2.827,-9999.0
201202141000,201202141030,-9999.0,1.0,529.4,7.29,12.012,0.364491,-1.03891,1.0575,0.159731,632.797,-9999.0,2.811,-9999.0
201202141030,201202141100,-9999.0,1.0,576.3,7.623,11.747,0.35862,-0.740583,1.03131,0.165848,697.355,-9999.0,2.794,-9999.0
201202141100,201202141130,-9999.0,1.0,608.3,7.889,11.863,0.360741,-0.717024,1.04175,0.168865,746.236,-9999.0,2.777,-9999.0
201202141130,201202141200,-9999.0,1.0,622.4,8.224,11.903,0.36127,-0.756572,1.04492,0.168784,778.605,-9999.0,2.766,-9999.0
201202141200,201202141230,-9999.0,1.0,622.3,8.224,11.903,0.360961,-0.756322,1.04424,0.166456,793.908,-9999.0,2.756,-9999.0
201202141230,201202141300,-9999.0,1.0,605.9,7.889,11.863,0.359816,-0.716274,1.03972,0.161651,791.882,-9999.0,2.747,-9999.0
201202141300,201202141330,-9999.0,1.0,574.7,7.511,11.697,0.356047,-0.711535,1.02324,0.154539,772.563,-9999.0,2.739,-9999.0
201202141330,201202141400,-9999.0,1.0,530.7,7.29,12.012,0.362313,-1.03715,1.05268,0.145236,736.281,-9999.0,2.732,-9999.0
201202141400,201202141430,-9999.0,1.0,471.0,7.634,12.044,0.362672,-1.35574,1.05507,0.132884,683.657,-9999.0,2.729,-9999.0
201202141430,201202141500,-9999.0,2.0,398.7,8.337,12.086,0.241923,-0.739087,0.556374,0.117383,615.591,-9999.0,2.725,-9999.0
201202141500,201202141530,-9999.0,1.0,319.7,8.177,13.738,0.398136,-0.971191,1.22482,0.099122,533.248,-9999.0,2.724,-9999.0
201202141530,201202141600,-9999.0,1.0,235.1,5.443,11.715,0.354893,-0.773979,1.02164,0.07752,438.037,-9999.0,2.723,-9999.0
201202141600,201202141630,-9999.0,1.0,152.9,5.233,11.951,0.359487,-0.479893,1.04339,0.053816,331.587,-9999.0,2.724,-9999.0
201202141630,201202141700,-9999.0,1.0,68.4,4.585,11.431,0.348427,-0.77086,0.993767,0.025941,215.719,-9999.0,2.727,-9999.0
201202141700,201202141730,-9999.0,1.0,22.69,1.843,7.732,0.275736,-1.62498,0.687085,0.008926,92.4158,-9999.0,2.73,-9999.0
201202141730,201202141800,-9999.0,1.0,4.884,1.938,7.004,0.262137,-1.36463,0.634887,0.001931,3.20662,-9999.0,2.733,-9999.0
201202141800,201202141830,-9999.0,1.0,0.282,1.936,6.918,0.260354,-1.42409,0.628621,0.00011,0.0,-9999.0,2.736,-9999.0
201202141830,201202141900,-9999.0,1.0,0.157,1.988,6.975,0.261159,-1.42521,0.632234,6e-05,0.0,-9999.0,2.741,-9999.0
201202141900,201202141930,-9999.0,1.0,0.035,2.029,7.014,0.261639,-1.42566,0.634611,1.3e-05,0.0,-9999.0,2.75,-9999.0
201202141930,201202142000,-9999.0,1.0,0.003,2.063,7.039,0.261864,-1.42369,0.636019,1e-06,0.0,-9999.0,2.754,-9999.0
201202142000,201202142030,-9999.0,1.0,0.051,2.089,7.052,0.261872,-1.40196,0.636595,1.9e-05,0.0,-9999.0,2.761,-9999.0
201202142030,201202142100,-9999.0,1.0,0.102,2.114,7.057,0.261735,-1.4217,0.636616,3.7e-05,0.0,-9999.0,2.764,-9999.0
201202142100,201202142130,-9999.0,1.0,0.051,2.137,7.058,0.261526,-1.39423,0.63636,1.8e-05,0.0,-9999.0,2.767,-9999.0
201202142130,201202142200,-9999.0,1.0,0.14,2.152,7.049,0.261136,-1.38132,0.635412,4.8e-05,0.0,-9999.0,2.771,-9999.0
201202142200,201202142230,-9999.0,1.0,0.009,2.167,7.042,0.260782,-1.41519,0.634603,3e-06,0.0,-9999.0,2.774,-9999.0
201202142230,201202142300,-9999.0,1.0,0.002,2.182,7.034,0.260411,-1.39745,0.633726,1e-06,0.0,-9999.0,2.777,-9999.0
201202142300,201202142330,-9999.0,1.0,0.023,2.197,7.022,0.259968,-1.4017,0.632575,7e-06,0.0,-9999.0,2.778,-9999.0
201202142330,201202150000,-9999.0,1.0,0.0,2.215,7.014,0.259598,-1.38859,0.631701,0.0,0.0,-9999.0,2.779,-9999.0
201202150000,201202150030,-9999.0,1.0,0.002,2.233,7.003,0.259173,-1.3807,0.630622,1e-06,0.0,-9999.0,2.779,-9999.0
201202150030,201202150100,-9999.0,1.0,0.006,2.249,6.989,0.258696,-1.36673,0.62934,2e-06,0.0,-9999.0,2.776,-9999.0
201202150100,201202150130,-9999.0,1.0,0.013,2.263,6.973,0.258183,-1.34482,0.627923,4e-06,0.0,-9999.0,2.773,-9999.0
201202150130,201202150200,-9999.0,1.0,0.017,2.277,6.957,0.257671,-1.34184,0.626509,5e-06,0.0,-9999.0,2.768,-9999.0
201202150200,201202150230,-9999.0,1.0,0.0,2.292,6.943,0.257195,-1.34003,0.625234,0.0,0.0,-9999.0,2.763,-9999.0
201202150230,201202150300,-9999.0,1.0,0.002,2.305,6.93,0.256738,-1.32638,0.62403,1e-06,0.0,-9999.0,2.757,-9999.0
201202150300,201202150330,-9999.0,1.0,0.002,2.315,6.915,0.256245,-1.33914,0.622693,1e-06,0.0,-9999.0,2.749,-9999.0
201202150330,201202150400,-9999.0,1.0,0.06,2.325,6.899,0.255736,-1.33823,0.62129,1.6e-05,0.0,-9999.0,2.741,-9999.0
201202150400,201202150430,-9999.0,1.0,0.299,2.336,6.886,0.25528,-1.33148,0.620094,7.8e-05,0.0,-9999.0,2.73,-9999.0
201202150430,201202150500,-9999.0,1.0,0.279,2.347,6.876,0.254878,-1.31427,0.619101,7.1e-05,0.0,-9999.0,2.717,-9999.0
201202150500,201202150530,-9999.0,1.0,0.3,2.356,6.868,0.254512,-1.31942,0.618246,7.4e-05,0.0,-9999.0,2.704,-9999.0
201202150530,201202150600,-9999.0,1.0,0.279,2.364,6.861,0.254163,-1.31662,0.617459,6.7e-05,0.0,-9999.0,2.692,-9999.0
201202150600,201202150630,-9999.0,1.0,0.273,2.372,6.857,0.253868,-1.30595,0.616875,6.4e-05,0.0,-9999.0,2.676,-9999.0
201202150630,201202150700,-9999.0,1.0,0.565,2.363,6.879,0.254032,-1.29389,0.618041,0.000129,0.0,-9999.0,2.659,-9999.0
201202150700,201202150730,-9999.0,1.0,21.87,2.22,7.707,0.268614,-1.51061,0.675087,0.004722,16.2204,-9999.0,2.643,-9999.0
201202150730,201202150800,-9999.0,1.0,95.8,5.667,12.437,0.35978,-0.685264,1.06788,0.018465,127.659,-9999.0,2.627,-9999.0
201202150800,201202150830,-9999.0,1.0,129.3,5.561,12.202,0.354663,-0.468588,1.04492,0.023318,249.531,-9999.0,2.61,-9999.0
201202150830,201202150900,-9999.0,1.0,246.4,5.643,11.38,0.337786,-0.663299,0.968803,0.038339,363.484,-9999.0,2.596,-9999.0
201202150900,201202150930,-9999.0,1.0,396.7,6.353,10.53,0.320717,-0.425512,0.89394,0.052382,467.57,-9999.0,2.579,-9999.0
201202150930,201202151000,-9999.0,1.0,486.9,7.474,11.686,0.343304,-1.17285,0.995146,0.057874,560.007,-9999.0,2.562,-9999.0
201202151000,201202151030,-9999.0,1.0,496.7,7.184,11.667,0.342618,-1.08575,0.99276,0.05658,639.213,-9999.0,2.547,-9999.0
201202151030,201202151100,-9999.0,1.0,538.0,7.034,11.809,0.34516,-0.696629,1.00504,0.057304,703.834,-9999.0,2.528,-9999.0
201202151100,201202151130,-9999.0,1.0,612.0,7.77,11.773,0.34413,-0.636213,1.00108,0.059538,752.763,-9999.0,2.514,-9999.0
201202151130,201202151200,-9999.0,1.0,596.0,7.53,11.734,0.343043,-0.636474,0.996864,0.05638,785.163,-9999.0,2.504,-9999.0
201202151200,201202151230,-9999.0,1.0,558.6,7.055,11.566,0.339384,-0.633343,0.981016,0.0521,800.481,-9999.0,2.492,-9999.0
201202151230,201202151300,-9999.0,1.0,176.4,4.972,11.12,0.330253,-0.350954,0.940798,0.021789,798.453,-9999.0,2.482,-9999.0
201202151300,201202151330,-9999.0,1.0,164.2,5.233,11.951,0.346467,-0.469348,1.01466,0.019639,779.116,-9999.0,2.473,-9999.0
201202151330,201202151400,-9999.0,1.0,132.7,5.561,12.202,0.351204,-0.465794,1.03714,0.015649,742.798,-9999.0,2.468,-9999.0
201202151400,201202151430,-9999.0,1.0,121.4,5.953,12.054,0.347913,-0.519875,1.02275,0.013797,690.123,-9999.0,2.466,-9999.0
201202151430,201202151500,-9999.0,1.0,156.8,5.233,11.951,0.345537,-0.468595,1.01261,0.016319,621.99,-9999.0,2.464,-9999.0
201202151500,201202151530,-9999.0,1.0,81.5,4.952,11.768,0.341577,-0.82861,0.995287,0.008704,539.567,-9999.0,2.463,-9999.0
201202151530,201202151600,-9999.0,1.0,56.12,4.289,10.789,0.322027,-0.852287,0.908595,0.005823,444.263,-9999.0,2.462,-9999.0
201202151600,201202151630,-9999.0,1.0,154.9,5.233,11.951,0.344607,-0.467842,1.01056,0.013602,337.709,-9999.0,2.463,-9999.0
201202151630,201202151700,-9999.0,1.0,91.5,5.08,11.804,0.341371,-0.700274,0.996535,0.008054,221.728,-9999.0,2.464,-9999.0
201202151700,201202151730,-9999.0,1.0,45.28,2.644,8.186,0.272441,-1.36468,0.701941,0.003918,98.304,-9999.0,2.466,-9999.0
201202151730,201202151800,-9999.0,1.0,5.669,2.415,6.949,0.250304,-1.25555,0.615732,0.000477,4.63836,-9999.0,2.469,-9999.0
201202151800,201202151830,-9999.0,1.0,0.163,2.427,6.883,0.248934,-1.27974,0.611039,1.3e-05,0.0,-9999.0,2.472,-9999.0
201202151830,201202151900,-9999.0,1.0,0.0,2.455,6.91,0.249177,-1.27921,0.612508,0.0,0.0,-9999.0,2.476,-9999.0
201202151900,201202151930,-9999.0,1.0,0.005,2.477,6.928,0.249263,-1.29964,0.613381,0.0,0.0,-9999.0,2.481,-9999.0
201202151930,201202152000,-9999.0,1.0,0.026,2.494,6.939,0.249228,-1.30914,0.613791,2e-06,0.0,-9999.0,2.488,-9999.0
201202152000,201202152030,-9999.0,1.0,0.019,2.508,6.946,0.249123,-1.30353,0.613934,1e-06,0.0,-9999.0,2.495,-9999.0
201202152030,201202152100,-9999.0,1.0,0.0,2.52,6.948,0.248932,-1.2883,0.613747,0.0,0.0,-9999.0,2.502,-9999.0
201202152100,201202152130,-9999.0,1.0,0.002,2.529,6.946,0.248671,-1.27166,0.613295,0.0,0.0,-9999.0,2.509,-9999.0
201202152130,201202152200,-9999.0,1.0,0.0,2.538,6.941,0.24836,-1.26542,0.612646,0.0,0.0,-9999.0,2.513,-9999.0
201202152200,201202152230,-9999.0,1.0,0.0,2.547,6.935,0.248031,-1.26669,0.611931,0.0,0.0,-9999.0,2.519,-9999.0
201202152230,201202152300,-9999.0,1.0,0.0,2.555,6.929,0.247702,-1.25616,0.611217,0.0,0.0,-9999.0,2.523,-9999.0
201202152300,201202152330,-9999.0,1.0,0.0,2.564,6.924,0.247391,-1.24478,0.61057,0.0,0.0,-9999.0,2.528,-9999.0
201202152330,201202160000,-9999.0,1.0,0.0,2.573,6.918,0.247062,-1.24285,0.609857,0.0,0.0,-9999.0,2.533,-9999.0
201202160000,201202160030,-9999.0,1.0,0.001,2.585,6.916,0.246803,-1.23905,0.609408,0.0,0.0,-9999.0,2.538,-9999.0
201202160030,201202160100,-9999.0,1.0,0.001,2.597,6.914,0.246543,-1.23711,0.609323,0.0,0.0,-9999.0,2.543,-9999.0
201202160100,201202160130,-9999.0,1.0,0.006,2.611,6.914,0.246318,-1.22718,0.609368,0.0,0.0,-9999.0,2.546,-9999.0
201202160130,201202160200,-9999.0,1.0,0.0,2.623,6.912,0.246059,-1.21972,0.609283,0.0,0.0,-9999.0,2.549,-9999.0
201202160200,201202160230,-9999.0,1.0,0.028,2.633,6.909,0.245782,-1.22019,0.609132,0.0,0.0,-9999.0,2.553,-9999.0
201202160230,201202160300,-9999.0,1.0,0.035,2.645,6.91,0.245574,-1.21591,0.609243,0.0,0.0,-9999.0,2.554,-9999.0
201202160300,201202160330,-9999.0,1.0,0.032,2.658,6.913,0.2454,-1.21278,0.609486,0.0,0.0,-9999.0,2.555,-9999.0
201202160330,201202160400,-9999.0,1.0,0.053,2.671,6.916,0.245226,-1.20409,0.609728,0.0,0.0,-9999.0,2.554,-9999.0
201202160400,201202160430,-9999.0,1.0,0.014,2.683,6.917,0.245018,-1.19226,0.609839,0.0,0.0,-9999.0,2.553,-9999.0
201202160430,201202160500,-9999.0,1.0,0.027,2.694,6.918,0.244809,-1.19112,0.60995,0.0,0.0,-9999.0,2.549,-9999.0
201202160500,201202160530,-9999.0,1.0,0.11,2.704,6.915,0.244533,-1.17293,0.609799,0.0,0.0,-9999.0,2.545,-9999.0
201202160530,201202160600,-9999.0,1.0,0.069,2.712,6.91,0.244223,-1.15773,0.609517,0.0,0.0,-9999.0,2.542,-9999.0
201202160600,201202160630,-9999.0,1.0,0.068,2.718,6.902,0.243862,-1.14191,0.609037,0.0,0.0,-9999.0,2.535,-9999.0
201202160630,201202160700,-9999.0,1.0,0.434,2.71,6.916,0.243874,-1.12742,0.610002,0.0,0.0,-9999.0,2.525,-9999.0
201202160700,201202160730,-9999.0,1.0,16.82,2.825,7.138,0.247419,-1.12673,0.624738,0.0,19.2857,-9999.0,2.518,-9999.0
201202160730,201202160800,-9999.0,1.0,85.5,5.193,11.547,0.327197,-0.947159,0.964854,0.0,133.627,-9999.0,2.507,-9999.0
201202160800,201202160830,-9999.0,1.0,197.6,5.727,11.069,0.317771,-0.669175,0.92351,0.0,255.614,-9999.0,2.498,-9999.0
201202160830,201202160900,-9999.0,1.0,306.7,6.97,12.61,0.347237,-0.918684,1.06116,0.0,369.676,-9999.0,2.491,-9999.0
201202160900,201202160930,-9999.0,1.0,393.0,7.108,11.688,0.328995,-0.695001,0.977504,0.0,473.86,-9999.0,2.481,-9999.0
201202160930,201202161000,-9999.0,1.0,465.7,7.331,12.073,0.336119,-0.909512,1.01203,0.0,566.384,-9999.0,2.471,-9999.0
201202161000,201202161030,-9999.0,1.0,525.0,6.966,12.135,0.337009,-0.739794,1.01773,0.0,645.665,-9999.0,2.455,-9999.0
201202161030,201202161100,-9999.0,1.0,569.5,7.456,11.974,0.333582,-0.628686,1.00325,0.0,710.347,-9999.0,2.445,-9999.0
201202161100,201202161130,-9999.0,1.0,599.7,7.771,12.238,0.338378,-0.640944,1.02726,0.0,759.322,-9999.0,2.439,-9999.0
201202161130,201202161200,-9999.0,1.0,615.3,8.099,12.411,0.341423,-0.643804,1.0432,0.0,791.753,-9999.0,2.432,-9999.0
201202161200,201202161230,-9999.0,1.0,615.8,6.558,10.86,0.31149,-0.429229,0.906296,0.0,807.085,-9999.0,2.428,49.59
201202161230,201202161300,0.630689,0.0,599.3,7.571,11.64,0.325942,-0.337248,0.97377,0.0,805.056,-9999.0,2.427,44.74
201202161300,201202161330,0.706674,0.0,570.2,8.118,12.1,0.334454,-0.406699,1.01501,0.0,785.7,-9999.0,2.427,42.52
201202161330,201202161400,0.808879,0.0,527.7,8.081,11.86,0.329534,-0.511938,0.993473,0.0,749.348,-9999.0,2.428,41.87
201202161400,201202161430,1.04637,0.0,468.6,8.371,12.22,0.33614,-0.744241,1.02607,0.0,696.623,-9999.0,2.43,41.19
201202161430,201202161500,0.991511,0.0,400.3,8.616,12.42,0.339688,-0.686373,1.0445,0.0,628.426,-9999.0,2.435,40.26
201202161500,201202161530,1.18989,0.0,324.8,8.6,12.31,0.337245,-0.886013,1.03446,0.0,545.925,-9999.0,2.443,39.94
201202161530,201202161600,0.659656,0.0,241.4,8.016,11.62,0.323736,-0.365004,0.97244,0.0,450.53,-9999.0,2.457,41.41
201202161600,201202161630,0.63759,0.0,158.7,7.758,11.26,0.316641,-0.347611,0.941049,0.0,343.875,-9999.0,2.477,41.93
201202161630,201202161700,0.262508,0.0,73.9,7.246,10.89,0.309432,0.022675,0.909445,0.0,227.785,-9999.0,2.504,44.41
201202161700,201202161730,0.348661,0.0,23.58,6.964,10.52,0.302299,-0.068259,0.878509,0.0,104.244,-9999.0,2.538,45.24
201202161730,201202161800,0.377976,0.0,5.651,5.87,9.22,0.278514,-0.114798,0.774918,0.0,6.32825,-9999.0,2.571,49.64
201202161800,201202161830,-9999.0,1.0,0.183,5.142,8.21,0.260579,-1.11803,0.700041,0.0,0.0,-9999.0,2.606,52.76
201202161830,201202161900,-9999.0,1.0,0.063,4.557,7.52,0.248567,-1.12146,0.651668,0.0,0.0,-9999.0,2.64,56.12
201202161900,201202161930,-9999.0,1.0,0.0,4.262,6.806,0.236426,-1.11746,0.603935,0.0,0.0,-9999.0,2.665,56.9
201202161930,201202162000,-9999.0,1.0,0.039,3.423,5.312,0.212186,-1.03103,0.511507,0.0,0.0,-9999.0,2.684,61.62
201202162000,201202162030,-9999.0,1.0,0.012,3.619,4.86,0.204964,-1.02444,0.485528,0.0,0.0,-9999.0,2.7,58.12
201202162030,201202162100,-0.179842,0.0,0.0,3.913,4.645,0.210727,0.395613,0.473502,0.0,0.0,-9999.0,2.71,54.03
201202162100,201202162130,-9999.0,1.0,0.0,4.176,4.302,0.21411,-1.03539,0.454707,0.0,0.0,-9999.0,2.719,49.75
201202162130,201202162200,-9999.0,1.0,0.0,4.979,5.067,0.236231,-0.990386,0.497443,0.0,0.0,-9999.0,2.722,43.21
201202162200,201202162230,-9999.0,1.0,0.0,5.025,5.047,0.245219,-0.980008,0.496332,0.0,0.0,-9999.0,2.723,42.6
201202162230,201202162300,0.443493,0.0,0.0,5.22,5.101,0.255587,-0.178983,0.499475,0.0,0.0,-9999.0,2.721,40.6
201202162300,201202162330,-9999.0,1.0,0.0,2.788,7.035,0.304411,-1.03942,0.619373,0.0,0.0,-9999.0,2.715,-9999.0
201202162330,201202170000,-9999.0,1.0,0.0,2.788,7.035,0.315186,-1.02747,0.61942,0.0,0.0,-9999.0,2.71,-9999.0
201202170000,201202170030,-9999.0,1.0,0.0,2.788,7.035,0.325961,-1.01553,0.619466,0.0,0.0,-9999.0,2.703,-9999.0
201202170030,201202170100,-9999.0,1.0,0.0,2.769,7.001,0.335945,-1.00423,0.617258,0.0,0.0,-9999.0,2.693,-9999.0
201202170100,201202170130,-9999.0,1.0,0.0,2.752,6.974,0.346046,-0.99283,0.615517,0.0,0.0,-9999.0,2.682,-9999.0
201202170130,201202170200,-9999.0,1.0,0.0,2.752,6.974,0.356776,-0.980926,0.615563,0.0,0.0,-9999.0,2.671,-9999.0
201202170200,201202170230,-9999.0,1.0,0.0,2.752,6.974,0.367505,-0.969022,0.615609,0.0,0.0,-9999.0,2.66,-9999.0
201202170230,201202170300,-9999.0,1.0,0.001,2.752,6.974,0.378235,-0.957118,0.615655,0.0,0.0,-9999.0,2.645,-9999.0
201202170300,201202170330,-9999.0,1.0,0.0,2.752,6.974,0.388964,-0.945214,0.615701,0.0,0.0,-9999.0,2.631,-9999.0
201202170330,201202170400,-9999.0,1.0,0.001,2.752,6.974,0.399694,-0.93331,0.615747,0.0,0.0,-9999.0,2.617,-9999.0
201202170400,201202170430,-9999.0,1.0,0.028,2.752,6.974,0.410423,-0.921406,0.615793,0.0,0.0,-9999.0,2.602,-9999.0
201202170430,201202170500,-9999.0,1.0,0.031,2.752,6.974,0.421153,-0.909503,0.615839,0.0,0.0,-9999.0,2.586,-9999.0
201202170500,201202170530,-9999.0,1.0,0.031,2.752,6.974,0.431883,-0.897599,0.615885,0.0,0.0,-9999.0,2.569,-9999.0
201202170530,201202170600,-9999.0,1.0,0.057,2.752,6.974,0.442612,-0.885695,0.615931,0.0,0.0,-9999.0,2.553,-9999.0
201202170600,201202170630,-9999.0,1.0,0.004,2.752,6.974,0.453341,-0.873791,0.615977,0.0,0.0,-9999.0,2.537,-9999.0
201202170630,201202170700,-9999.0,1.0,0.655,2.739,6.99,0.464586,-0.861461,0.617082,0.0,0.0,-9999.0,2.52,-9999.0
201202170700,201202170730,-9999.0,1.0,15.68,2.882,7.252,0.483988,-0.846088,0.634641,0.0,22.6581,-9999.0,2.502,-9999.0
201202170730,201202170800,-9999.0,1.0,119.6,6.193,12.036,0.668778,-0.381639,1.01201,0.0,139.644,-9999.0,2.484,-9999.0
201202170800,201202170830,-9999.0,1.0,223.9,5.732,11.541,0.664133,-0.474576,0.967863,0.0,261.743,-9999.0,2.467,-9999.0
201202170830,201202170900,-9999.0,1.0,292.0,8.093,13.376,0.753199,-0.560531,1.13803,0.0,375.908,-9999.0,2.451,-9999.0
201202170900,201202170930,-9999.0,1.0,378.4,8.124,12.295,0.723812,-0.521205,1.03586,0.0,480.187,-9999.0,2.436,-9999.0
201202170930,201202171000,-9999.0,1.0,474.8,5.452,6.995,0.529217,-0.654202,0.617689,0.0,572.796,-9999.0,2.422,45.58
201202171000,201202171030,-9999.0,1.0,534.9,5.594,7.7,0.566613,-0.365649,0.665624,0.0,652.15,-9999.0,2.402,46.79
201202171030,201202171100,-9999.0,1.0,579.3,6.062,8.59,0.613037,-0.065349,0.729459,0.0,716.89,-9999.0,2.389,45.73
201202171100,201202171130,0.601248,0.0,608.4,6.702,9.94,0.68111,0.089416,0.83349,0.0,765.91,-9999.0,2.381,45.22
201202171130,201202171200,0.821305,0.0,623.9,7.461,11.0,0.740506,-0.079692,0.9214,0.0,798.371,-9999.0,2.375,43.18
201202171200,201202171230,1.2665,0.0,625.3,9.302,12.49,0.822919,-0.456311,1.05435,0.0,813.717,-9999.0,2.388,35.8
201202171230,201202171300,1.07275,0.0,609.3,10.979,13.73,0.897984,-0.200435,1.17349,0.0,811.686,-9999.0,2.414,30.13
201202171300,201202171330,1.26949,0.0,578.6,12.02,14.99,0.977853,-0.331933,1.30253,0.0,792.312,-9999.0,2.452,29.49
201202171330,201202171400,1.38723,0.0,531.3,11.89,15.4,1.01666,-0.415959,1.34633,0.0,755.927,-9999.0,2.496,32.07
201202171400,201202171430,2.86265,0.0,484.1,11.177,15.29,1.02855,-1.87808,1.33462,0.0,703.154,-9999.0,2.547,35.69
201202171430,201202171500,2.00826,0.0,451.3,10.603,15.19,1.0408,-1.01013,1.32404,0.0,634.895,-9999.0,2.607,38.6
201202171500,201202171530,1.50497,0.0,334.1,9.523,14.43,1.01689,-0.520934,1.24459,0.0,552.318,-9999.0,2.676,42.08
201202171530,201202171600,1.07987,0.0,246.8,8.406,13.4,0.977654,-0.122117,1.14155,0.0,456.837,-9999.0,2.757,45.34
201202171600,201202171630,0.951727,0.0,161.0,8.407,13.01,0.972344,0.005765,1.10399,0.0,350.084,-9999.0,2.846,43.92
201202171630,201202171700,1.10749,0.0,77.7,8.487,12.75,0.973658,-0.145159,1.07939,0.0,233.888,-9999.0,2.937,42.42
201202171700,201202171730,-9999.0,1.0,25.2,2.714,7.825,0.730589,-0.836732,0.675061,0.0,110.235,-9999.0,3.027,-9999.0
201202171730,201202171800,-9999.0,1.0,6.939,2.788,7.081,0.70532,-0.582307,0.62415,0.0,8.31342,-9999.0,3.109,-9999.0
201202171800,201202171830,-9999.0,1.0,0.401,2.799,7.047,0.71445,-0.581233,0.621929,0.0,0.0,-9999.0,3.18,-9999.0
201202171830,201202171900,-9999.0,1.0,0.33,3.629,8.55,0.802318,-0.54035,0.727379,0.0,0.0,-9999.0,3.241,67.42
201202171900,201202171930,-9999.0,1.0,0.329,3.011,7.72,0.77061,-0.562007,0.667911,0.0,0.0,-9999.0,3.293,71.4
201202171930,201202172000,-9999.0,1.0,0.308,2.445,6.528,0.720235,-0.588895,0.588109,0.0,0.0,-9999.0,3.332,74.8
201202172000,201202172030,-9999.0,1.0,0.308,2.101,5.349,0.671094,-0.516912,0.515557,0.0,0.0,-9999.0,3.358,76.5
201202172030,201202172100,1.1573,0.0,0.324,1.68,4.458,0.636617,-0.449755,0.464834,0.0,0.0,-9999.0,3.376,80.0
201202172100,201202172130,-9999.0,1.0,0.329,1.357,3.65,0.606307,-0.803764,0.421809,0.0,0.0,-9999.0,3.387,82.9
201202172130,201202172200,-9999.0,1.0,0.302,2.829,7.242,0.800615,-0.474974,0.635338,0.0,0.0,-9999.0,3.393,-9999.0
201202172200,201202172230,-9999.0,1.0,0.279,2.818,7.246,0.811767,-0.462706,0.635655,0.0,0.0,-9999.0,3.395,-9999.0
201202172230,201202172300,-9999.0,1.0,0.108,0.771,3.387,0.618447,-0.63126,0.408483,0.0,0.0,-9999.0,3.391,90.1
201202172300,201202172330,-9999.0,1.0,0.184,0.764,3.252,0.619938,-0.596218,0.401737,0.0,0.0,-9999.0,3.38,90.1
201202172330,201202180000,-9999.0,1.0,0.242,2.775,7.225,0.843349,-0.427491,0.634379,0.0,0.0,-9999.0,3.369,-9999.0
201202180000,201202180030,-9999.0,1.0,0.228,2.758,7.205,0.853093,-0.416416,0.633077,0.0,0.0,-9999.0,3.353,-9999.0
201202180030,201202180100,-9999.0,1.0,0.007,2.741,7.184,0.862749,-0.405419,0.648874,9e-06,0.0,-9999.0,3.335,-9999.0
201202180100,201202180130,-9999.0,1.0,0.176,2.724,7.163,0.872374,-0.394449,0.664597,0.000443,0.0,-9999.0,3.316,-9999.0
201202180130,201202180200,-9999.0,1.0,0.239,2.709,7.144,0.88209,-0.383402,0.68039,0.000901,0.0,-9999.0,3.296,-9999.0
201202180200,201202180230,-9999.0,1.0,0.17,2.694,7.123,0.891656,-0.372485,0.695967,0.000856,0.0,-9999.0,3.275,-9999.0
201202180230,201202180300,-9999.0,1.0,0.12,2.679,7.1,0.901066,-0.361701,0.711316,0.000757,0.0,-9999.0,3.254,-9999.0
201202180300,201202180330,-9999.0,1.0,0.016,2.663,7.077,0.910444,-0.350946,0.726586,0.000122,0.0,-9999.0,3.232,-9999.0
201202180330,201202180400,-9999.0,1.0,0.006,2.663,7.077,0.92125,-0.338975,0.743602,5.3e-05,0.0,-9999.0,3.21,-9999.0
201202180400,201202180430,-9999.0,1.0,0.004,2.663,7.077,0.932056,-0.327004,0.760618,4.1e-05,0.0,-9999.0,3.188,-9999.0
201202180430,201202180500,-9999.0,1.0,0.0,2.663,7.077,0.942862,-0.315032,0.777635,0.0,0.0,-9999.0,3.166,-9999.0
201202180500,201202180530,-9999.0,1.0,0.01,2.663,7.077,0.953668,-0.303061,0.794651,0.000127,0.0,-9999.0,3.143,-9999.0
201202180530,201202180600,-9999.0,1.0,0.016,2.646,7.046,0.962412,-0.292851,0.808979,0.000223,0.0,-9999.0,3.121,-9999.0
201202180600,201202180630,-9999.0,1.0,0.004,2.646,7.046,0.973195,-0.2809,0.825939,6.1e-05,0.0,-9999.0,3.1,-9999.0
201202180630,201202180700,-9999.0,1.0,0.821,2.636,7.059,0.984862,-0.268193,0.844073,0.013142,0.0,-9999.0,3.079,-9999.0
201202180700,201202180730,-9999.0,1.0,19.31,2.816,7.347,1.01555,-0.240266,0.887871,0.203802,26.328,-9999.0,3.056,-9999.0
201202180730,201202180800,-9999.0,1.0,107.7,6.162,12.338,1.40229,0.240847,1.4681,0.426764,145.707,-9999.0,3.035,-9999.0
201202180800,201202180830,-9999.0,1.0,185.1,6.297,12.04,1.39327,0.53636,1.45732,0.498694,267.913,-9999.0,3.014,-9999.0
201202180830,201202180900,-9999.0,1.0,286.2,7.762,12.882,1.47717,0.277592,1.59945,0.555964,382.179,-9999.0,2.995,-9999.0
201202180900,201202180930,-9999.0,1.0,389.2,8.416,12.787,1.48473,0.293673,1.61581,0.603063,486.55,-9999.0,2.974,-9999.0
201202180930,201202181000,-9999.0,2.0,483.6,2.629,8.18,1.13231,0.985468,1.06395,0.645122,579.24,-9999.0,2.953,75.8
201202181000,201202181030,-9999.0,1.0,526.7,3.367,9.63,1.25615,0.581942,1.25205,0.682169,658.663,-9999.0,2.933,71.9
201202181030,201202181100,-9999.0,1.0,560.5,4.648,11.26,1.40172,0.832205,1.48661,0.718492,723.461,-9999.0,2.925,65.21
201202181100,201202181130,-9999.0,1.0,543.4,6.245,12.87,1.55366,0.841014,1.74655,0.751567,772.524,-9999.0,2.924,57.96
201202181130,201202181200,1.54135,0.0,573.3,7.364,13.89,1.65998,0.103364,1.93816,0.787768,805.014,-9999.0,2.941,53.62
201202181200,201202181230,0.60772,0.0,491.7,7.574,14.39,1.72206,1.08945,2.05447,0.815636,820.373,-9999.0,2.976,53.82
201202181230,201202181300,1.39874,0.0,269.8,7.131,13.98,1.70104,0.28579,2.01827,0.813137,818.34,-9999.0,3.024,55.35
201202181300,201202181330,0.981603,0.0,308.7,7.453,14.23,1.74079,0.737904,2.09421,0.855925,798.949,-9999.0,3.084,54.08
201202181330,201202181400,0.917757,0.0,153.8,6.674,13.74,1.71155,0.782568,2.04205,0.819384,762.532,-9999.0,3.155,57.55
201202181400,201202181430,1.23182,0.0,121.9,6.067,13.26,1.68284,0.449534,1.99105,0.816456,709.712,-9999.0,3.227,60.19
201202181430,201202181500,1.31269,0.0,73.1,5.69,13.1,1.68365,0.372956,1.99417,0.750964,641.393,-9999.0,3.302,62.27
201202181500,201202181530,-9999.0,1.0,45.14,5.449,12.88,1.67858,0.672703,1.98631,0.662179,558.744,-9999.0,3.377,63.34
201202181530,201202181600,-9999.0,1.0,35.59,5.394,12.76,1.6827,0.470688,1.99513,0.620039,463.179,-9999.0,3.451,63.43
201202181600,201202181630,-9999.0,1.0,51.8,5.185,12.6,1.68283,0.639119,1.99644,0.743204,356.333,-9999.0,3.524,64.47
201202181630,201202181700,-9999.0,1.0,122.8,5.77,13.19,1.7552,0.743029,2.13205,0.963585,240.034,-9999.0,3.596,61.96
201202181700,201202181730,0.60495,0.0,79.0,5.692,13.43,1.79464,1.18695,2.20758,0.899218,116.272,-9999.0,3.661,63.06
201202181730,201202181800,0.939883,0.0,14.84,3.767,12.03,1.67317,0.758627,1.98096,0.432067,10.5846,-9999.0,3.724,73.2
201202181800,201202181830,1.93567,0.0,0.429,2.307,10.55,1.5462,-0.336961,1.7533,0.019276,0.0,-9999.0,3.785,81.9
201202181830,201202181900,-9999.0,1.0,0.328,1.523,9.41,1.45319,-0.013272,1.59282,0.0152,0.0,-9999.0,3.844,87.1
201202181900,201202181930,-9999.0,1.0,0.33,1.176,8.77,1.40689,0.12278,1.51501,0.015705,0.0,-9999.0,3.896,89.6
201202181930,201202182000,-9999.0,1.0,0.33,0.968,7.87,1.33726,0.074054,1.40043,0.016118,0.0,-9999.0,3.942,90.9
201202182000,201202182030,-9999.0,1.0,0.33,0.704,7.91,1.35229,0.074283,1.42483,0.016532,0.0,-9999.0,3.976,93.4
201202182030,201202182100,-9999.0,1.0,0.328,0.533,7.6,1.33557,0.059876,1.39748,0.016843,0.0,-9999.0,4.0,94.9
201202182100,201202182130,-9999.0,1.0,0.308,0.383,7.09,1.30063,0.043494,1.34104,0.016213,0.0,-9999.0,4.017,96.2
201202182130,201202182200,4.49035,0.0,0.33,0.283,6.121,1.22511,-3.14284,1.22205,0.017772,0.0,-9999.0,4.026,97.0
201202182200,201202182230,2.50071,0.0,0.331,0.206,5.344,1.1674,-1.20134,1.13371,0.018239,0.0,-9999.0,4.031,97.7
201202182230,201202182300,1.91613,0.0,0.322,0.122,4.98,1.14555,-0.633703,1.10064,0.018152,0.0,-9999.0,4.03,98.6
201202182300,201202182330,1.96531,0.0,0.318,0.094,4.686,1.12957,-0.694746,1.07656,0.018328,0.0,-9999.0,4.028,98.9
201202182330,201202190000,-9999.0,1.0,0.167,0.017,4.872,1.15475,0.047979,1.11352,0.009886,0.0,-9999.0,4.02,99.8
201202190000,201202190030,-9999.0,1.0,0.0,0.473,5.744,1.24142,0.067599,1.24514,0.0,0.0,-9999.0,4.01,94.854
201202190030,201202190100,0.355291,0.0,0.0,0.518,6.039,1.2782,1.05374,1.30213,0.0,0.0,-9999.0,4.001,94.4729
201202190100,201202190130,1.14393,0.0,0.0,0.611,6.212,1.30429,0.29041,1.34285,0.0,0.0,-9999.0,3.988,93.5579
201202190130,201202190200,-9999.0,1.0,0.0,0.622,6.399,1.33205,0.101747,1.38661,0.0,0.0,-9999.0,3.98,93.5346
201202190200,201202190230,-9999.0,1.0,0.0,2.466,7.133,1.41298,0.208234,1.5184,0.0,0.0,-9999.0,3.972,-9999.0
201202190230,201202190300,-9999.0,1.0,0.0,2.466,7.133,1.42382,0.220242,1.53552,0.0,0.0,-9999.0,3.968,-9999.0
201202190300,201202190330,-9999.0,1.0,0.0,2.45,7.109,1.4323,0.230209,1.54866,0.0,0.0,-9999.0,3.968,-9999.0
201202190330,201202190400,-9999.0,1.0,0.0,2.45,7.109,1.44313,0.242201,1.56574,0.0,0.0,-9999.0,3.971,-9999.0
201202190400,201202190430,-9999.0,1.0,0.0,2.45,7.109,1.45396,0.254193,1.58281,0.0,0.0,-9999.0,3.976,-9999.0
201202190430,201202190500,-9999.0,1.0,0.0,2.438,7.089,1.46277,0.264445,1.59647,0.0,0.0,-9999.0,3.983,-9999.0
201202190500,201202190530,-9999.0,1.0,0.229,2.426,7.067,1.47135,0.274497,1.60972,0.016693,0.0,-9999.0,3.99,-9999.0
201202190530,201202190600,-9999.0,1.0,0.0,2.426,7.067,1.48215,0.286462,1.62671,0.0,0.0,-9999.0,3.997,-9999.0
201202190600,201202190630,-9999.0,1.0,0.0,2.426,7.067,1.48091,0.298426,1.64371,0.0,0.0,-9999.0,4.002,-9999.0
201202190630,201202190700,-9999.0,1.0,0.46,2.419,7.079,1.4809,0.311466,1.66284,0.034984,0.0,-9999.0,4.004,-9999.0
201202190700,201202190730,-9999.0,1.0,10.01,2.462,7.145,1.4864,0.341918,1.69175,0.581235,30.2795,-9999.0,4.005,-9999.0
201202190730,201202190800,-9999.0,1.0,27.21,2.442,7.837,1.55668,0.167992,1.83811,1.10863,151.814,-9999.0,4.004,-9999.0
201202190800,201202190830,-9999.0,1.0,34.21,2.455,7.866,1.5584,0.184144,1.86216,1.25758,274.123,-9999.0,4.005,-9999.0
201202190830,201202190900,-9999.0,1.0,39.5,2.564,7.957,1.5666,0.236453,1.89848,1.35979,388.485,-9999.0,4.008,-9999.0
201202190900,201202190930,-9999.0,1.0,69.47,5.881,12.223,2.03839,0.742814,2.88673,1.68448,492.944,-9999.0,4.014,-9999.0
201202190930,201202191000,-9999.0,1.0,135.1,6.573,12.786,2.10288,0.945644,3.063,1.99038,585.713,-9999.0,4.02,-9999.0
201202191000,201202191030,-9999.0,1.0,307.4,7.575,12.822,2.10537,0.982219,3.10226,2.23778,665.203,-9999.0,4.033,-9999.0
201202191030,201202191100,-9999.0,1.0,259.1,7.766,13.228,2.15182,1.1578,3.24386,2.23547,730.055,-9999.0,4.051,-9999.0
201202191100,201202191130,-9999.0,1.0,323.1,8.191,12.994,2.12218,0.957306,3.20911,2.31309,779.16,-9999.0,4.077,-9999.0
201202191130,201202191200,-9999.0,1.0,316.3,7.879,12.965,2.11695,0.98718,3.23106,2.34207,811.677,-9999.0,4.114,-9999.0
201202191200,201202191230,-9999.0,1.0,262.2,7.582,13.175,2.14007,1.10325,3.32075,2.33539,827.049,-9999.0,4.165,-9999.0
201202191230,201202191300,-9999.0,1.0,263.4,7.582,13.175,2.13826,1.10017,3.3513,2.36888,825.015,-9999.0,4.224,-9999.0
201202191300,201202191330,-9999.0,1.0,424.2,8.967,14.046,2.24077,1.05729,3.64119,2.49323,805.607,-9999.0,4.289,-9999.0
201202191330,201202191400,-9999.0,1.0,313.7,7.879,12.965,2.1098,0.975006,3.35106,2.47233,769.16,-9999.0,4.36,-9999.0
201202191400,201202191430,-9999.0,1.0,270.6,7.924,13.633,2.18735,1.07929,3.58031,2.47263,716.295,-9999.0,4.435,-9999.0
201202191430,201202191500,-9999.0,1.0,235.1,7.008,12.993,2.10952,1.02967,3.41935,2.46978,647.918,-9999.0,4.513,-9999.0
201202191500,201202191530,-9999.0,1.0,189.4,6.367,12.446,2.04369,1.13292,3.28836,2.43849,565.199,-9999.0,4.592,-9999.0
201202191530,201202191600,-9999.0,1.0,182.8,6.292,12.396,2.03614,1.16875,3.30241,2.45819,469.553,-9999.0,4.671,-9999.0
201202191600,201202191630,-9999.0,1.0,107.7,6.259,12.538,2.05091,0.986286,3.37292,2.27607,362.617,-9999.0,4.748,-9999.0
201202191630,201202191700,-9999.0,1.0,110.6,6.405,12.586,2.05475,1.02054,3.4162,2.31719,246.22,-9999.0,4.823,-9999.0
201202191700,201202191730,-9999.0,1.0,39.26,2.564,7.957,1.54421,0.195865,2.21583,1.71105,122.353,-9999.0,4.893,-9999.0
201202191730,201202191800,-9999.0,1.0,3.984,2.438,7.116,1.45731,0.319937,2.04536,0.367365,13.1267,-9999.0,4.957,-9999.0
201202191800,201202191830,-9999.0,1.0,0.388,2.448,7.101,1.45456,0.303798,2.05914,0.040736,0.0,-9999.0,5.014,-9999.0
201202191830,201202191900,-9999.0,1.0,0.259,2.464,7.122,1.45542,0.303387,2.08087,0.02764,0.0,-9999.0,5.065,-9999.0
201202191900,201202191930,-9999.0,1.0,0.229,2.479,7.138,1.45578,0.302526,2.10155,0.024752,0.0,-9999.0,5.106,-9999.0
201202191930,201202192000,-9999.0,1.0,0.247,2.49,7.152,1.45594,0.301485,2.12185,0.026991,0.0,-9999.0,5.141,-9999.0
201202192000,201202192030,-9999.0,1.0,0.223,2.501,7.163,1.45579,0.298874,2.14151,0.024669,0.0,-9999.0,5.17,-9999.0
201202192030,201202192100,-9999.0,1.0,0.255,2.511,7.172,1.45544,0.299773,2.16076,0.028498,0.0,-9999.0,5.195,-9999.0
201202192100,201202192130,-9999.0,1.0,0.263,2.519,7.178,1.4548,0.301595,2.17934,0.029714,0.0,-9999.0,5.216,-9999.0
201202192130,201202192200,-9999.0,1.0,0.267,2.527,7.185,1.45425,0.301604,2.19818,0.030497,0.0,-9999.0,5.234,-9999.0
201202192200,201202192230,-9999.0,1.0,0.265,2.535,7.191,1.45359,0.307453,2.21681,0.030603,0.0,-9999.0,5.249,-9999.0
201202192230,201202192300,-9999.0,1.0,0.265,2.541,7.196,1.45284,0.306412,2.23523,0.030935,0.0,-9999.0,5.261,-9999.0
201202192300,201202192330,-9999.0,1.0,0.18,2.546,7.198,1.45179,0.313376,2.25294,0.021302,0.0,-9999.0,5.27,-9999.0
201202192330,201202200000,-9999.0,1.0,0.179,2.552,7.2,1.45074,0.29681,2.27066,0.02141,0.0,-9999.0,5.278,-9999.0
201202200000,201202200030,-9999.0,1.0,0.153,2.561,7.204,1.44989,0.297408,2.28888,0.018509,0.0,-9999.0,5.284,-9999.0
201202200030,201202200100,-9999.0,1.0,0.247,2.571,7.208,1.44903,0.301706,2.27657,0.029478,0.0,-9999.0,5.29,-9999.0
201202200100,201202200130,-9999.0,1.0,0.172,2.579,7.211,1.44808,0.301995,2.26401,0.020368,0.0,-9999.0,5.297,-9999.0
201202200130,201202200200,-9999.0,1.0,0.121,2.586,7.214,1.44713,0.307614,2.25144,0.014204,0.0,-9999.0,5.303,-9999.0
201202200200,201202200230,-9999.0,1.0,0.111,2.592,7.215,1.44597,0.308647,2.23838,0.012897,0.0,-9999.0,5.31,-9999.0
201202200230,201202200300,-9999.0,1.0,0.127,2.598,7.215,1.44472,0.311103,2.22509,0.01459,0.0,-9999.0,5.316,-9999.0
201202200300,201202200330,-9999.0,1.0,0.167,2.605,7.214,1.44337,0.312731,2.21156,0.018951,0.0,-9999.0,5.32,-9999.0
201202200330,201202200400,-9999.0,1.0,0.155,2.611,7.212,1.44192,0.316784,2.1978,0.017404,0.0,-9999.0,5.322,-9999.0
201202200400,201202200430,-9999.0,1.0,0.055,2.611,7.212,1.44066,0.31449,2.18451,0.006129,0.0,-9999.0,5.325,-9999.0
201202200430,201202200500,-9999.0,1.0,0.017,2.611,7.212,1.43941,0.312196,2.17122,0.001876,0.0,-9999.0,5.328,-9999.0
201202200500,201202200530,-9999.0,1.0,0.063,2.611,7.212,1.43816,0.309902,2.15793,0.006862,0.0,-9999.0,5.329,-9999.0
201202200530,201202200600,-9999.0,1.0,0.051,2.611,7.212,1.43691,0.307608,2.14464,0.005493,0.0,-9999.0,5.331,-9999.0
201202200600,201202200630,-9999.0,1.0,0.108,2.611,7.212,1.43565,0.305314,2.13135,0.011476,0.0,-9999.0,5.334,-9999.0
201202200630,201202200700,-9999.0,1.0,0.285,2.611,7.212,1.4344,0.30302,2.11806,0.029745,0.0,-9999.0,5.337,-9999.0
201202200700,201202200730,-9999.0,1.0,8.4,2.639,7.278,1.43965,0.316307,2.11959,0.675632,34.5645,-9999.0,5.34,-9999.0
201202200730,201202200800,-9999.0,1.0,13.37,2.698,7.368,1.44728,0.310339,2.1264,0.936514,157.961,-9999.0,5.344,-9999.0
201202200800,201202200830,-9999.0,1.0,31.33,2.615,7.973,1.5063,0.143759,2.25097,1.51879,280.369,-9999.0,5.348,-9999.0
201202200830,201202200900,-9999.0,1.0,59.52,5.423,11.927,1.92463,0.766645,3.27437,1.94243,394.824,-9999.0,5.35,-9999.0
201202200900,201202200930,-9999.0,1.0,55.57,5.296,11.632,1.89018,0.797515,3.16779,1.8753,499.367,-9999.0,5.354,-9999.0
201202200930,201202201000,-9999.0,1.0,129.9,6.635,12.974,2.03926,0.818051,3.54503,2.31764,592.211,-9999.0,5.36,-9999.0
201202201000,201202201030,-9999.0,1.0,190.5,2.274,9.69,1.67739,1.33712,2.60549,2.44709,671.765,-9999.0,5.367,81.1
201202201030,201202201100,-9999.0,1.0,175.6,2.689,10.06,1.715,1.21172,2.68252,2.38842,736.67,-9999.0,5.377,78.2
201202201100,201202201130,-9999.0,1.0,240.6,3.216,10.63,1.77438,0.806892,2.81298,2.47393,785.815,-9999.0,5.393,74.9
201202201130,201202201200,-9999.0,1.0,110.8,6.417,12.658,1.99632,0.913411,3.35881,2.13692,818.358,-9999.0,5.415,-9999.0
201202201200,201202201230,-9999.0,1.0,96.1,6.503,13.042,2.03804,0.758959,3.44971,2.0417,833.743,-9999.0,5.446,-9999.0
201202201230,201202201300,-9999.0,1.0,261.1,3.617,10.97,1.80634,0.825688,2.84584,2.41769,831.706,-9999.0,5.481,72.4
201202201300,201202201330,-9999.0,1.0,138.5,4.241,11.79,1.89432,0.713677,3.04689,2.15524,812.283,-9999.0,5.518,69.35
201202201330,201202201400,0.00185,0.0,147.3,4.261,11.73,1.88603,1.94234,3.00971,2.15326,775.806,-9999.0,5.557,69.08
201202201400,201202201430,0.790647,0.0,121.6,4.186,11.78,1.88987,1.15516,3.00254,2.04552,722.899,-9999.0,5.599,69.73
201202201430,201202201500,1.51295,0.0,65.66,4.107,11.58,1.86625,0.412045,2.92821,1.71808,654.467,-9999.0,5.639,69.9
201202201500,201202201530,2.13,0.0,31.55,2.136,10.34,1.73101,-0.317884,2.59136,1.26746,571.681,-9999.0,5.684,83.0
201202201530,201202201600,-9999.0,1.0,42.77,1.005,9.43,1.63419,0.188279,2.3568,1.43024,475.958,-9999.0,5.725,91.5
201202201600,201202201630,-9999.0,1.0,23.8,0.946,9.43,1.63274,0.184713,2.34013,1.06427,368.935,-9999.0,5.764,92.0
201202201630,201202201700,-9999.0,1.0,20.43,1.299,8.89,1.57595,0.195453,2.20244,0.961148,252.443,-9999.0,5.798,88.6
201202201700,201202201730,1.79583,0.0,15.15,1.086,8.62,1.54721,-0.143242,2.12808,0.785839,128.477,-9999.0,5.831,90.3
201202201730,201202201800,2.84962,0.0,4.792,0.888,8.49,1.53276,-1.21058,2.08507,0.320119,15.9922,-9999.0,5.858,92.0
201202201800,201202201830,1.7468,0.0,0.325,0.707,8.42,1.52438,-0.116162,2.05522,0.024656,0.0,-9999.0,5.883,93.6
201202201830,201202201900,-9999.0,1.0,0.301,0.639,8.38,1.51902,0.309042,2.03186,0.022482,0.0,-9999.0,5.903,94.2
201202201900,201202201930,-9999.0,1.0,0.282,0.557,8.27,1.50671,0.294773,1.99432,0.020729,0.0,-9999.0,5.919,94.9
201202201930,201202202000,2.89086,0.0,0.257,0.544,8.2,1.49841,-1.28612,1.96533,0.01859,0.0,-9999.0,5.93,95.0
201202202000,201202202030,1.36935,0.0,0.225,0.612,8.26,1.50302,0.238017,1.96262,0.016015,0.0,-9999.0,5.94,94.4
201202202030,201202202100,0.830488,0.0,0.197,0.568,8.25,1.50069,0.773612,1.9458,0.013791,0.0,-9999.0,5.946,94.8
201202202100,201202202130,2.37645,0.0,0.175,0.507,8.08,1.48254,-0.789021,1.89756,0.012044,0.0,-9999.0,5.95,95.3
201202202130,201202202200,1.81896,0.0,0.166,0.588,7.94,1.46745,-0.245621,1.85597,0.011222,0.0,-9999.0,5.954,94.5
201202202200,201202202230,1.68701,0.0,0.23,0.742,7.82,1.4544,-0.126037,1.81882,0.01523,0.0,-9999.0,5.955,93.0
201202202230,201202202300,-9999.0,1.0,0.263,2.778,7.238,1.39681,0.250652,1.69748,0.01707,0.0,-9999.0,5.957,-9999.0
201202202300,201202202330,-9999.0,1.0,0.33,2.784,7.23,1.39479,0.247699,1.68273,0.020962,0.0,-9999.0,5.956,-9999.0
201202202330,201202210000,-9999.0,1.0,0.33,2.784,7.23,1.39354,0.245402,1.66941,0.020556,0.0,-9999.0,5.953,-9999.0
201202210000,201202210030,-9999.0,1.0,0.276,2.784,7.217,1.39104,0.242043,1.65381,0.016883,0.0,-9999.0,5.95,-9999.0
201202210030,201202210100,-9999.0,1.0,0.185,2.784,7.217,1.38979,0.239749,1.64051,0.011123,0.0,-9999.0,5.942,-9999.0
201202210100,201202210130,-9999.0,1.0,0.107,2.784,7.217,1.38854,0.237454,1.62721,0.006318,0.0,-9999.0,5.932,-9999.0
201202210130,201202210200,-9999.0,1.0,0.132,2.784,7.217,1.38728,0.23516,1.61392,0.007623,0.0,-9999.0,5.922,-9999.0
201202210200,201202210230,-9999.0,1.0,0.166,2.784,7.195,1.38394,0.231078,1.59688,0.009369,0.0,-9999.0,5.91,-9999.0
201202210230,201202210300,-9999.0,1.0,0.183,2.784,7.195,1.38269,0.228786,1.58361,0.010096,0.0,-9999.0,5.9,-9999.0
201202210300,201202210330,-9999.0,1.0,0.229,2.784,7.195,1.38144,0.226494,1.57034,0.012331,0.0,-9999.0,5.889,-9999.0
201202210330,201202210400,-9999.0,1.0,0.224,2.784,7.195,1.38018,0.224202,1.55708,0.011786,0.0,-9999.0,5.88,-9999.0
201202210400,201202210430,-9999.0,1.0,0.231,2.784,7.195,1.37893,0.221911,1.54381,0.011866,0.0,-9999.0,5.869,-9999.0
201202210430,201202210500,-9999.0,1.0,0.313,2.784,7.195,1.37768,0.219619,1.53055,0.015647,0.0,-9999.0,5.859,-9999.0
201202210500,201202210530,-9999.0,1.0,0.331,2.784,7.195,1.37643,0.217327,1.51728,0.016129,0.0,-9999.0,5.849,-9999.0
201202210530,201202210600,-9999.0,1.0,0.305,2.784,7.195,1.37518,0.215035,1.50402,0.014499,0.0,-9999.0,5.838,-9999.0
201202210600,201202210630,-9999.0,1.0,0.276,2.784,7.195,1.37393,0.212744,1.49075,0.012792,0.0,-9999.0,5.827,-9999.0
201202210630,201202210700,-9999.0,1.0,0.781,2.776,7.204,1.37353,0.211173,1.4789,0.034639,0.0,-9999.0,5.812,-9999.0
201202210700,201202210730,-9999.0,1.0,14.9,2.859,7.341,1.38522,0.217654,1.4871,0.438844,39.1431,-9999.0,5.794,-9999.0
201202210730,201202210800,-9999.0,1.0,128.9,6.749,13.002,1.96357,0.738475,2.53419,1.12353,164.146,-9999.0,5.775,-9999.0
201202210800,201202210830,-9999.0,1.0,198.3,6.775,12.577,1.91542,0.780271,2.41966,1.23655,286.649,-9999.0,5.754,-9999.0
201202210830,201202210900,-9999.0,1.0,382.6,7.974,13.293,1.99195,0.64326,2.55102,1.45919,401.192,-9999.0,5.733,-9999.0
201202210900,201202210930,-9999.0,1.0,422.7,8.885,14.103,2.08008,0.794608,2.70647,1.47711,505.816,-9999.0,5.718,-9999.0
201202210930,201202211000,-9999.0,1.0,447.2,8.001,13.144,1.97195,0.771688,2.47165,1.47708,598.731,-9999.0,5.707,-9999.0
201202211000,201202211030,-9999.0,1.0,553.1,8.956,13.676,2.02875,0.821467,2.56199,1.55901,678.347,-9999.0,5.699,-9999.0
201202211030,201202211100,-9999.0,1.0,533.4,8.471,13.434,2.00017,0.777526,2.48579,1.51416,743.302,-9999.0,5.701,-9999.0
201202211100,201202211130,-9999.0,1.0,630.2,11.677,15.366,2.21519,0.994263,2.88792,1.58231,792.484,-9999.0,5.711,-9999.0
201202211130,201202211200,-9999.0,1.0,635.7,11.705,15.372,2.21384,0.893344,2.86109,1.56289,825.052,-9999.0,5.733,-9999.0
201202211200,201202211230,-9999.0,1.0,632.1,11.522,15.205,2.19276,1.001,2.79515,1.53497,840.449,-9999.0,5.766,-9999.0
201202211230,201202211300,-9999.0,1.0,618.6,10.662,14.607,2.12312,0.997902,2.63605,1.49742,838.411,-9999.0,5.8,-9999.0
201202211300,201202211330,-9999.0,1.0,589.3,9.57,13.766,2.02751,0.975543,2.43315,1.44374,818.973,-9999.0,5.84,-9999.0
201202211330,201202211400,-9999.0,1.0,546.0,9.031,13.751,2.02399,0.808661,2.40537,1.37419,782.468,-9999.0,5.88,-9999.0
201202211400,201202211430,-9999.0,1.0,488.4,8.646,13.597,2.00518,0.699102,2.34984,1.2863,729.52,-9999.0,5.919,-9999.0
201202211430,201202211500,-9999.0,1.0,418.8,8.949,14.126,2.06168,0.749976,2.43127,1.17967,661.035,-9999.0,5.961,-9999.0
201202211500,201202211530,-9999.0,1.0,342.5,7.951,13.301,1.96914,0.590976,2.24371,1.05715,578.185,-9999.0,6.008,-9999.0
201202211530,201202211600,-9999.0,1.0,257.1,7.81,13.34,1.97156,0.770241,2.22736,0.910829,482.388,-9999.0,6.064,-9999.0
201202211600,201202211630,-9999.0,1.0,172.8,6.654,12.724,1.90316,0.819165,2.08917,0.747271,375.283,-9999.0,6.123,-9999.0
201202211630,201202211700,-9999.0,1.0,88.7,6.367,12.581,1.88609,0.554086,2.04083,0.544506,258.702,-9999.0,6.183,-9999.0
201202211700,201202211730,-9999.0,1.0,26.26,6.173,11.79,1.80063,0.637772,1.88123,0.283682,134.639,-9999.0,6.243,55.39
201202211730,201202211800,-9999.0,1.0,8.58,5.226,10.72,1.68829,0.340152,1.68609,0.122423,19.1416,-9999.0,6.291,59.45
201202211800,201202211830,1.68241,0.0,0.397,4.493,9.72,1.58606,-0.065776,1.51557,0.006607,0.0,-9999.0,6.328,62.73
201202211830,201202211900,1.66601,0.0,0.298,4.067,8.92,1.50603,-0.11576,1.38488,0.004607,0.0,-9999.0,6.357,64.39
201202211900,201202211930,1.60647,0.0,0.33,3.719,8.29,1.44405,-0.108345,1.28457,0.004689,0.0,-9999.0,6.377,66.02
201202211930,201202212000,1.1059,0.0,0.33,3.453,7.71,1.3871,0.344617,1.19581,0.004283,0.0,-9999.0,6.386,67.18
201202212000,201202212030,2.13857,0.0,0.328,3.403,7.32,1.34874,-0.720502,1.13428,0.003853,0.0,-9999.0,6.387,66.78
201202212030,201202212100,0.902717,0.0,0.268,3.351,7.13,1.32919,0.498478,1.09841,0.002822,0.0,-9999.0,6.381,66.86
201202212100,201202212130,1.25283,0.0,0.307,2.956,6.546,1.27421,0.101679,1.01893,0.002851,0.0,-9999.0,6.367,69.57
201202212130,201202212200,2.58415,0.0,0.035,2.996,6.673,1.28362,-1.22256,1.02057,0.000284,0.0,-9999.0,6.346,69.43
201202212200,201202212230,1.10371,0.0,0.056,3.034,6.585,1.27371,0.248694,0.998426,0.000384,0.0,-9999.0,6.323,68.85
201202212230,201202212300,1.74851,0.0,0.026,3.025,6.342,1.25006,-0.416885,0.960114,0.000146,0.0,-9999.0,6.298,68.42
201202212300,201202212330,1.20314,0.0,0.0,3.288,6.526,1.26445,0.13978,0.967335,0.0,0.0,-9999.0,6.27,66.1
201202212330,201202220000,1.34825,0.0,0.0,3.274,6.364,1.24808,-0.019968,0.938189,0.0,0.0,-9999.0,6.241,65.87
201202220000,201202220030,1.12439,0.0,0.0,3.229,6.159,1.22806,0.18614,0.905351,0.0,0.0,-9999.0,6.214,65.86
201202220030,201202220100,0.818063,0.0,0.0,3.095,5.966,1.20926,0.475716,0.883356,0.0,0.0,-9999.0,6.186,66.83
201202220100,201202220130,1.45561,0.0,0.0,3.165,5.96,1.20682,-0.164714,0.879994,0.0,0.0,-9999.0,6.155,66.07
201202220130,201202220200,1.49368,0.0,0.0,3.197,6.05,1.21273,-0.198595,0.886065,0.0,0.0,-9999.0,6.123,65.94
201202220200,201202220230,1.0409,0.0,0.0,3.142,6.101,1.21524,0.255486,0.888286,0.0,0.0,-9999.0,6.092,66.64
201202220230,201202220300,2.04268,0.0,0.0,2.992,5.945,1.19979,-0.760203,0.870221,0.0,0.0,-9999.0,6.062,67.89
201202220300,201202220330,1.52079,0.0,0.0,2.995,5.852,1.18986,-0.247547,0.858475,0.0,0.0,-9999.0,6.031,67.65
201202220330,201202220400,1.28126,0.0,0.0,3.034,6.003,1.20097,0.000578,0.870302,0.0,0.0,-9999.0,5.997,67.57
201202220400,201202220430,0.8297,0.0,0.0,3.101,6.224,1.21818,0.465847,0.889058,0.0,0.0,-9999.0,5.965,67.36
201202220430,201202220500,1.75813,0.0,0.0,3.026,6.294,1.22231,-0.459939,0.893077,0.0,0.0,-9999.0,5.935,68.3
201202220500,201202220530,1.41928,0.0,0.0,2.907,6.374,1.2273,-0.117727,0.898073,0.0,0.0,-9999.0,5.906,69.72
201202220530,201202220600,1.06167,0.0,0.0,2.907,6.557,1.24128,0.25077,0.913289,0.0,0.0,-9999.0,5.877,70.1
201202220600,201202220630,0.99072,0.0,0.0,2.818,6.501,1.2344,0.315104,0.904778,0.0,0.0,-9999.0,5.85,70.9
201202220630,201202220700,1.27659,0.0,0.713,2.811,6.518,1.23389,0.027958,0.903514,0.001211,0.0,-9999.0,5.824,71.0
201202220700,201202220730,1.28665,0.0,17.72,2.732,6.457,1.22661,0.010942,0.894576,0.029636,47.6634,-9999.0,5.801,71.7
201202220730,201202220800,1.06475,0.0,73.0,2.91,6.768,1.25168,0.252964,0.92236,0.118511,174.56,-9999.0,5.779,70.5
201202220800,201202220830,0.619783,0.0,220.2,3.475,7.68,1.33041,0.762318,1.01301,0.335725,296.92,-9999.0,5.76,66.9
201202220830,201202220900,0.39053,0.0,351.3,4.09,8.64,1.41554,1.06029,1.11436,0.507419,411.247,-9999.0,5.739,63.51
201202220900,201202220930,0.545334,0.0,432.2,4.737,9.58,1.50093,0.973454,1.21928,0.602622,515.585,-9999.0,5.723,60.33
201202220930,201202221000,0.843858,0.0,506.7,5.225,10.28,1.56515,0.72519,1.30003,0.684002,608.149,-9999.0,5.709,58.25
201202221000,201202221030,0.670022,0.0,564.3,5.253,10.56,1.58956,0.917348,1.33052,0.741927,687.355,-9999.0,5.697,58.81
201202221030,201202221100,0.607639,0.0,573.3,5.855,11.49,1.67775,1.04806,1.44546,0.745506,751.848,-9999.0,5.693,56.84
201202221100,201202221130,0.62296,0.0,507.2,6.327,12.15,1.74057,1.08057,1.52895,0.667763,800.524,-9999.0,5.7,55.35
201202221130,201202221200,0.736055,0.0,588.775,6.789,12.9,1.81333,1.02252,1.62778,0.749445,832.55,-9999.0,5.716,54.39
201202221200,201202221230,1.03494,0.0,653.7,6.951,12.87,1.80731,0.717838,1.61807,0.80914,847.379,-9999.0,5.745,53.21
201202221230,201202221300,1.45097,0.0,620.9,7.731,13.59,1.87783,0.354602,1.7155,0.769624,844.757,-9999.0,5.778,50.35
201202221300,201202221330,1.80876,0.0,600.2,7.933,13.76,1.89223,0.006559,1.73446,0.742267,824.729,-9999.0,5.82,49.61
201202221330,201202221400,-9999.0,1.0,560.9,8.751,14.33,1.9481,0.772798,1.81292,0.695933,787.637,-9999.0,5.864,46.43
201202221400,201202221430,-9999.0,1.0,502.7,9.186,14.61,1.97407,0.768653,1.84891,0.629401,734.115,-9999.0,5.912,44.78
201202221430,201202221500,1.25345,0.0,436.1,9.347,14.59,1.96872,0.616016,1.83954,0.552519,665.081,-9999.0,5.962,43.74
201202221500,201202221530,1.6412,0.0,357.3,9.297,14.53,1.95922,0.219841,1.82419,0.459987,581.714,-9999.0,6.019,43.82
201202221530,201202221600,1.87433,0.0,280.0,8.373,13.71,1.87153,-0.080862,1.69773,0.366266,485.442,-9999.0,6.084,46.64
201202221600,201202221630,2.04446,0.0,176.7,7.476,12.83,1.77957,-0.322405,1.5688,0.237053,377.912,-9999.0,6.146,49.54
201202221630,201202221700,3.33454,0.0,111.7,6.941,12.13,1.70728,-1.66934,1.46981,0.15178,260.963,-9999.0,6.209,50.95
201202221700,201202221730,1.73099,0.0,30.03,6.196,11.11,1.60557,-0.14603,1.33513,0.041591,136.596,-9999.0,6.272,53.16
201202221730,201202221800,-9999.0,1.0,9.42,5.332,9.94,1.49269,0.12335,1.19141,0.013011,20.1001,-9999.0,6.325,56.42
201202221800,201202221830,-9999.0,1.0,0.597,4.575,8.95,1.39972,0.148134,1.07739,0.000819,0.0,-9999.0,6.366,60.03
201202221830,201202221900,2.52484,0.0,0.33,4.143,8.31,1.3403,-1.15417,1.00639,0.000448,0.0,-9999.0,6.394,62.2
201202221900,201202221930,2.01558,0.0,0.328,3.827,7.81,1.29426,-0.683298,0.952431,0.000441,0.0,-9999.0,6.418,63.87
201202221930,201202222000,1.2623,0.0,0.324,3.652,7.53,1.26789,0.0475,0.921647,0.000431,0.0,-9999.0,6.429,64.86
201202222000,201202222030,0.747815,0.0,0.322,3.482,7.13,1.2316,0.531281,0.880247,0.000423,0.0,-9999.0,6.433,65.56
201202222030,201202222100,0.640889,0.0,0.292,3.274,6.728,1.19569,0.607668,0.839973,0.00038,0.0,-9999.0,6.426,66.71
201202222100,201202222130,1.16732,0.0,0.15,3.233,6.519,1.17628,0.064273,0.818134,0.000193,0.0,-9999.0,6.414,66.65
201202222130,201202222200,1.56729,0.0,0.025,3.267,6.497,1.17247,-0.339727,0.813229,3.2e-05,0.0,-9999.0,6.397,66.25
201202222200,201202222230,0.909474,0.0,0.008,3.259,6.418,1.16396,0.310163,0.803307,1e-05,0.0,-9999.0,6.376,66.15
201202222230,201202222300,0.841056,0.0,0.0,3.331,6.454,1.16495,0.378537,0.803557,0.0,0.0,-9999.0,6.35,65.49
201202222300,201202222330,1.36602,0.0,0.0,3.389,6.46,1.16346,-0.148527,0.801157,0.0,0.0,-9999.0,6.323,64.9
201202222330,201202230000,1.25441,0.0,0.0,3.595,6.674,1.17911,-0.024831,0.817079,0.0,0.0,-9999.0,6.294,63.31
201202230000,201202230030,1.35939,0.0,0.0,3.665,6.74,1.18255,-0.127848,0.819931,0.0,0.0,-9999.0,6.265,62.77
201202230030,201202230100,0.869228,0.0,0.0,3.872,6.975,1.2,0.375808,0.837886,0.0,0.0,-9999.0,6.235,61.3
201202230100,201202230130,1.00159,0.0,0.0,3.672,6.754,1.17966,0.225806,0.815128,0.0,0.0,-9999.0,6.205,62.73
201202230130,201202230200,1.48621,0.0,0.0,3.55,6.589,1.1641,-0.272547,0.797677,0.0,0.0,-9999.0,6.175,63.56
201202230200,201202230230,1.18707,0.0,0.0,3.777,7.0,1.1959,0.051918,0.830822,0.0,0.0,-9999.0,6.143,62.31
201202230230,201202230300,1.25438,0.0,0.0,3.852,7.22,1.21209,-0.003018,0.847406,0.0,0.0,-9999.0,6.113,62.14
201202230300,201202230330,0.881705,0.0,0.0,3.863,7.17,1.20585,0.363641,0.839742,0.0,0.0,-9999.0,6.083,61.9
201202230330,201202230400,0.652968,0.0,0.0,3.809,7.06,1.19468,0.582319,0.826807,0.0,0.0,-9999.0,6.054,62.15
201202230400,201202230430,1.35675,0.0,0.0,3.736,6.923,1.18135,-0.133297,0.811659,0.0,0.0,-9999.0,6.023,62.52
201202230430,201202230500,0.174294,0.0,0.0,3.668,6.652,1.15721,1.02841,0.785223,0.0,0.0,-9999.0,5.995,62.51
201202230500,201202230530,0.347229,0.0,0.0,3.526,6.416,1.13615,0.837219,0.762329,0.0,0.0,-9999.0,5.968,63.37
201202230530,201202230600,0.2694,0.0,0.0,3.317,6.176,1.11498,0.896659,0.739592,0.0,0.0,-9999.0,5.94,64.97
201202230600,201202230630,0.353723,0.0,0.0,3.361,6.283,1.12156,0.816925,0.745515,0.0,0.0,-9999.0,5.912,64.77
201202230630,201202230700,1.39011,0.0,1.502,3.718,6.633,1.14764,-0.198812,0.771664,0.001527,0.0,-9999.0,5.887,61.95
201202230700,201202230730,1.1464,0.0,39.82,3.762,6.653,1.14725,0.043688,0.770353,0.039457,53.0882,-9999.0,5.86,61.55
201202230730,201202230800,0.710735,0.0,148.5,4.604,7.84,1.24239,0.556019,0.870579,0.140678,180.817,-9999.0,5.829,56.63
201202230800,201202230830,0.994859,0.0,256.3,5.505,9.07,1.34442,0.35269,0.982684,0.232629,303.262,-9999.0,5.797,52.29
201202230830,201202230900,1.10213,0.0,353.2,6.559,10.37,1.45594,0.332231,1.11052,0.308521,417.668,-9999.0,5.769,47.91
201202230900,201202230930,1.07554,0.0,438.3,7.345,11.4,1.54619,0.427754,1.21755,0.369985,522.078,-9999.0,5.747,45.53
201202230930,201202231000,0.767091,0.0,512.6,8.099,12.44,1.6394,0.806429,1.33155,0.419608,614.706,-9999.0,5.729,43.92
201202231000,201202231030,0.003415,0.0,572.2,8.676,12.9,1.67959,1.59941,1.38079,0.456025,693.967,-9999.0,5.714,41.71
201202231030,201202231100,0.734305,0.0,619.5,8.9,13.17,1.70208,0.884278,1.40779,0.482168,758.505,-9999.0,5.708,41.25
201202231100,201202231130,0.659148,0.0,652.3,9.509,13.97,1.77522,1.01307,1.50077,0.497446,807.214,-9999.0,5.718,40.42
201202231130,201202231200,1.345,0.0,668.4,10.17,14.7,1.84255,0.375999,1.5879,0.501171,839.263,-9999.0,5.736,39.22
201202231200,201202231230,1.31591,0.0,668.3,11.6,15.94,1.96112,0.490948,1.74681,0.494244,854.103,-9999.0,5.766,35.98
201202231230,201202231300,1.12266,0.0,653.5,12.977,17.05,2.06889,0.761044,1.89538,0.477974,851.479,-9999.0,5.808,33.26
201202231300,201202231330,1.75221,0.0,624.0,14.479,18.28,2.19077,0.217443,2.06853,0.452532,831.436,-9999.0,5.854,31.09
201202231330,201202231400,1.6882,0.0,580.4,14.714,18.46,2.20541,0.290354,2.08725,0.418338,794.318,-9999.0,5.905,30.76
201202231400,201202231430,1.86689,0.0,520.0,15.335,18.97,2.25422,0.144753,2.15645,0.373569,740.76,-9999.0,5.959,30.1
201202231430,201202231500,1.0321,0.0,444.4,15.505,19.1,2.26367,0.984658,2.16758,0.319006,671.678,-9999.0,6.017,29.9
201202231500,201202231530,1.75639,0.0,370.6,15.385,19.07,2.25649,0.253731,2.15404,0.265596,588.253,-9999.0,6.085,30.31
201202231530,201202231600,-9999.0,1.0,282.7,14.232,18.28,2.17118,0.854086,2.02641,0.202729,491.915,-9999.0,6.161,32.27
201202231600,201202231630,1.11478,0.0,191.4,11.251,17.02,2.04004,0.73798,1.83738,0.137361,384.309,-9999.0,6.241,42.03
201202231630,201202231700,1.59156,0.0,106.6,10.154,15.91,1.92673,0.177739,1.67934,0.076413,267.279,-9999.0,6.321,43.85
201202231700,201202231730,1.46578,0.0,35.02,8.917,15.12,1.84671,0.243656,1.57031,0.024988,142.826,-9999.0,6.397,48.13
201202231730,201202231800,0.616313,0.0,10.27,7.511,13.85,1.723,1.0004,1.40833,0.00722,23.665,-9999.0,6.467,52.57
201202231800,201202231830,-9999.0,1.0,0.803,6.072,12.32,1.57932,0.838893,1.22881,0.000554,0.0,-9999.0,6.529,57.62
201202231830,201202231900,-9999.0,1.0,0.33,4.709,10.68,1.43144,0.137914,1.05364,0.000223,0.0,-9999.0,6.575,63.37
201202231900,201202231930,-9999.0,1.0,0.33,4.166,9.92,1.36373,0.050979,0.976001,0.000218,0.0,-9999.0,6.609,65.9
201202231930,201202232000,-9999.0,1.0,0.33,3.667,9.32,1.31085,0.079777,0.91664,0.000214,0.0,-9999.0,6.631,68.75
201202232000,201202232030,-9999.0,1.0,0.33,2.755,8.04,1.20391,-0.061196,0.802199,0.000209,0.0,-9999.0,6.644,74.4
201202232030,201202232100,-9999.0,1.0,0.33,2.073,6.993,1.11922,-0.168791,0.715396,0.000204,0.0,-9999.0,6.648,79.3
201202232100,201202232130,-9999.0,1.0,0.331,1.744,6.187,1.05561,-0.187854,0.652396,0.0002,0.0,-9999.0,6.642,81.6
201202232130,201202232200,-9999.0,1.0,0.331,1.407,5.378,0.993621,-0.16744,0.593093,0.000196,0.0,-9999.0,6.628,84.3
201202232200,201202232230,-9999.0,1.0,0.331,1.058,4.449,0.925014,-0.236984,0.530036,0.000191,0.0,-9999.0,6.608,87.4
201202232230,201202232300,-9999.0,1.0,0.331,0.986,4.625,0.935762,-0.218366,0.538782,0.000186,0.0,-9999.0,6.584,88.4
201202232300,201202232330,-9999.0,1.0,0.33,2.673,7.592,1.15537,-0.085743,0.745818,0.000181,0.0,-9999.0,6.553,-9999.0
201202232330,201202240000,-9999.0,1.0,0.331,2.671,7.603,1.15409,-0.086002,0.743369,0.000177,0.0,-9999.0,6.522,-9999.0
201202240000,201202240030,-9999.0,1.0,0.325,0.643,3.148,0.830036,-0.476431,0.444556,0.000169,0.0,-9999.0,6.489,91.6
201202240030,201202240100,-9999.0,1.0,0.172,0.777,3.936,0.882857,-0.367189,0.489147,8.8e-05,0.0,-9999.0,6.454,90.4
201202240100,201202240130,-9999.0,1.0,0.25,2.664,7.635,1.15401,-0.086848,0.740798,0.000127,0.0,-9999.0,6.413,-9999.0
201202240130,201202240200,-9999.0,1.0,0.323,2.662,7.644,1.15385,-0.087236,0.740622,0.000163,0.0,-9999.0,6.369,-9999.0
201202240200,201202240230,-9999.0,1.0,0.321,2.66,7.655,1.15385,-0.0875,0.740599,0.00016,0.0,-9999.0,6.324,-9999.0
201202240230,201202240300,-9999.0,1.0,0.296,2.656,7.663,1.15361,-0.087952,0.740343,0.000146,0.0,-9999.0,6.279,-9999.0
201202240300,201202240330,-9999.0,1.0,0.11,2.652,7.67,1.1533,-0.088468,0.740008,5.4e-05,0.0,-9999.0,6.231,-9999.0
201202240330,201202240400,-9999.0,1.0,0.148,2.649,7.68,1.15321,-0.088797,0.739905,7.1e-05,0.0,-9999.0,6.183,-9999.0
201202240400,201202240430,-9999.0,1.0,0.171,2.647,7.689,1.15305,-0.089189,0.739723,8.1e-05,0.0,-9999.0,6.137,-9999.0
201202240430,201202240500,-9999.0,1.0,0.069,2.643,7.693,1.1525,-0.089895,0.739153,3.3e-05,0.0,-9999.0,6.089,-9999.0
201202240500,201202240530,-9999.0,1.0,0.234,2.641,7.701,1.15226,-0.090351,0.738891,0.000109,0.0,-9999.0,6.041,-9999.0
201202240530,201202240600,-9999.0,1.0,0.254,2.641,7.711,1.15217,-0.090683,0.738783,0.000117,0.0,-9999.0,5.993,-9999.0
201202240600,201202240630,-9999.0,1.0,0.128,2.641,7.711,1.15131,-0.091639,0.737902,5.8e-05,0.0,-9999.0,5.945,-9999.0
201202240630,201202240700,-9999.0,1.0,2.388,2.637,7.726,1.15161,-0.091662,0.738177,0.001073,0.0,-9999.0,5.9,-9999.0
201202240700,201202240730,-9999.0,1.0,53.31,5.271,11.726,1.47881,0.06793,1.08759,0.023572,58.8077,-9999.0,5.852,-9999.0
201202240730,201202240800,-9999.0,1.0,102.5,6.23,12.553,1.54972,0.177135,1.16943,0.044592,187.104,-9999.0,5.806,-9999.0
201202240800,201202240830,-9999.0,1.0,208.7,6.53,12.535,1.54697,0.230562,1.16618,0.088912,309.628,-9999.0,5.761,-9999.0
201202240830,201202240900,-9999.0,1.0,332.2,3.397,6.602,1.06269,-0.002089,0.651658,0.138391,424.109,-9999.0,5.719,65.16
201202240900,201202240930,-9999.0,1.0,447.9,4.876,10.02,1.3306,0.700033,0.923264,0.182558,528.588,-9999.0,5.678,60.36
201202240930,201202241000,-9999.0,1.0,520.1,6.436,12.12,1.50729,0.652548,1.12004,0.208089,621.276,-9999.0,5.639,54.49
201202241000,201202241030,-9999.0,1.0,580.0,8.689,14.26,1.69621,0.438086,1.34492,0.227977,700.589,-9999.0,5.616,46.57
201202241030,201202241100,-9999.0,1.0,623.7,10.682,15.52,1.81076,0.467189,1.48821,0.24111,765.169,-9999.0,5.599,39.44
201202241100,201202241130,-9999.0,1.0,656.2,13.69,16.98,1.94698,0.252288,1.66521,0.249664,813.91,-9999.0,5.598,29.28
201202241130,201202241200,1.31753,0.0,674.5,15.361,18.06,2.04949,0.51799,1.80296,0.252801,845.98,-9999.0,5.611,25.88
201202241200,201202241230,-9999.0,1.0,671.2,16.184,19.09,2.14873,0.443213,1.93998,0.248182,860.829,-9999.0,5.644,26.78
201202241230,201202241300,-9999.0,1.0,656.7,17.09,19.96,2.23342,0.468303,2.05968,0.239716,858.203,-9999.0,5.689,26.75
201202241300,201202241330,1.02377,0.0,626.7,17.998,20.53,2.28883,0.978371,2.13933,0.226066,838.148,-9999.0,5.741,25.53
201202241330,201202241400,1.35609,0.0,579.6,16.253,20.0,2.23402,0.607496,2.06039,0.206842,801.006,-9999.0,5.799,30.51
201202241400,201202241430,2.63744,0.0,522.9,14.572,19.27,2.15995,-0.726094,1.9554,0.184716,747.413,-9999.0,5.86,34.81
201202241430,201202241500,1.56093,0.0,454.1,15.101,19.3,2.16127,0.3509,1.95717,0.158906,678.285,-9999.0,5.929,32.57
201202241500,201202241530,1.99083,0.0,374.8,14.783,18.98,2.12818,-0.102679,1.91085,0.130006,594.806,-9999.0,6.007,32.66
201202241530,201202241600,1.12106,0.0,288.0,13.433,18.23,2.05352,0.713954,1.80789,0.099063,498.405,-9999.0,6.094,35.87
201202241600,201202241630,0.843276,0.0,197.7,12.45,17.83,2.01338,0.962829,1.75335,0.06744,390.729,-9999.0,6.183,39.05
201202241630,201202241700,1.94309,0.0,111.3,11.562,17.52,1.98215,-0.159645,1.71131,0.037634,273.623,-9999.0,6.273,42.28
201202241700,201202241730,1.05216,0.0,33.05,10.312,16.85,1.91703,0.684268,1.6249,0.011068,149.089,-9999.0,6.357,46.29
201202241730,201202241800,1.06003,0.0,10.52,8.279,15.41,1.78149,0.577941,1.45028,0.003472,27.5147,-9999.0,6.432,52.73
201202241800,201202241830,0.31247,0.0,0.774,6.212,13.7,1.62575,1.21055,1.25852,0.000251,0.0,-9999.0,6.502,60.39
201202241830,201202241900,-9999.0,1.0,0.316,4.774,12.38,1.50915,0.499001,1.12137,0.000101,0.0,-9999.0,6.556,66.81
201202241900,201202241930,-9999.0,1.0,0.329,3.627,11.12,1.40115,0.228383,0.999431,0.000103,0.0,-9999.0,6.599,72.6
201202241930,201202242000,-9999.0,1.0,0.329,2.903,10.15,1.32011,-0.082962,0.911232,0.000102,0.0,-9999.0,6.628,76.6
201202242000,201202242030,-9999.0,1.0,0.33,2.254,9.17,1.24038,-0.042986,0.827337,0.0001,0.0,-9999.0,6.649,80.6
201202242030,201202242100,-9999.0,1.0,0.33,1.831,8.58,1.19309,-0.064318,0.77893,9.8e-05,0.0,-9999.0,6.661,83.6
201202242100,201202242130,-9999.0,1.0,0.209,1.673,8.28,1.16893,-0.090595,0.754581,6.1e-05,0.0,-9999.0,6.667,84.7
201202242130,201202242200,-9999.0,1.0,0.13,1.467,7.76,1.12825,-0.173248,0.714238,3.7e-05,0.0,-9999.0,6.662,86.1
201202242200,201202242230,-9999.0,1.0,0.263,1.172,7.37,1.09797,-0.209774,0.684718,7.4e-05,0.0,-9999.0,6.652,88.6
201202242230,201202242300,-9999.0,1.0,0.331,1.029,6.671,1.04533,-0.228828,0.634489,9.1e-05,0.0,-9999.0,6.637,89.5
201202242300,201202242330,-9999.0,1.0,0.331,0.793,4.975,0.923783,-0.229778,0.523845,9e-05,0.0,-9999.0,6.617,90.9
201202242330,201202250000,-9999.0,1.0,0.331,0.561,4.616,0.89843,-0.259993,0.501707,8.8e-05,0.0,-9999.0,6.593,93.4
201202250000,201202250030,-9999.0,1.0,0.331,0.517,4.572,0.894742,-0.263305,0.498493,8.6e-05,0.0,-9999.0,6.567,93.9
201202250030,201202250100,-9999.0,1.0,0.331,0.655,4.449,0.885709,-0.296794,0.49069,8.4e-05,0.0,-9999.0,6.539,92.2
201202250100,201202250130,-9999.0,1.0,0.124,0.739,4.621,0.896693,-0.262114,0.500126,3.1e-05,0.0,-9999.0,6.51,91.3
201202250130,201202250200,-9999.0,1.0,0.171,0.686,4.405,0.881371,-0.324968,0.486918,4.2e-05,0.0,-9999.0,6.477,91.8
201202250200,201202250230,-9999.0,1.0,0.303,0.653,4.05,0.856917,-0.38027,0.466115,7.2e-05,0.0,-9999.0,6.442,92.0
201202250230,201202250300,-9999.0,1.0,0.331,0.573,4.098,0.859448,-0.372478,0.468224,7.7e-05,0.0,-9999.0,6.406,93.0
201202250300,201202250330,-9999.0,1.0,0.331,2.675,7.82,1.12323,-0.126159,0.708915,7.5e-05,0.0,-9999.0,6.371,-9999.0
201202250330,201202250400,-9999.0,1.0,0.331,2.675,7.82,1.12236,-0.127121,0.708024,7.3e-05,0.0,-9999.0,6.336,-9999.0
201202250400,201202250430,-9999.0,1.0,0.331,2.675,7.82,1.12149,-0.128082,0.707133,7.2e-05,0.0,-9999.0,6.301,-9999.0
201202250430,201202250500,-9999.0,1.0,0.22,2.675,7.82,1.12062,-0.129044,0.706242,4.6e-05,0.0,-9999.0,6.264,-9999.0
201202250500,201202250530,-9999.0,1.0,0.186,0.352,2.811,0.772834,-0.38681,0.397039,3.8e-05,0.0,-9999.0,6.224,95.3
201202250530,201202250600,-9999.0,1.0,0.267,2.675,7.82,1.11888,-0.130967,0.70446,5.4e-05,0.0,-9999.0,6.184,-9999.0
201202250600,201202250630,-9999.0,1.0,0.331,2.675,7.82,1.11801,-0.131928,0.703569,6.5e-05,0.0,-9999.0,6.143,-9999.0
201202250630,201202250700,-9999.0,1.0,2.698,2.669,7.825,1.11752,-0.13259,0.703044,0.000511,0.0,-9999.0,6.102,-9999.0
201202250700,201202250730,-9999.0,1.0,57.71,5.445,11.909,1.44073,0.071728,1.04218,0.010577,64.8686,-9999.0,6.062,-9999.0
201202250730,201202250800,-9999.0,1.0,164.6,7.148,13.402,1.5664,0.362029,1.18633,0.029029,193.419,-9999.0,6.02,-9999.0
201202250800,201202250830,-9999.0,1.0,271.7,9.196,14.937,1.69974,0.548788,1.34637,0.046069,316.018,-9999.0,5.978,-9999.0
201202250830,201202250900,-9999.0,1.0,370.1,3.998,8.29,1.14905,0.402478,0.733843,0.06032,430.569,-9999.0,5.94,63.47
201202250900,201202250930,0.19312,0.0,455.8,6.571,11.46,1.39904,1.14942,0.995558,0.071409,535.111,-9999.0,5.9,51.46
201202250930,201202251000,-9999.0,1.0,531.5,10.361,15.24,1.72275,0.671884,1.37446,0.080018,627.856,-9999.0,5.864,40.19
201202251000,201202251030,-9999.0,1.0,594.8,11.976,16.34,1.82063,0.21984,1.49725,0.086036,707.217,-9999.0,5.839,35.57
201202251030,201202251100,-9999.0,1.0,639.9,12.642,16.21,1.80738,0.213098,1.4803,0.088943,771.836,-9999.0,5.826,31.42
201202251100,201202251130,-9999.0,1.0,669.3,13.327,16.86,1.8653,0.174382,1.55436,0.089381,820.608,-9999.0,5.825,30.63
201202251130,201202251200,1.97006,0.0,683.7,14.131,17.72,1.94332,-0.229997,1.65616,0.087695,852.697,-9999.0,5.837,30.34
201202251200,201202251230,3.01401,0.0,684.5,14.965,18.2,1.98662,-1.2437,1.71358,0.08428,867.555,-9999.0,5.869,28.42
201202251230,201202251300,1.60147,0.0,671.0,16.98,19.33,2.09185,0.242349,1.85616,0.079258,864.928,-9999.0,5.911,24.32
201202251300,201202251330,1.97691,0.0,640.2,17.423,19.67,2.12268,-0.112031,1.89859,0.072504,844.86,-9999.0,5.961,23.97
201202251330,201202251400,1.48413,0.0,594.6,18.093,20.14,2.16612,0.410492,1.95901,0.064506,807.696,-9999.0,6.015,23.31
201202251400,201202251430,1.82943,0.0,533.2,15.721,19.77,2.1289,0.038884,1.90696,0.055354,754.069,-9999.0,6.07,31.82
201202251430,201202251500,1.71451,0.0,465.1,14.46,18.89,2.0436,0.09376,1.78973,0.046115,684.9,-9999.0,6.134,33.76
201202251500,201202251530,1.63854,0.0,384.6,13.009,17.98,1.95676,0.108112,1.67313,0.036355,601.37,-9999.0,6.207,36.91
201202251530,201202251600,1.06697,0.0,294.3,10.338,16.94,1.85943,0.610028,1.54581,0.026462,504.909,-9999.0,6.29,46.46
201202251600,201202251630,1.71894,0.0,201.7,8.769,16.3,1.79991,-0.085046,1.46969,0.017196,397.168,-9999.0,6.376,52.7
201202251630,201202251700,1.00249,0.0,114.3,7.805,15.74,1.74827,0.59374,1.40476,0.0092,279.99,-9999.0,6.458,56.37
201202251700,201202251730,2.42088,0.0,36.3,6.807,15.15,1.69459,-0.864013,1.33838,0.002744,155.38,-9999.0,6.536,60.48
201202251730,201202251800,1.03608,0.0,11.46,5.578,13.98,1.59139,0.444764,1.21411,0.000806,31.6963,-9999.0,6.607,65.07
201202251800,201202251830,-9999.0,1.0,0.816,3.85,12.36,1.45325,0.518362,1.05465,5.3e-05,0.0,-9999.0,6.671,73.2
201202251830,201202251900,-9999.0,1.0,0.33,2.565,11.26,1.36205,0.244886,0.953784,2e-05,0.0,-9999.0,6.719,80.8
201202251900,201202251930,-9999.0,1.0,0.33,1.665,10.28,1.28281,-0.162149,0.86911,1.8e-05,0.0,-9999.0,6.755,86.7
201202251930,201202252000,-9999.0,1.0,0.33,1.189,9.52,1.22257,-0.120783,0.806617,1.6e-05,0.0,-9999.0,6.779,90.0
201202252000,201202252030,-9999.0,1.0,0.33,0.849,8.6,1.15158,-0.106064,0.735143,1.4e-05,0.0,-9999.0,6.796,92.4
201202252030,201202252100,-9999.0,1.0,0.33,0.604,7.81,1.09204,-0.211216,0.677025,1.3e-05,0.0,-9999.0,6.805,94.3
201202252100,201202252130,-9999.0,1.0,0.33,0.379,7.32,1.05553,-0.255403,0.642213,1.1e-05,0.0,-9999.0,6.804,96.3
201202252130,201202252200,-9999.0,1.0,0.331,0.251,7.0,1.03171,-0.239621,0.619848,9e-06,0.0,-9999.0,6.794,97.5
201202252200,201202252230,-9999.0,1.0,0.331,0.158,6.783,1.01546,-0.227812,0.604726,7e-06,0.0,-9999.0,6.781,98.4
201202252230,201202252300,-9999.0,1.0,0.331,0.161,6.139,0.969507,-0.234051,0.562802,5e-06,0.0,-9999.0,6.762,98.3
201202252300,201202252330,-9999.0,1.0,0.331,0.112,5.928,0.954162,-0.208449,0.549011,4e-06,0.0,-9999.0,6.74,98.8
201202252330,201202260000,-9999.0,1.0,0.331,0.091,5.557,0.928049,-0.164439,0.525857,2e-06,0.0,-9999.0,6.713,99.0
201202260000,201202260030,-9999.0,1.0,0.33,0.071,5.261,0.907328,-0.150586,0.507729,0.0,0.0,-9999.0,6.684,99.2
201202260030,201202260100,-9999.0,1.0,0.331,0.062,5.3,0.909219,-0.161817,0.512951,6e-06,0.0,-9999.0,6.655,99.3
201202260100,201202260130,-9999.0,1.0,0.331,0.079,5.017,0.889586,-0.167584,0.499357,1.2e-05,0.0,-9999.0,6.621,99.1
201202260130,201202260200,-9999.0,1.0,0.328,0.026,4.928,0.882971,-0.173302,0.497052,1.8e-05,0.0,-9999.0,6.587,99.7
201202260200,201202260230,-9999.0,1.0,0.327,2.821,7.873,1.08706,-0.11491,0.690813,2.4e-05,0.0,-9999.0,6.553,-9999.0
201202260230,201202260300,-9999.0,1.0,0.254,0.008,3.434,0.785472,-0.158031,0.420374,2.4e-05,0.0,-9999.0,6.517,99.9
201202260300,201202260330,-9999.0,1.0,0.15,2.821,7.873,1.08532,-0.116838,0.698618,1.7e-05,0.0,-9999.0,6.479,-9999.0
201202260330,201202260400,-9999.0,1.0,0.198,2.821,7.873,1.08444,-0.117802,0.702521,2.6e-05,0.0,-9999.0,6.439,-9999.0
201202260400,201202260430,-9999.0,1.0,0.126,0.537,3.987,0.818431,-0.244445,0.457283,1.9e-05,0.0,-9999.0,6.401,93.3944
201202260430,201202260500,-9999.0,1.0,0.202,0.589,3.754,0.803008,-0.240636,0.447009,3.4e-05,0.0,-9999.0,6.365,92.633
201202260500,201202260530,-9999.0,1.0,0.234,2.821,7.873,1.08182,-0.120695,0.714229,4.4e-05,0.0,-9999.0,6.326,-9999.0
201202260530,201202260600,-9999.0,1.0,0.314,2.821,7.873,1.08095,-0.121659,0.718131,6.5e-05,0.0,-9999.0,6.286,-9999.0
201202260600,201202260630,-9999.0,1.0,0.283,2.821,7.873,1.08007,-0.122623,0.722034,6.4e-05,0.0,-9999.0,6.247,-9999.0
201202260630,201202260700,-9999.0,1.0,2.351,2.813,7.878,1.07956,-0.1233,0.726313,0.000572,0.105844,-9999.0,6.21,-9999.0
201202260700,201202260730,-9999.0,1.0,26.09,2.827,8.037,1.09021,-0.310785,0.742337,0.006832,71.1351,-9999.0,6.172,-9999.0
201202260730,201202260800,-9999.0,1.0,54.9,5.333,11.615,1.36215,-0.048785,1.05524,0.015395,199.758,-9999.0,6.135,-9999.0
201202260800,201202260830,-9999.0,1.0,158.4,7.682,14.159,1.56989,0.151566,1.32353,0.04728,322.427,-9999.0,6.098,-9999.0
201202260830,201202260900,-9999.0,1.0,329.5,0.0,6.291,0.964416,-0.135956,0.626083,0.104139,437.043,-9999.0,6.065,100.0
201202260900,201202260930,-9999.0,1.0,419.6,0.0,8.92,1.15141,-0.125131,0.829351,0.140162,541.645,-9999.0,6.03,100.0
201202260930,201202261000,-9999.0,1.0,461.5,1.179,10.64,1.28109,0.542448,0.984882,0.162586,634.443,-9999.0,6.002,90.8
201202261000,201202261030,-9999.0,1.0,513.2,3.39,12.36,1.41637,0.848923,1.15812,0.190118,713.849,-9999.0,5.984,76.4
201202261030,201202261100,-9999.0,1.0,192.6,4.743,12.64,1.43791,0.204369,1.19319,0.075401,778.505,-9999.0,5.971,67.59
201202261100,201202261130,1.06649,0.0,207.3,5.312,12.52,1.42701,0.279992,1.18676,0.084996,827.304,-9999.0,5.975,63.41
201202261130,201202261200,1.48963,0.0,234.7,5.367,12.54,1.42746,-0.143147,1.19495,0.100549,859.412,-9999.0,5.991,63.08
201202261200,201202261230,1.90354,0.0,365.6,6.023,13.05,1.46782,-0.527311,1.25566,0.163008,874.278,-9999.0,6.017,59.93
201202261230,201202261300,1.44059,0.0,366.7,6.142,13.25,1.48301,-0.053427,1.28397,0.170308,871.649,-9999.0,6.054,59.67
201202261300,201202261330,1.56961,0.0,384.1,6.539,13.8,1.52722,-0.150121,1.35226,0.185459,851.57,-9999.0,6.1,58.57
201202261330,201202261400,0.626152,0.0,503.4,6.761,14.18,1.55763,0.815339,1.40301,0.251808,814.384,-9999.0,6.156,58.21
201202261400,201202261430,0.872701,0.0,495.7,7.475,14.87,1.61443,0.609935,1.4924,0.25718,760.728,-9999.0,6.217,55.81
201202261430,201202261500,-9999.0,1.0,405.4,8.116,15.35,1.65395,0.157751,1.55907,0.218236,691.519,-9999.0,6.283,53.48
201202261500,201202261530,-9999.0,1.0,305.6,8.152,15.18,1.6381,0.774856,1.54554,0.170526,607.942,-9999.0,6.361,52.76
201202261530,201202261600,1.78392,0.0,215.2,8.035,15.22,1.64016,-0.283731,1.55816,0.124311,511.426,-9999.0,6.441,53.56
201202261600,201202261630,-9999.0,1.0,124.4,7.541,14.73,1.59733,0.108084,1.50482,0.074314,403.624,-9999.0,6.52,55.02
201202261630,201202261700,-9999.0,1.0,90.6,6.652,14.03,1.53752,-0.121969,1.42712,0.055852,286.379,-9999.0,6.598,58.48
201202261700,201202261730,-9999.0,1.0,60.49,6.821,13.55,1.49665,-0.008579,1.37717,0.038444,161.698,-9999.0,6.673,56.08
201202261730,201202261800,-9999.0,1.0,7.71,5.926,12.36,1.39908,0.461889,1.24812,0.005049,36.181,-9999.0,6.735,58.75
201202261800,201202261830,-9999.0,1.0,0.824,4.894,10.32,1.23897,-0.159547,1.04015,0.000555,0.0,-9999.0,6.788,61.0
201202261830,201202261900,-9999.0,1.0,0.318,4.912,9.79,1.198,-0.195447,0.993319,0.00022,0.0,-9999.0,6.833,59.44
201202261900,201202261930,-9999.0,1.0,0.327,4.211,9.29,1.15986,-0.121438,0.95046,0.000233,0.0,-9999.0,6.868,64.04
201202261930,201202262000,1.42715,0.0,0.318,4.257,8.83,1.12521,-0.316704,0.912274,0.000232,0.0,-9999.0,6.896,62.5
201202262000,201202262030,1.13747,0.0,0.268,4.131,8.64,1.11049,-0.038834,0.899223,0.000201,0.0,-9999.0,6.918,63.14
201202262030,201202262100,1.03821,0.0,0.164,3.769,8.24,1.08083,0.036814,0.86743,0.000126,0.0,-9999.0,6.927,65.45
201202262100,201202262130,1.18512,0.0,0.014,3.861,8.24,1.07993,-0.111079,0.871483,1.1e-05,0.0,-9999.0,6.929,64.6
201202262130,201202262200,0.694731,0.0,0.001,3.712,8.15,1.07263,0.373269,0.867488,1e-06,0.0,-9999.0,6.922,65.76
201202262200,201202262230,1.24446,0.0,0.003,3.522,7.99,1.06039,-0.186405,0.857246,2e-06,0.0,-9999.0,6.909,67.16
201202262230,201202262300,0.547614,0.0,0.013,3.448,7.63,1.0342,0.489398,0.829522,1.1e-05,0.0,-9999.0,6.892,67.05
201202262300,201202262330,2.53026,0.0,0.0,3.449,7.55,1.02776,-1.49864,0.826359,0.0,0.0,-9999.0,6.871,66.86
201202262330,201202270000,1.09755,0.0,0.0,4.106,7.8,1.04438,-0.052995,0.85213,0.0,0.0,-9999.0,6.848,61.21
201202270000,201202270030,0.770373,0.0,0.0,4.252,7.91,1.05124,0.279343,0.865844,0.0,0.0,-9999.0,6.821,60.13
201202270030,201202270100,1.10369,0.0,0.0,3.899,7.74,1.03844,-0.064387,0.854514,0.0,0.0,-9999.0,6.794,63.02
201202270100,201202270130,0.623374,0.0,0.0,3.807,7.69,1.03409,0.412201,0.853892,0.0,0.0,-9999.0,6.765,63.77
201202270130,201202270200,1.00577,0.0,0.0,3.641,7.35,1.00965,0.010085,0.827578,0.0,0.0,-9999.0,6.736,64.53
201202270200,201202270230,0.862153,0.0,0.0,3.66,7.23,1.00055,0.146174,0.820752,0.0,0.0,-9999.0,6.708,64.05
201202270230,201202270300,0.920354,0.0,0.0,3.81,7.07,0.98876,0.078281,0.810446,0.0,0.0,-9999.0,6.678,62.16
201202270300,201202270330,0.678678,0.0,0.0,3.695,6.893,0.975893,0.30938,0.798708,0.0,0.0,-9999.0,6.647,62.86
201202270330,201202270400,-9999.0,1.0,0.0,2.611,7.816,1.03855,-0.163975,0.884587,0.0,0.0,-9999.0,6.615,-9999.0
201202270400,201202270430,-9999.0,1.0,0.0,2.6,7.804,1.03684,-0.165598,0.887357,0.0,0.0,-9999.0,6.582,-9999.0
201202270430,201202270500,-9999.0,1.0,0.0,2.589,7.786,1.03472,-0.167552,0.889562,0.0,0.0,-9999.0,6.55,-9999.0
201202270500,201202270530,-9999.0,1.0,0.008,2.578,7.768,1.0326,-0.169502,0.891756,9e-06,0.0,-9999.0,6.517,-9999.0
201202270530,201202270600,-9999.0,1.0,0.008,2.567,7.749,1.03041,-0.171506,0.893843,9e-06,0.0,-9999.0,6.483,-9999.0
201202270600,201202270630,-9999.0,1.0,0.0,2.567,7.749,1.02955,-0.172464,0.897696,0.0,0.0,-9999.0,6.449,-9999.0
201202270630,201202270700,-9999.0,1.0,3.154,2.562,7.754,1.02903,-0.173147,0.902018,0.0036,0.500914,-9999.0,6.417,-9999.0
201202270700,201202270730,-9999.0,1.0,71.0,5.977,12.34,1.36639,-0.40412,1.40763,0.082266,77.4297,-9999.0,6.383,-9999.0
201202270730,201202270800,-9999.0,1.0,188.3,6.603,12.504,1.37806,0.114136,1.43424,0.221173,206.12,-9999.0,6.347,-9999.0
201202270800,201202270830,-9999.0,1.0,294.1,7.828,13.463,1.45273,0.484868,1.56511,0.35018,328.854,-9999.0,6.309,-9999.0
201202270830,201202270900,-9999.0,1.0,392.5,8.144,13.862,1.4835,0.077413,1.62573,0.473708,443.53,-9999.0,6.267,-9999.0
201202270900,201202270930,-9999.0,1.0,479.0,8.94,14.647,1.54591,0.286096,1.7425,0.585982,548.187,-9999.0,6.232,-9999.0
201202270930,201202271000,-9999.0,1.0,547.8,9.868,15.295,1.59787,0.299079,1.84419,0.679365,641.033,-9999.0,6.204,-9999.0
201202271000,201202271030,-9999.0,1.0,600.1,10.986,16.06,1.6602,0.290917,1.9676,0.754545,720.481,-9999.0,6.18,-9999.0
201202271030,201202271100,-9999.0,1.0,652.3,11.397,16.473,1.69352,0.137254,2.04024,0.831374,785.171,-9999.0,6.165,-9999.0
201202271100,201202271130,-9999.0,1.0,682.5,11.577,16.715,1.71253,0.200672,2.08717,0.881939,833.996,-9999.0,6.163,-9999.0
201202271130,201202271200,-9999.0,1.0,694.8,11.897,16.972,1.73287,0.130314,2.13727,0.910436,866.12,-9999.0,6.172,-9999.0
201202271200,201202271230,-9999.0,1.0,697.7,11.897,16.972,1.7314,0.128856,2.14603,0.927059,880.995,-9999.0,6.192,-9999.0
201202271230,201202271300,-9999.0,1.0,681.3,11.577,16.715,1.70818,0.196342,2.11293,0.918141,878.364,-9999.0,6.218,-9999.0
201202271300,201202271330,-9999.0,1.0,651.4,11.397,16.473,1.68634,0.130105,2.08239,0.890404,858.275,-9999.0,6.247,-9999.0
201202271330,201202271400,-9999.0,1.0,607.8,10.413,13.53,1.44455,0.572644,1.64712,0.842767,821.069,-9999.0,6.281,32.86
201202271400,201202271430,1.4334,0.0,546.2,10.666,13.84,1.46796,-0.075597,1.69771,0.768397,767.385,-9999.0,6.316,32.6
201202271430,201202271500,0.727974,0.0,474.3,10.885,14.08,1.48587,0.642583,1.73917,0.677001,698.139,-9999.0,6.362,32.28
201202271500,201202271530,0.755401,0.0,393.4,10.763,14.02,1.47981,0.610351,1.7374,0.569743,614.518,-9999.0,6.413,32.78
201202271530,201202271600,0.605646,0.0,303.2,10.349,13.67,1.45071,0.738405,1.69369,0.445547,517.952,-9999.0,6.47,33.88
201202271600,201202271630,1.30855,0.0,212.4,9.81,13.14,1.40774,0.003486,1.62515,0.316647,410.093,-9999.0,6.531,35.12
201202271630,201202271700,1.19393,0.0,122.3,9.756,13.06,1.40029,0.11224,1.62034,0.18494,292.787,-9999.0,6.591,35.14
201202271700,201202271730,1.48233,0.0,38.88,9.408,12.6,1.36338,-0.203873,1.56284,0.05962,168.04,-9999.0,6.649,35.54
201202271730,201202271800,0.469273,0.0,12.4,8.19,11.19,1.25519,0.727734,1.3821,0.019257,40.975,-9999.0,6.699,38.41
201202271800,201202271830,-9999.0,1.0,0.806,7.091,9.77,1.15009,-0.092086,1.21326,0.001267,0.0,-9999.0,6.739,41.37
201202271830,201202271900,-9999.0,1.0,0.33,6.666,8.95,1.09084,-0.054986,1.12361,0.000525,0.0,-9999.0,6.767,41.76
201202271900,201202271930,0.909967,0.0,0.294,6.25,8.32,1.04607,0.125144,1.05845,0.000473,0.0,-9999.0,6.786,43.01
201202271930,201202272000,1.36052,0.0,0.165,5.443,7.35,0.979301,-0.378415,0.960572,0.000269,0.0,-9999.0,6.796,46.98
201202272000,201202272030,0.54271,0.0,0.044,5.016,6.909,0.949176,0.415103,0.919914,7.2e-05,0.0,-9999.0,6.791,49.63
201202272030,201202272100,-9999.0,1.0,0.19,4.763,6.5,0.921587,-0.244903,0.883354,0.000316,0.0,-9999.0,6.78,50.81
201202272100,201202272130,-9999.0,1.0,0.178,4.665,6.491,0.920208,-0.230318,0.885853,0.0003,0.0,-9999.0,6.762,51.79
201202272130,201202272200,-9999.0,1.0,0.107,4.299,5.636,0.864708,-0.239125,0.808575,0.000182,0.0,-9999.0,6.739,52.87
201202272200,201202272230,-9999.0,1.0,0.022,4.495,5.877,0.879209,-0.236612,0.833946,3.8e-05,0.0,-9999.0,6.712,51.54
201202272230,201202272300,-9999.0,1.0,0.101,3.914,5.706,0.867626,-0.221975,0.821163,0.000176,0.0,-9999.0,6.683,57.3
201202272300,201202272330,-9999.0,1.0,0.232,2.659,7.725,0.998485,-0.134328,1.02611,0.000408,0.0,-9999.0,6.651,-9999.0
201202272330,201202280000,-9999.0,1.0,0.095,2.924,4.791,0.809384,-0.232486,0.744867,0.000169,0.0,-9999.0,6.618,66.0
201202280000,201202280030,-9999.0,1.0,0.147,2.659,7.725,0.996756,-0.136241,1.03379,0.000264,0.0,-9999.0,6.583,-9999.0
201202280030,201202280100,-9999.0,1.0,0.149,2.659,7.725,0.995891,-0.137198,1.02862,0.000266,0.0,-9999.0,6.547,-9999.0
201202280100,201202280130,-9999.0,1.0,0.296,2.659,7.725,0.995026,-0.138154,1.02344,0.000526,0.0,-9999.0,6.511,-9999.0
201202280130,201202280200,-9999.0,1.0,0.322,2.768,3.026,0.702722,-0.117786,0.594766,0.000569,0.0,-9999.0,6.472,63.55
201202280200,201202280230,-9999.0,1.0,0.314,2.659,7.725,0.993297,-0.140067,1.01308,0.000552,0.0,-9999.0,6.434,-9999.0
201202280230,201202280300,-9999.0,1.0,0.331,2.659,7.725,0.992432,-0.141024,1.0079,0.000579,0.0,-9999.0,6.392,-9999.0
201202280300,201202280330,-9999.0,1.0,0.311,2.659,7.725,0.991568,-0.141981,1.00272,0.000541,0.0,-9999.0,6.35,-9999.0
201202280330,201202280400,-9999.0,1.0,0.148,2.659,7.725,0.990703,-0.142937,0.997546,0.000256,0.0,-9999.0,6.304,-9999.0
201202280400,201202280430,-9999.0,1.0,0.153,2.659,7.725,0.989838,-0.143894,0.992368,0.000263,0.0,-9999.0,6.259,-9999.0
201202280430,201202280500,-9999.0,1.0,0.267,2.659,7.725,0.988973,-0.144851,0.98719,0.000457,0.0,-9999.0,6.211,-9999.0
201202280500,201202280530,-9999.0,1.0,0.331,2.659,7.725,0.988109,-0.145807,0.982012,0.000564,0.0,-9999.0,6.16,-9999.0
201202280530,201202280600,-9999.0,1.0,0.321,2.659,7.725,0.987244,-0.146764,0.976834,0.000544,0.0,-9999.0,6.112,-9999.0
201202280600,201202280630,-9999.0,1.0,0.282,2.659,7.725,0.98638,-0.14772,0.971656,0.000475,0.0,-9999.0,6.061,-9999.0
201202280630,201202280700,-9999.0,1.0,3.011,2.659,7.725,0.985515,-0.148677,0.966478,0.005043,1.21059,-9999.0,6.01,-9999.0
201202280700,201202280730,-9999.0,1.0,25.96,2.639,7.816,0.990696,-0.326214,0.970463,0.043217,83.7497,-9999.0,5.961,-9999.0
201202280730,201202280800,-9999.0,1.0,57.72,6.176,12.071,1.2899,-0.139031,1.45498,0.095489,212.502,-9999.0,5.912,-9999.0
201202280800,201202280830,-9999.0,1.0,129.8,8.003,12.785,1.34228,-0.261004,1.54126,0.213212,335.295,-9999.0,5.864,-9999.0
201202280830,201202280900,-9999.0,1.0,289.3,8.136,13.52,1.39702,0.476662,1.63307,0.470993,450.026,-9999.0,5.82,-9999.0
201202280900,201202280930,-9999.0,1.0,459.1,8.547,14.234,1.45092,0.250107,1.72461,0.740635,554.733,-9999.0,5.783,-9999.0
201202280930,201202281000,-9999.0,1.0,529.3,5.488,8.52,1.03535,0.652377,1.01515,0.847784,647.624,-9999.0,5.751,50.63
201202281000,201202281030,-9999.0,1.0,592.7,7.5,10.66,1.18578,0.899422,1.24394,0.942649,727.111,-9999.0,5.732,41.58
201202281030,201202281100,-0.80277,0.0,635.0,9.091,12.03,1.28708,2.0131,1.40255,1.0032,791.831,-9999.0,5.72,35.33
201202281100,201202281130,-9999.0,1.0,674.1,9.898,13.46,1.39643,0.296884,1.58027,1.05792,840.68,-9999.0,5.722,35.89
201202281130,201202281200,-9999.0,1.0,685.6,10.234,14.45,1.47465,0.095836,1.7074,1.0694,872.82,-9999.0,5.736,37.84
201202281200,201202281230,0.802966,0.0,679.3,9.619,14.64,1.49099,0.552538,1.72446,1.05343,887.701,-9999.0,5.761,42.29
201202281230,201202281300,0.862819,0.0,682.3,10.435,15.83,1.58741,0.560159,1.88678,1.05172,885.07,-9999.0,5.795,42.0
201202281300,201202281330,1.21299,0.0,527.7,10.328,16.37,1.63276,0.240517,1.95686,0.811048,864.97,-9999.0,5.836,44.54
201202281330,201202281400,0.908612,0.0,395.4,8.614,15.42,1.55732,0.489845,1.80546,0.605652,827.747,-9999.0,5.883,50.85
201202281400,201202281430,0.991637,0.0,568.1,8.484,15.66,1.57811,0.420036,1.82962,0.861924,774.037,-9999.0,5.934,52.33
201202281430,201202281500,1.29137,0.0,340.1,7.425,15.1,1.53456,0.087806,1.73926,0.515204,704.758,-9999.0,5.995,56.75
201202281500,201202281530,-9999.0,1.0,348.8,8.27,13.854,1.43751,0.156124,1.56031,0.52505,621.096,-9999.0,6.066,-9999.0
201202281530,201202281600,-9999.0,1.0,273.3,10.285,15.927,1.60419,0.414867,1.83593,0.409481,524.484,-9999.0,6.14,-9999.0
201202281600,201202281630,-9999.0,1.0,188.3,6.078,14.16,1.46418,-0.233584,1.58192,0.280855,416.573,-9999.0,6.218,62.38
201202281630,201202281700,1.65438,0.0,118.0,5.192,13.39,1.40538,-0.373755,1.47359,0.175148,299.21,-9999.0,6.295,66.22
201202281700,201202281730,1.29152,0.0,53.5,4.64,12.91,1.36965,-0.038165,1.40541,0.079014,174.404,-9999.0,6.371,68.85
201202281730,201202281800,1.36772,0.0,17.59,3.982,11.99,1.30096,-0.165791,1.28801,0.025833,46.1021,-9999.0,6.435,71.6
201202281800,201202281830,0.938689,0.0,1.299,3.375,11.0,1.22848,0.208569,1.16968,0.001896,0.0,-9999.0,6.492,74.3
201202281830,201202281900,0.831254,0.0,0.33,2.847,10.31,1.17927,0.278188,1.0896,0.000479,0.0,-9999.0,6.538,77.3
201202281900,201202281930,-9999.0,1.0,0.33,2.296,9.6,1.12943,-0.071569,1.01135,0.000476,0.0,-9999.0,6.574,80.8
201202281930,201202282000,-9999.0,1.0,0.33,1.974,9.08,1.09375,-0.042709,0.954952,0.000472,0.0,-9999.0,6.601,82.9
201202282000,201202282030,-9999.0,1.0,0.33,1.628,8.36,1.04474,-0.0735,0.882659,0.000469,0.0,-9999.0,6.62,85.2
201202282030,201202282100,-9999.0,1.0,0.33,1.387,8.14,1.03061,-0.136418,0.85759,0.000466,0.0,-9999.0,6.63,87.2
201202282100,201202282130,-9999.0,1.0,0.331,1.146,7.44,0.984144,-0.199011,0.792254,0.000465,0.0,-9999.0,6.63,88.9
201202282130,201202282200,-9999.0,1.0,0.316,0.948,6.945,0.952098,-0.202118,0.746794,0.000441,0.0,-9999.0,6.622,90.5
201202282200,201202282230,-9999.0,1.0,0.33,0.86,5.986,0.89054,-0.215377,0.668057,0.000457,0.0,-9999.0,6.61,90.8
201202282230,201202282300,-9999.0,1.0,0.331,0.675,4.885,0.822053,-0.207236,0.585513,0.000455,0.0,-9999.0,6.593,92.2
201202282300,201202282330,-9999.0,1.0,0.331,0.536,4.422,0.794433,-0.257762,0.550934,0.000452,0.0,-9999.0,6.572,93.6
201202282330,201202290000,-9999.0,1.0,0.0,1.783,5.897,0.887281,-0.200879,0.648699,0.0,0.0,-9999.0,6.656,80.8039
201202290000,201202290030,-9999.0,1.0,0.0,1.845,5.975,0.893101,-0.19648,0.65009,0.0,0.0,-9999.0,6.651,80.2423
201202290030,201202290100,-9999.0,1.0,0.0,2.599,7.748,1.01135,-0.102342,0.781944,0.0,0.0,-9999.0,6.977,-9999.0
201202290100,201202290130,-9999.0,1.0,0.0,1.663,4.873,0.825077,-0.19115,0.565792,0.0,0.0,-9999.0,6.629,80.7777
201202290130,201202290200,-9999.0,1.0,0.0,2.593,7.765,1.01436,-0.09143,0.772932,0.0,0.0,-9999.0,6.989,-9999.0
201202290200,201202290230,-9999.0,1.0,0.0,2.591,7.773,1.01583,-0.091645,0.768373,0.0,0.0,-9999.0,6.996,-9999.0
201202290230,201202290300,-9999.0,1.0,0.0,2.589,7.782,1.01737,-0.078098,0.763885,0.0,0.0,-9999.0,7.003,-9999.0
201202290300,201202290330,-9999.0,1.0,0.0,2.587,7.791,1.01891,-0.071422,0.759387,0.0,0.0,-9999.0,7.009,-9999.0
201202290330,201202290400,-9999.0,1.0,0.0,2.585,7.8,1.02045,-0.067936,0.754881,0.0,0.0,-9999.0,7.016,-9999.0
201202290400,201202290430,-9999.0,1.0,0.0,2.582,7.808,1.02193,-0.070853,0.750287,0.0,0.0,-9999.0,7.022,-9999.0
201202290430,201202290500,-9999.0,1.0,0.0,2.58,7.815,1.02334,-0.060461,0.745607,0.0,0.0,-9999.0,7.029,-9999.0
201202290500,201202290530,-9999.0,1.0,0.0,2.578,7.822,1.02475,-0.054739,0.740919,0.0,0.0,-9999.0,7.036,-9999.0
201202290530,201202290600,-9999.0,1.0,0.0,2.577,7.829,1.02616,-0.054187,0.736225,0.0,0.0,-9999.0,7.042,-9999.0
201202290600,201202290630,-9999.0,1.0,0.0,2.576,7.835,1.0275,-0.054738,0.731447,0.0,0.0,-9999.0,7.049,-9999.0
201202290630,201202290700,-9999.0,3.0,0.0,3.949,9.629,0.661981,-0.090362,0.366894,0.0,3.07757,-9999.0,6.027,-9999.0
201202290700,201202290730,-9999.0,2.0,51.482,0.0,0.94,0.650991,0.882202,0.354423,0.062562,94.4596,-9999.0,5.982,-9999.0
201202290730,201202290800,-9999.0,2.0,123.562,0.0,1.747,0.729046,0.454055,0.418761,0.148783,223.105,-9999.0,5.938,-9999.0
201202290800,201202290830,-9999.0,2.0,192.299,0.008,3.433,0.811612,0.514148,0.490207,0.229437,345.715,-9999.0,5.897,-9999.0
201202290830,201202290900,-9999.0,2.0,256.516,0.825,7.55,1.01249,0.840519,0.684554,0.303272,460.193,-9999.0,5.857,-9999.0
201202290900,201202290930,-9999.0,2.0,315.115,0.0,5.82,0.897695,0.635055,0.563077,0.369184,564.579,-9999.0,5.823,100.0
201202290930,201202291000,-9999.0,2.0,367.096,1.65,9.28,1.1364,1.1326,0.804277,0.426225,657.089,-9999.0,5.794,85.8993
201202291000,201202291030,-9999.0,2.0,510.91,4.13,11.138,1.27528,1.1947,0.953057,0.586764,736.137,-9999.0,5.774,68.839
201202291030,201202291100,-9999.0,2.0,555.854,5.434,12.105,1.35082,1.02132,1.03261,0.632663,800.374,-9999.0,5.765,61.5322
201202291100,201202291130,-9999.0,1.0,589.765,6.235,12.935,1.41729,0.047461,1.10237,0.665351,848.698,-9999.0,5.767,58.2036
201202291130,201202291200,1.19715,0.0,612.066,7.124,13.695,1.47943,0.082454,1.16746,0.684545,880.284,-9999.0,5.78,54.5601
201202291200,201202291230,1.18421,0.0,622.375,7.393,14.116,1.51493,0.118269,1.20008,0.69018,894.59,-9999.0,5.806,54.1161
201202291230,201202291300,0.687389,0.0,620.516,7.797,14.629,1.55837,0.643173,1.24228,0.68241,891.373,-9999.0,5.841,53.1883
201202291300,201202291330,1.07929,0.0,587.428,8.406,15.249,1.61124,0.285465,1.29608,0.641016,870.686,-9999.0,5.884,51.5057
201202291330,201202291400,1.16179,0.0,562.357,9.038,15.81,1.65984,0.23399,1.3445,0.608763,832.885,-9999.0,5.936,49.7009
201202291400,201202291430,1.09634,0.0,526.197,9.274,16.024,1.67945,0.310982,1.35634,0.565159,778.616,-9999.0,5.995,49.0875
201202291430,201202291500,1.52977,0.0,479.567,9.612,16.327,1.70677,-0.105866,1.37754,0.511113,708.807,-9999.0,6.062,48.2415
201202291500,201202291530,1.0238,0.0,423.268,9.919,16.703,1.74056,0.420848,1.40651,0.447693,624.652,-9999.0,6.136,47.8538
201202291530,201202291600,1.69533,0.0,358.264,10.238,16.88,1.75739,-0.24119,1.41395,0.376104,527.593,-9999.0,6.216,46.7795
201202291600,201202291630,1.79749,0.0,166.874,10.378,17.035,1.77238,-0.335101,1.41886,0.174303,419.289,-9999.0,6.3,46.5781
201202291630,201202291700,1.16966,0.0,120.759,10.18,16.943,1.76597,0.286964,1.3972,0.125125,301.594,-9999.0,6.382,47.2894
201202291700,201202291730,0.803173,0.0,71.725,9.727,16.707,1.7471,0.639542,1.36068,0.073722,176.521,-9999.0,6.46,48.8758
201202291730,201202291800,-9999.0,1.0,0.0,8.817,16.045,1.69173,0.418408,1.28166,0.0,47.7137,-9999.0,6.532,51.6595
201202291800,201202291830,-9999.0,1.0,0.0,7.67,15.25,1.62571,0.372058,1.19302,0.0,0.0,-9999.0,6.623,55.7557
201202291830,201202291900,-9999.0,1.0,0.0,6.323,14.061,1.52802,0.019624,1.07292,0.0,0.0,-9999.0,6.73,60.6171
201202291900,201202291930,-9999.0,1.0,0.0,5.915,13.662,1.4966,0.097664,1.02846,0.0,0.0,-9999.0,6.728,62.1863
201202291930,201202292000,-9999.0,1.0,0.0,5.015,12.769,1.42554,0.286664,0.944082,0.0,0.0,-9999.0,6.788,66.0161
201202292000,201202292030,-9999.0,1.0,0.0,4.325,12.111,1.37432,0.325764,0.882909,0.0,0.0,-9999.0,6.846,69.3984
201202292030,201202292100,-9999.0,1.0,0.0,3.907,11.508,1.3281,0.292813,0.828683,0.0,0.0,-9999.0,6.847,71.2289
201202292100,201202292130,-9999.0,1.0,0.0,3.802,11.105,1.29792,0.149206,0.791375,0.0,0.0,-9999.0,6.888,71.248
201202292130,201202292200,-0.33553,0.0,0.0,3.768,10.854,1.27967,1.45179,0.766096,0.0,0.0,-9999.0,6.878,71.0247
201202292200,201202292230,0.353015,0.0,0.0,3.543,10.441,1.24914,0.7409,0.730164,0.0,0.0,-9999.0,6.869,71.9938
201202292230,201202292300,0.640946,0.0,0.0,3.365,10.294,1.23904,0.444784,0.713363,0.0,0.0,-9999.0,6.886,73.1428
201202292300,201202292330,-0.41167,0.0,0.0,3.554,10.653,1.26757,1.516,0.731062,0.0,0.0,-9999.0,6.875,72.3042
201202292330,201203010000,0.436318,0.0,0.331,0.443,4.382,0.827549,0.350376,0.37346,0.0003,0.0,-9999.0,6.548,94.7
201203010000,201203010030,-0.114455,0.0,0.331,0.414,4.25,0.819919,0.894556,0.364124,0.000297,0.0,-9999.0,6.523,95.0
201203010030,201203010100,-9999.0,1.0,0.329,0.337,4.151,0.814391,-0.039059,0.359746,0.000292,0.0,-9999.0,6.498,95.9
201203010100,201203010130,-9999.0,1.0,0.31,0.295,3.317,0.76337,-0.134634,0.3249,0.000273,0.0,-9999.0,6.467,96.2
201203010130,201203010200,-9999.0,1.0,0.264,0.184,3.168,0.754961,-0.141844,0.318856,0.00023,0.0,-9999.0,6.434,97.6
201203010200,201203010230,-9999.0,1.0,0.306,0.139,3.253,0.760796,-0.138168,0.322164,0.000263,0.0,-9999.0,6.398,98.2
201203010230,201203010300,-9999.0,1.0,0.193,0.139,2.503,0.716363,-0.173021,0.293004,0.000164,0.0,-9999.0,6.361,98.1
201203010300,201203010330,-9999.0,1.0,0.267,0.075,2.899,0.740649,-0.15511,0.308046,0.000225,0.0,-9999.0,6.323,99.0
201203010330,201203010400,1.38639,0.0,0.214,0.112,1.85,0.679404,-0.719325,0.269045,0.000178,0.0,-9999.0,6.282,98.4
201203010400,201203010430,1.77249,0.0,0.162,0.042,1.926,0.684392,-1.10226,0.271675,0.000133,0.0,-9999.0,6.244,99.4
201203010430,201203010500,-9999.0,1.0,0.26,2.421,7.94,1.07686,0.016174,0.547566,0.000212,0.0,-9999.0,6.205,-9999.0
201203010500,201203010530,-9999.0,1.0,0.322,2.415,7.949,1.07845,0.002087,0.547935,0.000259,0.0,-9999.0,6.163,-9999.0
201203010530,201203010600,-9999.0,1.0,0.102,2.41,7.959,1.0801,-0.01454,0.548361,8.1e-05,0.0,-9999.0,6.125,-9999.0
201203010600,201203010630,-9999.0,1.0,0.24,2.404,7.969,1.08176,-0.029896,0.548788,0.000189,0.0,-9999.0,6.083,-9999.0
201203010630,201203010700,-9999.0,1.0,3.495,2.397,7.977,1.08328,-0.019577,0.5491,0.002714,4.60951,-9999.0,6.043,-9999.0
201203010700,201203010730,-9999.0,1.0,18.6,2.506,8.139,1.09597,-0.096155,0.558208,0.014267,100.825,-9999.0,6.001,-9999.0
201203010730,201203010800,-9999.0,1.0,96.8,0.0,0.426,0.60396,-0.718113,0.221326,0.073227,229.521,-9999.0,5.963,100.0
201203010800,201203010830,0.800732,0.0,211.5,0.0,1.454,0.661895,-0.15357,0.254677,0.157655,352.179,-9999.0,5.924,100.0
201203010830,201203010900,-0.23589,0.0,332.0,0.0,3.361,0.776103,0.969329,0.325413,0.243793,466.701,-9999.0,5.887,100.0
201203010900,201203010930,0.2957,0.0,430.9,0.038,6.102,0.955666,0.56841,0.448562,0.311792,571.129,-9999.0,5.85,99.6
201203010930,201203011000,-0.408716,0.0,514.4,1.378,10.29,1.26266,1.48526,0.689645,0.366825,663.674,-9999.0,5.819,89.0
201203011000,201203011030,0.701722,0.0,575.2,4.329,12.53,1.44241,0.493365,0.846275,0.404363,742.754,-9999.0,5.798,70.2
201203011030,201203011100,-9999.0,1.0,616.3,5.433,13.06,1.48734,0.784888,0.886073,0.427204,807.015,-9999.0,5.783,63.88
201203011100,201203011130,-9999.0,1.0,651.8,6.482,14.01,1.56829,0.010053,0.960385,0.445472,855.358,-9999.0,5.784,59.49
201203011130,201203011200,-9999.0,1.0,679.5,7.317,14.65,1.62424,-0.134205,1.0124,0.457874,886.956,-9999.0,5.802,56.13
201203011200,201203011230,1.19521,0.0,618.0,7.984,15.42,1.69232,0.155556,1.07721,0.411233,901.268,-9999.0,5.83,54.44
201203011230,201203011300,-9999.0,1.0,655.6,11.738,16.874,1.82247,-0.052575,1.20635,0.429871,898.049,-9999.0,5.871,-9999.0
201203011300,201203011330,-9999.0,1.0,678.2,11.808,17.027,1.83778,0.041198,1.22016,0.438229,877.355,-9999.0,5.921,-9999.0
201203011330,201203011400,-9999.0,2.0,588.8,11.17,18.17,1.94328,0.097252,1.32831,0.375697,839.539,-9999.0,5.977,46.47
201203011400,201203011430,1.47133,0.0,526.1,11.292,18.28,1.95506,0.041776,1.33869,0.33124,785.248,-9999.0,6.036,46.26
201203011430,201203011500,1.87775,0.0,455.0,11.477,18.43,1.97057,-0.355075,1.35303,0.282664,715.412,-9999.0,6.109,45.89
201203011500,201203011530,1.38401,0.0,377.0,11.688,18.73,2.00004,0.156757,1.38233,0.231073,631.225,-9999.0,6.193,45.92
201203011530,201203011600,1.87037,0.0,291.2,11.292,18.36,1.96746,-0.349471,1.34547,0.176083,534.128,-9999.0,6.287,46.53
201203011600,201203011630,1.54807,0.0,203.5,10.913,18.13,1.94791,-0.039103,1.32271,0.121373,425.782,-9999.0,6.383,47.57
201203011630,201203011700,1.68578,0.0,120.9,10.856,18.14,1.95049,-0.175165,1.32334,0.0711,308.04,-9999.0,6.478,47.88
201203011700,201203011730,-9999.0,1.0,43.26,10.239,17.81,1.92178,0.436917,1.29123,0.025076,182.919,-9999.0,6.566,49.81
201203011730,201203011800,-9999.0,1.0,14.41,8.879,16.9,1.83948,0.100879,1.20562,0.008223,53.2714,-9999.0,6.647,53.9
201203011800,201203011830,1.91341,0.0,1.426,6.806,15.22,1.69039,-0.563571,1.05678,0.000801,0.0,-9999.0,6.719,60.66
201203011830,201203011900,-9999.0,1.0,0.329,5.4,13.99,1.58431,-0.06983,0.955057,0.000182,0.0,-9999.0,6.783,66.21
201203011900,201203011930,-9999.0,1.0,0.325,4.621,13.19,1.51688,-0.085588,0.892121,0.000176,0.0,-9999.0,6.83,69.54
201203011930,201203012000,-9999.0,1.0,0.33,3.613,12.09,1.42585,0.06608,0.809901,0.000176,0.0,-9999.0,6.865,74.4
201203012000,201203012030,2.60845,0.0,0.329,3.161,11.69,1.39359,-1.44811,0.781079,0.000172,0.0,-9999.0,6.889,77.0
201203012030,201203012100,2.74363,0.0,0.324,2.647,10.97,1.3359,-1.62104,0.73098,0.000167,0.0,-9999.0,6.907,79.8
201203012100,201203012130,-9999.0,1.0,0.189,2.55,10.56,1.30367,-0.099283,0.703294,9.6e-05,0.0,-9999.0,6.918,80.0
201203012130,201203012200,-9999.0,1.0,0.0,2.722,10.52,1.30093,-0.102144,0.700464,0.0,0.0,-9999.0,6.918,78.6
201203012200,201203012230,-9999.0,1.0,0.0,2.516,10.06,1.26513,-0.066845,0.6703,0.0,0.0,-9999.0,6.913,79.6
201203012230,201203012300,-9999.0,1.0,0.0,2.142,9.61,1.23051,-0.116856,0.641595,0.0,0.0,-9999.0,6.905,82.1
201203012300,201203012330,-9999.0,1.0,0.0,2.282,9.98,1.2597,-0.115775,0.664823,0.0,0.0,-9999.0,6.892,81.4
201203012330,201203020000,-9999.0,1.0,0.0,2.227,9.94,1.25699,-0.117127,0.662096,0.0,0.0,-9999.0,6.876,81.8
201203020000,201203020030,-9999.0,1.0,0.0,2.197,10.07,1.26757,-0.063254,0.670244,0.0,0.0,-9999.0,6.859,82.2
201203020030,201203020100,-9999.0,1.0,0.0,2.147,10.07,1.26799,-0.061528,0.670069,0.0,0.0,-9999.0,6.839,82.6
201203020100,201203020130,-9999.0,1.0,0.0,2.093,9.86,1.25197,-0.119739,0.656493,0.0,0.0,-9999.0,6.819,82.8
201203020130,201203020200,-9999.0,1.0,0.0,2.158,10.06,1.26804,-0.060527,0.669079,0.0,0.0,-9999.0,6.798,82.5
201203020200,201203020230,-9999.0,1.0,0.0,1.783,9.51,1.22559,-0.103143,0.634204,0.0,0.0,-9999.0,6.775,85.0
201203020230,201203020300,-9999.0,1.0,0.0,1.637,9.37,1.21518,-0.073578,0.625393,0.0,0.0,-9999.0,6.753,86.1
201203020300,201203020330,-9999.0,1.0,0.0,2.129,9.94,1.25987,-0.11246,0.660889,0.0,0.0,-9999.0,6.73,82.6
201203020330,201203020400,-9999.0,1.0,0.0,2.112,9.65,1.23766,-0.107254,0.642423,0.0,0.0,-9999.0,6.708,82.4
201203020400,201203020430,-9999.0,1.0,0.0,1.67,8.84,1.17578,-0.044212,0.592879,0.0,0.0,-9999.0,6.686,85.3
201203020430,201203020500,-9999.0,1.0,0.0,2.098,9.47,1.2245,-0.095325,0.630902,0.0,0.0,-9999.0,6.664,82.3
201203020500,201203020530,-9999.0,1.0,0.0,2.738,10.06,1.27094,-0.05613,0.667858,0.0,0.0,-9999.0,6.642,77.8
201203020530,201203020600,-9999.0,1.0,0.0,2.534,7.97,1.11154,-0.104739,0.542187,0.0,0.0,-9999.0,6.618,-9999.0
201203020600,201203020630,-9999.0,1.0,0.0,3.048,10.13,1.27729,-0.072137,0.672,0.0,0.0,-9999.0,6.596,75.4
201203020630,201203020700,-9999.0,1.0,5.063,4.704,11.7,1.40403,0.085056,0.777519,0.001658,6.42609,-9999.0,6.573,65.8
201203020700,201203020730,-9999.0,1.0,91.9,5.577,12.51,1.47157,-0.245216,0.835611,0.029184,107.209,-9999.0,6.554,61.56
201203020730,201203020800,-9999.0,1.0,200.3,6.417,13.38,1.54552,-0.240413,0.900887,0.061603,235.949,-9999.0,6.534,58.22
201203020800,201203020830,-1.21721,0.0,303.4,7.35,14.34,1.62872,2.54441,0.976405,0.090296,358.649,-9999.0,6.514,55.04
201203020830,201203020900,-9999.0,1.0,399.5,9.004,15.97,1.77341,0.092179,1.11322,0.11496,473.211,-9999.0,6.5,50.4
201203020900,201203020930,-9999.0,1.0,483.8,10.795,17.8,1.9411,-0.298814,1.27956,0.134499,577.674,-9999.0,6.489,47.05
201203020930,201203021000,-9999.0,1.0,557.8,13.004,19.38,2.09019,-0.160347,1.43395,0.149681,670.251,-9999.0,6.483,42.22
201203021000,201203021030,-9999.0,1.0,616.8,14.646,19.94,2.14437,0.420041,1.49082,0.159617,749.359,-9999.0,6.488,37.15
201203021030,201203021100,0.32658,0.0,661.5,14.749,20.12,2.16236,1.33868,1.50909,0.164924,813.642,-9999.0,6.5,37.41
201203021100,201203021130,1.0728,0.0,691.6,15.48,20.62,2.21135,0.623057,1.56121,0.165942,862.002,-9999.0,6.528,36.3
201203021130,201203021200,0.90404,0.0,706.0,16.991,21.36,2.28417,0.836711,1.64034,0.162836,893.611,-9999.0,6.572,33.19
201203021200,201203021230,1.49403,0.0,706.0,17.826,21.74,2.32223,0.270452,1.6816,0.156322,907.928,-9999.0,6.627,31.52
201203021230,201203021300,1.77586,0.0,689.6,19.054,22.42,2.39023,0.03026,1.75719,0.146377,904.708,-9999.0,6.692,29.77
201203021300,201203021330,0.932404,0.0,657.4,20.381,23.12,2.46084,0.916707,1.83688,0.13356,884.006,-9999.0,6.761,28.0
201203021330,201203021400,2.99353,0.0,612.7,21.587,23.63,2.51291,-1.11264,1.89601,0.118927,846.177,-9999.0,6.835,26.05
201203021400,201203021430,2.27854,0.0,551.9,22.193,23.97,2.54808,-0.375979,1.93581,0.102148,791.868,-9999.0,6.912,25.51
201203021430,201203021500,1.82325,0.0,481.1,23.268,24.51,2.60376,0.113045,2.00022,0.084712,722.007,-9999.0,7.0,24.39
201203021500,201203021530,1.90371,0.0,398.6,22.463,24.06,2.55886,0.006898,1.94553,0.066602,637.791,-9999.0,7.1,25.01
201203021530,201203021600,-9999.0,1.0,309.6,22.13,23.92,2.5455,1.23631,1.92833,0.048944,540.661,-9999.0,7.2,25.5
201203021600,201203021630,-9999.0,1.0,220.1,21.519,23.43,2.49682,0.416924,1.87005,0.032807,432.277,-9999.0,7.31,25.39
201203021630,201203021700,0.193603,0.0,133.2,21.37,23.24,2.4785,1.67172,1.84742,0.018646,314.496,-9999.0,7.41,25.05
201203021700,201203021730,-9999.0,1.0,44.33,2.607,7.928,1.11675,-0.293503,0.53659,0.005802,189.331,-9999.0,7.51,-9999.0
201203021730,201203021800,-9999.0,1.0,14.2,2.539,7.988,1.1216,-0.110538,0.539792,0.001727,59.1259,-9999.0,7.6,-9999.0
201203021800,201203021830,-9999.0,1.0,1.849,2.48,7.894,1.11493,-0.10741,0.534421,0.000208,0.0,-9999.0,7.67,-9999.0
201203021830,201203021900,-9999.0,1.0,0.321,2.507,7.906,1.11619,-0.106093,0.534946,3.3e-05,0.0,-9999.0,7.74,-9999.0
201203021900,201203021930,-9999.0,1.0,0.299,2.528,7.915,1.11722,-0.109253,0.535305,2.8e-05,0.0,-9999.0,7.79,-9999.0
201203021930,201203022000,-9999.0,1.0,0.006,2.547,7.924,1.11826,-0.124832,0.535663,1e-06,0.0,-9999.0,7.83,-9999.0
201203022000,201203022030,-9999.0,1.0,0.314,2.567,7.935,1.11944,-0.127285,0.536133,2.4e-05,0.0,-9999.0,7.85,-9999.0
201203022030,201203022100,-9999.0,1.0,0.319,2.589,7.948,1.12078,-0.134291,0.536714,2.1e-05,0.0,-9999.0,7.86,-9999.0
201203022100,201203022130,-9999.0,1.0,0.294,2.608,7.959,1.12197,-0.133722,0.537184,1.7e-05,0.0,-9999.0,7.87,-9999.0
201203022130,201203022200,-9999.0,1.0,0.307,2.626,7.969,1.12308,-0.134414,0.537599,1.4e-05,0.0,-9999.0,7.86,-9999.0
201203022200,201203022230,-9999.0,1.0,0.069,2.643,7.978,1.12412,-0.129419,0.537958,3e-06,0.0,-9999.0,7.86,-9999.0
201203022230,201203022300,-9999.0,1.0,0.328,2.661,7.99,1.12538,-0.130545,0.538484,9e-06,0.0,-9999.0,7.85,-9999.0
201203022300,201203022330,-9999.0,1.0,0.326,2.679,8.009,1.12717,-0.129918,0.5394,6e-06,0.0,-9999.0,7.83,-9999.0
201203022330,201203030000,-9999.0,1.0,0.221,2.697,8.029,1.12904,-0.130575,0.540373,2e-06,0.0,-9999.0,7.8,-9999.0
201203030000,201203030030,-9999.0,1.0,0.092,2.714,8.047,1.13076,-0.123448,0.541235,0.0,0.0,-9999.0,7.78,-9999.0
201203030030,201203030100,-9999.0,1.0,0.059,2.731,8.066,1.13256,-0.115435,0.546345,0.0,0.0,-9999.0,7.75,-9999.0
201203030100,201203030130,-9999.0,1.0,0.199,2.745,8.083,1.1342,-0.115688,0.551358,0.0,0.0,-9999.0,7.72,-9999.0
201203030130,201203030200,-9999.0,1.0,0.047,2.762,8.1,1.13585,-0.111249,0.556386,0.0,0.0,-9999.0,7.68,-9999.0
201203030200,201203030230,-9999.0,1.0,0.039,2.781,8.118,1.13758,-0.108335,0.561488,0.0,0.0,-9999.0,7.65,-9999.0
201203030230,201203030300,-9999.0,1.0,0.271,2.807,8.137,1.13938,-0.108496,0.566664,0.0,0.0,-9999.0,7.61,-9999.0
201203030300,201203030330,-9999.0,1.0,0.283,2.822,8.131,1.13929,-0.105063,0.57039,0.0,0.0,-9999.0,7.58,-9999.0
201203030330,201203030400,-9999.0,1.0,0.099,2.841,8.126,1.13928,-0.108876,0.574169,0.0,0.0,-9999.0,7.54,-9999.0
201203030400,201203030430,-9999.0,1.0,0.056,2.841,8.126,1.13965,-0.108183,0.578242,0.0,0.0,-9999.0,7.5,-9999.0
201203030430,201203030500,-9999.0,1.0,0.046,2.841,8.126,1.14001,-0.107489,0.582315,0.0,0.0,-9999.0,7.46,-9999.0
201203030500,201203030530,-9999.0,1.0,0.031,2.855,8.156,1.14265,-0.105186,0.5882,0.0,0.0,-9999.0,7.42,-9999.0
201203030530,201203030600,-9999.0,1.0,0.277,2.855,8.156,1.14302,-0.104491,0.592285,0.0,0.0,-9999.0,7.38,-9999.0
201203030600,201203030630,-9999.0,1.0,0.326,2.855,8.156,1.14339,-0.103797,0.596371,0.0,0.0,-9999.0,7.34,-9999.0
201203030630,201203030700,-9999.0,1.0,7.02,2.94,8.231,1.14945,-0.093867,0.605096,0.0,8.56157,-9999.0,7.3,-9999.0
201203030700,201203030730,-9999.0,1.0,93.2,8.078,13.888,1.61342,0.08377,1.02984,0.0,113.609,-9999.0,7.26,-9999.0
201203030730,201203030800,-9999.0,1.0,199.8,7.651,13.347,1.56686,-0.134165,0.990309,0.0,242.387,-9999.0,7.22,-9999.0
201203030800,201203030830,-9999.0,1.0,303.7,8.26,13.687,1.5969,0.612231,1.02622,0.0,365.124,-9999.0,7.18,-9999.0
201203030830,201203030900,-9999.0,1.0,401.0,8.334,14.423,1.66209,0.053901,1.09861,0.0,479.72,-9999.0,7.14,-9999.0
201203030900,201203030930,-9999.0,1.0,488.2,9.582,15.324,1.74314,0.202408,1.18998,0.0,584.214,-9999.0,7.1,-9999.0
201203030930,201203031000,-9999.0,1.0,560.7,10.612,15.847,1.7911,0.252519,1.24865,0.0,676.819,-9999.0,7.07,-9999.0
201203031000,201203031030,-9999.0,1.0,618.9,11.243,16.313,1.83431,0.455053,1.30347,0.0,755.949,-9999.0,7.05,-9999.0
201203031030,201203031100,-9999.0,1.0,662.0,11.291,16.713,1.87179,0.159228,1.35304,0.0,820.252,-9999.0,7.04,-9999.0
201203031100,201203031130,-9999.0,1.0,689.0,11.108,16.53,1.85548,0.167243,1.34275,0.0,868.626,-9999.0,7.05,-9999.0
201203031130,201203031200,-9999.0,1.0,704.0,11.334,16.55,1.85792,0.29134,1.35344,0.0,900.244,-9999.0,7.07,-9999.0
201203031200,201203031230,-9999.0,1.0,703.0,11.203,16.437,1.84808,0.352017,1.35024,0.0,914.565,-9999.0,7.11,-9999.0
201203031230,201203031300,-9999.0,1.0,684.4,10.592,16.113,1.81888,0.381009,1.32499,0.0,911.344,-9999.0,7.16,-9999.0
201203031300,201203031330,-9999.0,1.0,653.1,10.059,15.867,1.79695,0.270615,1.30785,0.0,890.637,-9999.0,7.21,-9999.0
201203031330,201203031400,-9999.0,1.0,608.6,10.191,15.635,1.77638,0.494175,1.29211,0.0,852.796,-9999.0,7.27,-9999.0
201203031400,201203031430,-9999.0,1.0,550.4,9.684,15.318,1.74819,0.364375,1.26768,0.0,798.471,-9999.0,7.34,-9999.0
201203031430,201203031500,-9999.0,1.0,476.4,9.015,15.066,1.72601,0.401541,1.24989,0.0,728.59,-9999.0,7.41,-9999.0
201203031500,201203031530,-9999.0,1.0,400.8,8.022,14.185,1.64791,0.083571,1.1699,0.0,644.349,-9999.0,7.49,-9999.0
201203031530,201203031600,-9999.0,1.0,306.4,7.988,13.193,1.56154,0.721054,1.08228,0.0,547.189,-9999.0,7.58,-9999.0
201203031600,201203031630,-9999.0,1.0,215.9,7.487,12.862,1.53344,-0.087487,1.0581,0.0,438.774,-9999.0,7.67,-9999.0
201203031630,201203031700,-9999.0,1.0,131.5,8.917,12.964,1.54273,0.186807,1.07395,0.0,320.957,-9999.0,7.76,-9999.0
201203031700,201203031730,-9999.0,1.0,50.34,6.548,12.592,1.51124,-0.044569,1.04588,0.0,195.755,-9999.0,7.84,-9999.0
201203031730,201203031800,-9999.0,1.0,16.47,2.924,8.226,1.15719,-0.101584,0.695316,0.0,65.31,-9999.0,7.91,-9999.0
201203031800,201203031830,-9999.0,1.0,2.077,2.91,8.159,1.15244,-0.092227,0.694638,0.0,0.0,-9999.0,7.97,-9999.0
201203031830,201203031900,-9999.0,1.0,0.33,2.87,8.104,1.14861,-0.098206,0.694783,0.0,0.0,-9999.0,8.02,-9999.0
201203031900,201203031930,-9999.0,1.0,0.33,2.907,8.112,1.14958,-0.107545,0.699423,0.0,0.0,-9999.0,8.06,-9999.0
201203031930,201203032000,-9999.0,1.0,0.33,2.939,8.119,1.15048,-0.1096,0.703997,0.0,0.0,-9999.0,8.08,-9999.0
201203032000,201203032030,-9999.0,1.0,0.33,2.97,8.128,1.15154,-0.112234,0.708722,0.0,0.0,-9999.0,8.09,-9999.0
201203032030,201203032100,-9999.0,1.0,0.33,3.0,8.138,1.15267,-0.116592,0.71353,0.0,0.0,-9999.0,8.1,-9999.0
201203032100,201203032130,-9999.0,1.0,0.33,3.03,8.149,1.15388,-0.118175,0.71842,0.0,0.0,-9999.0,8.09,-9999.0
201203032130,201203032200,-9999.0,1.0,0.33,3.059,8.159,1.15501,-0.120292,0.723245,0.0,0.0,-9999.0,8.08,-9999.0
201203032200,201203032230,-9999.0,1.0,0.33,3.089,8.171,1.1563,-0.121099,0.728229,0.0,0.0,-9999.0,8.06,-9999.0
201203032230,201203032300,-9999.0,1.0,0.33,3.118,8.185,1.15774,-0.121253,0.733375,0.0,0.0,-9999.0,8.04,-9999.0
201203032300,201203032330,-9999.0,1.0,0.331,3.148,8.2,1.15926,-0.121202,0.738609,0.0,0.0,-9999.0,8.02,-9999.0
201203032330,201203040000,-9999.0,1.0,0.331,3.176,8.216,1.16086,-0.118886,0.743932,0.0,0.0,-9999.0,7.99,-9999.0
201203040000,201203040030,-9999.0,1.0,0.331,3.205,8.234,1.16261,-0.115177,0.749425,0.0,0.0,-9999.0,7.96,-9999.0
201203040030,201203040100,-9999.0,1.0,0.331,3.233,8.25,1.16421,-0.110097,0.754779,0.0,0.0,-9999.0,7.93,-9999.0
201203040100,201203040130,-9999.0,1.0,0.331,3.261,8.267,1.16589,-0.10912,0.760226,0.0,0.0,-9999.0,7.91,-9999.0
201203040130,201203040200,-9999.0,1.0,0.331,3.288,8.284,1.16757,-0.109732,0.765689,0.0,0.0,-9999.0,7.88,-9999.0
201203040200,201203040230,-9999.0,1.0,0.331,3.295,8.28,1.16763,-0.113864,0.769514,0.0,0.0,-9999.0,7.85,-9999.0
201203040230,201203040300,-9999.0,1.0,0.331,3.324,8.306,1.17001,-0.111725,0.775711,0.0,0.0,-9999.0,7.82,-9999.0
201203040300,201203040330,-9999.0,1.0,0.331,3.333,8.306,1.17038,-0.111025,0.77986,0.0,0.0,-9999.0,7.79,-9999.0
201203040330,201203040400,-9999.0,1.0,0.331,3.341,8.305,1.17067,-0.10863,0.783929,0.0,0.0,-9999.0,7.76,-9999.0
201203040400,201203040430,-9999.0,1.0,0.331,3.357,8.329,1.1729,-0.106598,0.790012,0.0,0.0,-9999.0,7.72,-9999.0
201203040430,201203040500,-9999.0,1.0,0.331,3.373,8.356,1.17535,-0.104398,0.796361,0.0,0.0,-9999.0,7.68,-9999.0
201203040500,201203040530,-9999.0,1.0,0.33,3.373,8.356,1.17573,-0.103696,0.800531,0.0,0.0,-9999.0,7.64,-9999.0
201203040530,201203040600,-9999.0,1.0,0.329,3.373,8.356,1.1761,-0.102994,0.804702,0.0,0.0,-9999.0,7.6,-9999.0
201203040600,201203040630,-9999.0,1.0,0.33,3.373,8.356,1.17647,-0.102292,0.808872,0.0,0.0,-9999.0,7.57,-9999.0
201203040630,201203040700,-9999.0,1.0,2.936,3.49,8.457,1.18468,-0.09815,0.821447,0.0,11.0065,-9999.0,7.53,-9999.0
201203040700,201203040730,-9999.0,1.0,18.68,3.485,8.483,1.18708,-0.112523,0.827843,0.0,120.022,-9999.0,7.5,-9999.0
201203040730,201203040800,-9999.0,1.0,46.65,3.757,8.697,1.20415,-0.216771,0.850272,0.0,248.832,-9999.0,7.46,-9999.0
201203040800,201203040830,-9999.0,1.0,91.4,8.272,5.062,0.935182,-0.360085,0.577299,0.0,371.6,-9999.0,7.43,-9999.0
201203040830,201203040900,-9999.0,1.0,147.3,9.858,5.628,0.975363,-0.229193,0.619,0.0,486.224,-9999.0,7.41,-9999.0
201203040900,201203040930,-9999.0,1.0,207.7,0.0,6.603,1.04622,-0.400777,0.693202,0.0,590.745,-9999.0,7.39,100.0
201203040930,201203041000,-9999.0,1.0,336.6,0.587,7.96,1.14852,0.085265,0.804644,0.0,683.372,-9999.0,7.37,94.5148
201203041000,201203041030,-9999.0,2.0,363.4,1.692,9.34,1.25693,0.604856,0.929503,0.0,762.523,-9999.0,7.37,85.5969
201203041030,201203041100,1.06172,0.0,644.4,0.177,10.4,1.34317,0.127076,1.03479,0.0,826.841,-9999.0,7.36,98.6
201203041100,201203041130,1.5662,0.0,673.1,1.156,11.89,1.46829,-0.289898,1.19323,0.0,875.227,-9999.0,7.37,91.7
201203041130,201203041200,2.47747,0.0,685.7,2.141,12.99,1.56372,-1.13529,1.32133,0.0,906.854,-9999.0,7.39,85.7
201203041200,201203041230,1.50891,0.0,688.4,3.596,14.2,1.67138,-0.0934,1.4714,0.0,921.178,-9999.0,7.42,77.8
201203041230,201203041300,2.72482,0.0,671.1,6.719,15.95,1.83167,-1.20209,1.70318,0.0,917.957,-9999.0,7.45,62.94
201203041300,201203041330,-9999.0,1.0,640.9,9.284,17.82,2.0088,0.25712,1.97365,0.0,897.244,-9999.0,7.48,54.52
201203041330,201203041400,-9999.0,1.0,597.0,10.219,18.5,2.07504,0.451918,2.08439,0.0,859.394,-9999.0,7.52,52.03
201203041400,201203041430,1.60553,0.0,541.9,9.93,18.7,2.09514,0.090463,2.12484,0.0,805.055,-9999.0,7.56,53.97
201203041430,201203041500,2.2993,0.0,472.6,8.933,18.01,2.02897,-0.64525,2.03039,0.0,735.157,-9999.0,7.61,56.76
201203041500,201203041530,1.76936,0.0,393.0,7.68,17.38,1.96923,-0.153399,1.94672,0.0,650.895,-9999.0,7.68,61.32
201203041530,201203041600,1.28924,0.0,302.4,6.896,16.88,1.92236,0.296788,1.88332,0.0,553.711,-9999.0,7.75,64.15
201203041600,201203041630,1.4938,0.0,219.1,5.58,15.98,1.83851,0.037735,1.76493,0.0,445.268,-9999.0,7.82,69.28
201203041630,201203041700,1.31757,0.0,138.2,4.567,15.16,1.76331,0.16468,1.66125,0.0,327.422,-9999.0,7.9,73.5
201203041700,201203041730,1.33188,0.0,69.82,3.594,14.12,1.66946,0.08803,1.53259,0.0,202.189,-9999.0,7.97,77.7
201203041730,201203041800,2.60881,0.0,27.49,2.699,13.1,1.5793,-1.24951,1.41206,0.0,71.7111,-9999.0,8.03,82.1
201203041800,201203041830,-9999.0,1.0,2.558,1.832,11.72,1.46026,-0.056394,1.25572,0.0,0.101695,-9999.0,8.09,86.7
201203041830,201203041900,-9999.0,1.0,0.33,1.085,10.57,1.36402,-0.011053,1.13443,0.0,0.0,-9999.0,8.13,91.5
201203041900,201203041930,-9999.0,1.0,0.33,0.694,10.13,1.32816,0.04091,1.093,0.0,0.0,-9999.0,8.15,94.4
201203041930,201203042000,-9999.0,1.0,0.33,0.437,9.82,1.30326,0.027054,1.0657,0.0,0.0,-9999.0,8.17,96.4
201203042000,201203042030,-9999.0,1.0,0.33,0.27,9.32,1.26326,0.044833,1.01954,0.0,0.0,-9999.0,8.18,97.7
201203042030,201203042100,-9999.0,1.0,0.33,0.201,8.61,1.2072,0.081554,0.954095,0.0,0.0,-9999.0,8.18,98.2
201203042100,201203042130,-9999.0,1.0,0.33,0.148,7.82,1.14607,0.001002,0.883796,0.0,0.0,-9999.0,8.16,98.6
201203042130,201203042200,0.87841,0.0,0.331,0.122,7.21,1.09991,0.145196,0.83254,0.0,0.0,-9999.0,8.14,98.8
201203042200,201203042230,-9999.0,1.0,0.331,0.0,7.07,1.0897,-0.060734,0.823838,0.0,0.0,-9999.0,8.12,100.0
201203042230,201203042300,-9999.0,1.0,0.331,0.0,6.993,1.08425,-0.074843,0.820684,0.0,0.0,-9999.0,8.09,100.0
201203042300,201203042330,-9999.0,1.0,0.331,0.019,6.002,1.01133,-0.011206,0.73963,0.0,0.0,-9999.0,8.06,99.8
201203042330,201203050000,-9999.0,1.0,0.331,0.0,5.691,0.989142,-0.038796,0.717417,0.0,0.0,-9999.0,8.02,100.0
201203050000,201203050030,-9999.0,1.0,0.331,0.0,5.003,0.940491,0.030896,0.66605,0.0,0.0,-9999.0,7.99,100.0
201203050030,201203050100,-9999.0,1.0,0.331,0.0,4.843,0.929564,0.037259,0.653664,1e-06,0.0,-9999.0,7.95,100.0
201203050100,201203050130,-9999.0,1.0,0.331,0.0,5.418,0.97049,-0.025161,0.698219,2e-06,0.0,-9999.0,7.91,100.0
201203050130,201203050200,-9999.0,1.0,0.331,0.031,3.437,0.834275,-0.178031,0.552437,3e-06,0.0,-9999.0,7.87,99.6
201203050200,201203050230,-9999.0,1.0,0.331,0.0,5.511,0.977752,-0.033343,0.705238,4e-06,0.0,-9999.0,7.83,100.0
201203050230,201203050300,-9999.0,1.0,0.331,0.0,5.828,1.0009,-0.073577,0.730563,5e-06,0.0,-9999.0,7.78,100.0
201203050300,201203050330,-9999.0,1.0,0.331,0.0,5.334,0.96571,-0.046863,0.69088,6e-06,0.0,-9999.0,7.74,100.0
201203050330,201203050400,-9999.0,1.0,0.331,0.0,5.025,0.944102,-0.018167,0.666798,7e-06,0.0,-9999.0,7.69,100.0
201203050400,201203050430,-9999.0,1.0,0.331,0.0,3.59,0.845782,-0.167384,0.562954,8e-06,0.0,-9999.0,7.65,100.0
201203050430,201203050500,-9999.0,1.0,0.331,0.0,3.516,0.841102,-0.170724,0.557942,9e-06,0.0,-9999.0,7.6,100.0
201203050500,201203050530,-9999.0,1.0,0.329,0.0,3.342,0.829793,-0.179285,0.546276,1e-05,0.0,-9999.0,7.55,100.0
201203050530,201203050600,-9999.0,1.0,0.307,3.669,8.362,1.19445,-0.115646,0.952644,1e-05,0.0,-9999.0,7.51,-9999.0
201203050600,201203050630,-9999.0,1.0,0.359,3.669,8.362,1.19482,-0.114944,0.952013,1.3e-05,0.0,-9999.0,7.46,-9999.0
201203050630,201203050700,-9999.0,1.0,6.762,3.781,8.464,1.20323,-0.109457,0.961157,0.00026,15.8455,-9999.0,7.42,-9999.0
201203050700,201203050730,-9999.0,1.0,71.3,8.252,13.116,1.59412,-0.158292,1.47441,0.002904,130.815,-9999.0,7.37,-9999.0
201203050730,201203050800,-9999.0,1.0,172.0,9.755,14.14,1.68649,0.323291,1.604,0.007323,259.485,-9999.0,7.32,-9999.0
201203050800,201203050830,-9999.0,1.0,265.1,10.512,14.773,1.74481,0.446119,1.68633,0.011746,382.039,-9999.0,7.27,-9999.0
201203050830,201203050900,-9999.0,1.0,360.1,8.679,13.454,1.62573,0.478276,1.5116,0.016619,496.38,-9999.0,7.23,-9999.0
201203050900,201203050930,-9999.0,1.0,456.1,10.843,15.366,1.80073,0.114509,1.76282,0.021659,600.553,-9999.0,7.19,-9999.0
201203050930,201203051000,-9999.0,1.0,535.2,10.788,15.749,1.83706,0.336971,1.81375,0.026341,692.774,-9999.0,7.16,-9999.0
201203051000,201203051030,-9999.0,1.0,612.6,10.697,15.68,1.83116,0.542475,1.80151,0.031201,771.467,-9999.0,7.13,-9999.0
201203051030,201203051100,-9999.0,1.0,671.6,10.603,15.789,1.84195,0.418507,1.8142,0.035475,835.283,-9999.0,7.12,-9999.0
201203051100,201203051130,-9999.0,1.0,665.2,10.356,15.686,1.83286,0.438309,1.79724,0.036963,883.132,-9999.0,7.12,-9999.0
201203051130,201203051200,-9999.0,1.0,688.3,10.668,15.781,1.84234,0.401049,1.8079,0.039642,914.195,-9999.0,7.14,-9999.0
201203051200,201203051230,-9999.0,1.0,557.5,10.616,15.548,1.82109,0.325706,1.77309,0.034536,927.94,-9999.0,7.18,-9999.0
201203051230,201203051300,-9999.0,1.0,685.7,10.74,15.817,1.84687,0.404633,1.80772,0.042916,924.132,-9999.0,7.22,-9999.0
201203051300,201203051330,-9999.0,1.0,676.1,10.646,15.717,1.83805,0.418907,1.7913,0.04415,902.836,-9999.0,7.27,-9999.0
201203051330,201203051400,-9999.0,1.0,611.4,10.552,15.592,1.8269,0.495282,1.77158,0.042113,864.417,-9999.0,7.32,-9999.0
201203051400,201203051430,-9999.0,1.0,552.3,10.614,15.625,1.83056,0.351003,1.77357,0.039964,809.532,-9999.0,7.38,-9999.0
201203051430,201203051500,-9999.0,1.0,468.7,10.754,15.476,1.81718,0.295448,1.75079,0.035777,739.12,-9999.0,7.45,-9999.0
201203051500,201203051530,-9999.0,1.0,387.3,9.771,14.537,1.73069,0.290775,1.6242,0.031345,654.385,-9999.0,7.53,-9999.0
201203051530,201203051600,-9999.0,1.0,301.4,9.139,13.54,1.64055,0.648649,1.49646,0.025715,556.779,-9999.0,7.61,-9999.0
201203051600,201203051630,-9999.0,1.0,210.2,8.817,13.163,1.60726,0.048854,1.44879,0.018918,447.97,-9999.0,7.7,-9999.0
201203051630,201203051700,-9999.0,1.0,119.1,9.704,13.457,1.6341,0.217667,1.4826,0.011301,329.82,-9999.0,7.79,-9999.0
201203051700,201203051730,-9999.0,1.0,56.89,7.993,12.891,1.58402,-0.034286,1.41293,0.005648,204.352,-9999.0,7.86,-9999.0
201203051730,201203051800,-9999.0,1.0,20.26,3.517,8.254,1.19485,-0.260476,0.927657,0.00209,73.7112,-9999.0,7.93,-9999.0
201203051800,201203051830,-9999.0,1.0,2.679,3.736,8.44,1.20995,-0.103307,0.944021,0.000285,0.18415,-9999.0,7.99,-9999.0
201203051830,201203051900,-9999.0,1.0,0.33,3.645,8.367,1.20453,-0.105973,0.936704,3.6e-05,0.0,-9999.0,8.04,-9999.0
201203051900,201203051930,-9999.0,1.0,0.33,3.667,8.397,1.20728,-0.107299,0.938805,3.7e-05,0.0,-9999.0,8.07,-9999.0
201203051930,201203052000,-9999.0,1.0,0.33,3.691,8.43,1.21028,-0.103056,0.941174,3.8e-05,0.0,-9999.0,8.1,-9999.0
201203052000,201203052030,-9999.0,1.0,0.33,3.714,8.464,1.21336,-0.108802,0.943629,3.9e-05,0.0,-9999.0,8.12,-9999.0
201203052030,201203052100,-9999.0,1.0,0.33,3.732,8.494,1.21612,-0.106338,0.945712,4e-05,0.0,-9999.0,8.13,-9999.0
201203052100,201203052130,-9999.0,1.0,0.33,3.749,8.522,1.21873,-0.103989,0.947607,4.1e-05,0.0,-9999.0,8.13,-9999.0
201203052130,201203052200,-9999.0,1.0,0.33,3.766,8.553,1.22158,-0.10146,0.94977,4.2e-05,0.0,-9999.0,8.13,-9999.0
201203052200,201203052230,-9999.0,1.0,0.33,3.779,8.582,1.22427,-0.120427,0.951744,4.3e-05,0.0,-9999.0,8.12,-9999.0
201203052230,201203052300,-9999.0,1.0,0.33,3.794,8.611,1.22697,-0.11801,0.953712,4.4e-05,0.0,-9999.0,8.1,-9999.0
201203052300,201203052330,-9999.0,1.0,0.33,3.805,8.618,1.22791,-0.116886,0.953672,4.5e-05,0.0,-9999.0,8.08,-9999.0
201203052330,201203060000,-9999.0,1.0,0.331,3.82,8.645,1.23045,-0.114583,0.955447,4.6e-05,0.0,-9999.0,8.06,-9999.0
201203060000,201203060030,-9999.0,1.0,0.33,3.83,8.647,1.23099,-0.113753,0.954945,4.7e-05,0.0,-9999.0,8.03,-9999.0
201203060030,201203060100,-9999.0,1.0,0.326,3.838,8.647,1.23137,-0.11304,0.954262,4.7e-05,0.0,-9999.0,8.0,-9999.0
201203060100,201203060130,-9999.0,1.0,0.328,3.848,8.649,1.23191,-0.112209,0.95376,4.9e-05,0.0,-9999.0,7.97,-9999.0
201203060130,201203060200,-9999.0,1.0,0.328,3.862,8.68,1.23478,-0.109663,0.955874,5e-05,0.0,-9999.0,7.93,-9999.0
201203060200,201203060230,-9999.0,1.0,0.331,3.865,8.673,1.23459,-0.109363,0.954554,5.1e-05,0.0,-9999.0,7.9,-9999.0
201203060230,201203060300,-9999.0,1.0,0.25,3.865,8.673,1.23497,-0.108649,0.953866,3.9e-05,0.0,-9999.0,7.87,-9999.0
201203060300,201203060330,-9999.0,1.0,0.028,3.875,8.674,1.23544,-0.107876,0.953268,4e-06,0.0,-9999.0,7.83,-9999.0
201203060330,201203060400,-9999.0,1.0,0.012,3.875,8.674,1.23582,-0.107162,0.95258,2e-06,0.0,-9999.0,7.8,-9999.0
201203060400,201203060430,-9999.0,1.0,0.314,3.875,8.674,1.2362,-0.106449,0.951892,5.2e-05,0.0,-9999.0,7.78,-9999.0
201203060430,201203060500,-9999.0,1.0,0.331,3.875,8.674,1.23658,-0.105735,0.951204,5.6e-05,0.0,-9999.0,7.75,-9999.0
201203060500,201203060530,-9999.0,1.0,0.325,3.875,8.674,1.23696,-0.105021,0.950516,5.6e-05,0.0,-9999.0,7.73,-9999.0
201203060530,201203060600,-9999.0,1.0,0.329,3.875,8.674,1.23734,-0.104307,0.949828,5.7e-05,0.0,-9999.0,7.71,-9999.0
201203060600,201203060630,-9999.0,1.0,0.331,3.875,8.674,1.23772,-0.103593,0.94914,5.9e-05,0.0,-9999.0,7.69,-9999.0
201203060630,201203060700,-9999.0,1.0,3.22,3.981,8.768,1.24568,-0.097434,0.956786,0.000581,19.1376,-9999.0,7.67,-9999.0
201203060700,201203060730,-9999.0,1.0,18.39,4.053,8.849,1.25261,-0.098925,0.963283,0.003362,137.249,-9999.0,7.65,-9999.0
201203060730,201203060800,-9999.0,1.0,62.77,8.489,13.273,1.63263,0.057408,1.40681,0.01153,265.938,-9999.0,7.64,-9999.0
201203060800,201203060830,-9999.0,1.0,90.4,9.013,13.955,1.69523,0.161803,1.48245,0.016754,388.511,-9999.0,7.63,-9999.0
201203060830,201203060900,-9999.0,1.0,171.7,10.023,14.438,1.74029,0.43561,1.53662,0.03168,502.87,-9999.0,7.62,-9999.0
201203060900,201203060930,-9999.0,1.0,403.4,9.985,14.611,1.75689,0.29759,1.55484,0.07156,607.059,-9999.0,7.61,-9999.0
201203060930,201203061000,-9999.0,1.0,520.7,12.056,17.19,2.00334,0.329156,1.87374,0.089603,699.294,-9999.0,7.6,-9999.0
201203061000,201203061030,-9999.0,1.0,558.3,11.445,16.337,1.92131,0.430055,1.76093,0.097185,777.999,-9999.0,7.6,-9999.0
201203061030,201203061100,-9999.0,1.0,296.1,9.144,13.514,1.65751,0.60742,1.42284,0.0563,841.825,-9999.0,7.61,-9999.0
201203061100,201203061130,-9999.0,1.0,527.4,11.979,16.946,1.9814,0.449769,1.83283,0.09473,889.681,-9999.0,7.63,-9999.0
201203061130,201203061200,-9999.0,1.0,321.3,8.866,13.586,1.66509,0.573761,1.42713,0.062492,920.749,-9999.0,7.66,-9999.0
201203061200,201203061230,-9999.0,1.0,736.0,12.22,15.867,1.8786,0.629757,1.69161,0.128737,934.496,-9999.0,7.69,-9999.0
201203061230,201203061300,-9999.0,1.0,425.0,10.741,15.705,1.86373,0.277577,1.66926,0.082527,930.687,-9999.0,7.73,-9999.0
201203061300,201203061330,-9999.0,1.0,243.2,8.858,13.046,1.6176,0.048111,1.36263,0.050218,909.388,-9999.0,7.77,-9999.0
201203061330,201203061400,-9999.0,1.0,377.7,9.027,13.601,1.6685,0.417039,1.42129,0.07659,870.963,-9999.0,7.82,-9999.0
201203061400,201203061430,-9999.0,1.0,467.2,11.091,15.57,1.85259,0.415978,1.64538,0.093233,816.07,-9999.0,7.87,-9999.0
201203061430,201203061500,-9999.0,1.0,462.4,11.359,15.689,1.86449,0.265414,1.6571,0.093389,745.647,-9999.0,7.93,-9999.0
201203061500,201203061530,-9999.0,1.0,328.4,8.996,13.566,1.66683,0.673491,1.41183,0.070054,660.9,-9999.0,7.99,-9999.0
201203061530,201203061600,-9999.0,1.0,211.4,9.369,13.55,1.66588,0.154075,1.40822,0.046957,563.278,-9999.0,8.05,-9999.0
201203061600,201203061630,-9999.0,1.0,176.1,10.014,14.074,1.71454,0.426196,1.46384,0.039948,454.452,-9999.0,8.12,-9999.0
201203061630,201203061700,-9999.0,1.0,122.4,10.806,13.46,1.65867,0.30263,1.39478,0.028433,336.285,-9999.0,8.19,-9999.0
201203061700,201203061730,-9999.0,1.0,81.3,9.397,13.274,1.64224,0.139713,1.37305,0.019349,210.797,-9999.0,8.25,-9999.0
201203061730,201203061800,-9999.0,1.0,31.03,3.902,8.832,1.2593,-0.192436,0.946691,0.007569,80.1364,-9999.0,8.3,-9999.0
201203061800,201203061830,-9999.0,1.0,2.937,3.985,8.737,1.25196,-0.085328,0.937933,0.00073,0.694514,-9999.0,8.34,-9999.0
201203061830,201203061900,-9999.0,1.0,0.33,3.925,8.674,1.24722,-0.093737,0.931937,8.3e-05,0.0,-9999.0,8.38,-9999.0
201203061900,201203061930,-9999.0,1.0,0.33,3.97,8.703,1.24996,-0.102142,0.933679,8.4e-05,0.0,-9999.0,8.41,-9999.0
201203061930,201203062000,-9999.0,1.0,0.33,4.014,8.734,1.25286,-0.099311,0.935582,8.5e-05,0.0,-9999.0,8.42,-9999.0
201203062000,201203062030,-9999.0,1.0,0.33,4.052,8.762,1.25552,-0.0989,0.937226,8.6e-05,0.0,-9999.0,8.44,-9999.0
201203062030,201203062100,-9999.0,1.0,0.33,4.083,8.783,1.25761,-0.09856,0.938277,8.7e-05,0.0,-9999.0,8.45,-9999.0
201203062100,201203062130,-9999.0,1.0,0.329,4.113,8.805,1.25979,-0.106317,0.939407,8.8e-05,0.0,-9999.0,8.45,-9999.0
201203062130,201203062200,-9999.0,1.0,0.329,4.143,8.826,1.26189,-0.102234,0.940446,8.9e-05,0.0,-9999.0,8.45,-9999.0
201203062200,201203062230,-9999.0,1.0,0.33,4.167,8.846,1.26391,-0.099988,0.941396,9e-05,0.0,-9999.0,8.45,-9999.0
201203062230,201203062300,-9999.0,1.0,0.33,4.188,8.865,1.26584,-0.097862,0.942257,9.1e-05,0.0,-9999.0,8.45,-9999.0
201203062300,201203062330,-9999.0,1.0,0.33,4.203,8.877,1.26721,-0.096031,0.94253,9.2e-05,0.0,-9999.0,8.44,-9999.0
201203062330,201203070000,-9999.0,1.0,0.33,4.209,8.877,1.2676,-0.09031,0.941803,9.3e-05,0.0,-9999.0,8.43,-9999.0
201203070000,201203070030,-9999.0,1.0,0.33,4.215,8.879,1.26815,-0.090806,0.941242,9.4e-05,0.0,-9999.0,8.43,-9999.0
201203070030,201203070100,-9999.0,1.0,0.33,4.204,8.859,1.26689,-0.093495,0.938865,9.5e-05,0.0,-9999.0,8.42,-9999.0
201203070100,201203070130,-9999.0,1.0,0.33,4.213,8.87,1.26818,-0.092103,0.939047,9.6e-05,0.0,-9999.0,8.4,-9999.0
201203070130,201203070200,-9999.0,1.0,0.33,4.217,8.871,1.26865,-0.09132,0.938404,9.7e-05,0.0,-9999.0,8.39,-9999.0
201203070200,201203070230,-9999.0,1.0,0.331,4.224,8.874,1.26928,-0.077216,0.937924,9.8e-05,0.0,-9999.0,8.37,-9999.0
201203070230,201203070300,-9999.0,1.0,0.276,4.22,8.861,1.2686,-0.08723,0.936135,8.3e-05,0.0,-9999.0,8.35,-9999.0
201203070300,201203070330,-9999.0,1.0,0.0,4.213,8.842,1.26742,-0.079331,0.933863,0.0,0.0,-9999.0,8.32,-9999.0
201203070330,201203070400,-9999.0,1.0,0.0,4.215,8.838,1.26748,-0.081756,0.932818,0.0,0.0,-9999.0,8.29,-9999.0
201203070400,201203070430,-9999.0,1.0,0.03,4.218,8.834,1.26754,-0.066511,0.931775,9e-06,0.0,-9999.0,8.26,-9999.0
201203070430,201203070500,-9999.0,1.0,0.0,4.218,8.834,1.26792,-0.065791,0.931057,0.0,0.0,-9999.0,8.22,-9999.0
201203070500,201203070530,-9999.0,1.0,0.205,4.218,8.834,1.26831,-0.065072,0.930338,6.4e-05,0.0,-9999.0,8.19,-9999.0
201203070530,201203070600,-9999.0,1.0,0.32,4.218,8.834,1.26869,-0.064352,0.92962,0.000101,0.0,-9999.0,8.16,-9999.0
201203070600,201203070630,-9999.0,1.0,0.308,4.218,8.834,1.26907,-0.063632,0.928901,9.9e-05,0.0,-9999.0,8.14,-9999.0
201203070630,201203070700,-9999.0,1.0,5.455,4.362,8.968,1.28048,-0.054716,0.938953,0.001759,22.7148,-9999.0,8.11,-9999.0
201203070700,201203070730,-9999.0,1.0,39.06,4.761,9.433,1.31945,-0.120817,0.976065,0.012602,143.69,-9999.0,8.09,-9999.0
201203070730,201203070800,-9999.0,1.0,80.6,9.821,13.661,1.69241,0.258516,1.35961,0.025971,272.392,-9999.0,8.07,-9999.0
201203070800,201203070830,-9999.0,1.0,107.0,10.269,13.727,1.69903,0.342847,1.36428,0.034543,394.978,-9999.0,8.05,-9999.0
201203070830,201203070900,-9999.0,1.0,191.8,9.583,13.224,1.65319,0.184825,1.31292,0.061227,509.349,-9999.0,8.03,-9999.0
201203070900,201203070930,-9999.0,1.0,328.7,9.315,13.806,1.70739,0.658411,1.36828,0.102473,613.548,-9999.0,8.02,-9999.0
201203070930,201203071000,-9999.0,1.0,525.0,13.238,17.567,2.07027,0.434697,1.76723,0.153033,705.793,-9999.0,8.02,-9999.0
201203071000,201203071030,-9999.0,1.0,148.7,12.874,16.06,1.92261,0.515566,1.59712,0.048823,784.506,-9999.0,8.01,-9999.0
201203071030,201203071100,-9999.0,1.0,439.5,11.78,16.337,1.95016,0.309568,1.62433,0.135178,848.339,-9999.0,8.02,-9999.0
201203071100,201203071130,-9999.0,1.0,237.1,9.109,13.092,1.64359,0.035018,1.29146,0.078182,896.2,-9999.0,8.03,-9999.0
201203071130,201203071200,-9999.0,1.0,186.4,9.269,13.338,1.66667,0.195405,1.31322,0.062744,927.271,-9999.0,8.05,-9999.0
201203071200,201203071230,-9999.0,1.0,348.2,9.29,13.878,1.71719,0.65848,1.36367,0.113747,941.019,-9999.0,8.08,-9999.0
201203071230,201203071300,-9999.0,1.0,364.2,9.528,13.841,1.71426,0.44921,1.3581,0.119521,937.21,-9999.0,8.11,-9999.0
201203071300,201203071330,-9999.0,1.0,433.7,11.835,16.256,1.94519,0.309177,1.60177,0.139238,915.909,-9999.0,8.14,-9999.0
201203071330,201203071400,-9999.0,1.0,519.2,12.861,17.537,2.07228,0.351736,1.73785,0.162766,877.48,-9999.0,8.17,-9999.0
201203071400,201203071430,-9999.0,1.0,471.7,11.405,15.792,1.90124,0.468716,1.54766,0.153004,822.581,-9999.0,8.21,-9999.0
201203071430,201203071500,-9999.0,1.0,236.6,9.109,13.092,1.64706,0.041188,1.27935,0.082655,752.151,-9999.0,8.25,-9999.0
201203071500,201203071530,-9999.0,1.0,129.7,11.075,13.743,1.70772,0.292168,1.33897,0.046746,667.394,-9999.0,8.29,-9999.0
201203071530,201203071600,-9999.0,1.0,177.0,10.359,14.383,1.7682,0.428081,1.39872,0.063657,569.763,-9999.0,8.34,-9999.0
201203071600,201203071630,-9999.0,1.0,154.2,12.109,16.009,1.92461,0.484578,1.55961,0.055916,460.926,-9999.0,8.38,-9999.0
201203071630,201203071700,-9999.0,1.0,120.6,11.662,14.4,1.77087,0.410823,1.39613,0.044546,342.746,-9999.0,8.41,-9999.0
201203071700,201203071730,-9999.0,1.0,54.75,9.386,13.748,1.71024,0.167005,1.33175,0.020794,217.245,-9999.0,8.44,-9999.0
201203071730,201203071800,-9999.0,1.0,15.6,4.426,9.043,1.29524,-0.040044,0.92832,0.006029,86.5707,-9999.0,8.46,-9999.0
201203071800,201203071830,-9999.0,1.0,1.882,4.231,8.823,1.27739,-0.052173,0.910828,0.000735,1.48528,-9999.0,8.48,-9999.0
201203071830,201203071900,-9999.0,1.0,0.33,4.222,8.805,1.27628,-0.049535,0.908754,0.00013,0.0,-9999.0,8.49,-9999.0
201203071900,201203071930,-9999.0,1.0,0.33,4.246,8.809,1.277,-0.048567,0.908342,0.000131,0.0,-9999.0,8.5,-9999.0
201203071930,201203072000,-9999.0,1.0,0.327,4.272,8.815,1.27788,-0.047474,0.908079,0.000131,0.0,-9999.0,8.5,-9999.0
201203072000,201203072030,-9999.0,1.0,0.327,4.304,8.827,1.27925,-0.046006,0.908262,0.000132,0.0,-9999.0,8.49,-9999.0
201203072030,201203072100,-9999.0,1.0,0.32,4.335,8.839,1.28063,-0.044538,0.908442,0.00013,0.0,-9999.0,8.48,-9999.0
201203072100,201203072130,-9999.0,1.0,0.328,4.363,8.849,1.28184,-0.043193,0.908468,0.000134,0.0,-9999.0,8.47,-9999.0
201203072130,201203072200,-9999.0,1.0,0.33,4.39,8.859,1.28306,-0.058497,0.908492,0.000136,0.0,-9999.0,8.45,-9999.0
201203072200,201203072230,-9999.0,1.0,0.331,4.413,8.869,1.28427,-0.066901,0.908512,0.000137,0.0,-9999.0,8.43,-9999.0
201203072230,201203072300,-9999.0,1.0,0.328,4.434,8.875,1.28515,-0.072694,0.908231,0.000137,0.0,-9999.0,8.41,-9999.0
201203072300,201203072330,-9999.0,1.0,0.331,4.448,8.874,1.28546,-0.090395,0.907431,0.000139,0.0,-9999.0,8.38,-9999.0
201203072330,201203080000,-9999.0,1.0,0.325,4.478,8.905,1.28842,-0.09727,0.908992,0.000138,0.0,-9999.0,8.35,-9999.0
201203080000,201203080030,-9999.0,1.0,0.107,4.506,8.934,1.29122,-0.110527,0.910398,4.6e-05,0.0,-9999.0,8.31,-9999.0
201203080030,201203080100,-9999.0,1.0,0.0,4.531,8.958,1.2936,-0.108296,0.911427,0.0,0.0,-9999.0,8.27,-9999.0
201203080100,201203080130,-9999.0,1.0,0.0,4.555,8.986,1.29632,-0.10581,0.912742,0.0,0.0,-9999.0,8.23,-9999.0
201203080130,201203080200,-9999.0,1.0,0.002,4.577,9.012,1.29888,-0.103448,0.913903,1e-06,0.0,-9999.0,8.19,-9999.0
201203080200,201203080230,-9999.0,1.0,0.003,4.599,9.037,1.30136,-0.101146,0.914982,1e-06,0.0,-9999.0,8.14,-9999.0
201203080230,201203080300,-9999.0,1.0,0.0,4.617,9.061,1.30375,-0.098905,0.91598,0.0,0.0,-9999.0,8.1,-9999.0
201203080300,201203080330,-9999.0,1.0,0.0,4.636,9.084,1.30607,-0.096724,0.916899,0.0,0.0,-9999.0,8.06,-9999.0
201203080330,201203080400,-9999.0,1.0,0.0,4.661,9.125,1.30989,-0.092884,0.919123,0.0,0.0,-9999.0,8.02,-9999.0
201203080400,201203080430,-9999.0,1.0,0.0,4.687,9.165,1.31364,-0.084742,0.921264,0.0,0.0,-9999.0,7.98,-9999.0
201203080430,201203080500,-9999.0,1.0,0.0,4.687,9.165,1.31403,-0.08401,0.920481,0.0,0.0,-9999.0,7.94,-9999.0
201203080500,201203080530,-9999.0,1.0,0.0,4.687,9.165,1.31442,-0.083278,0.919699,0.0,0.0,-9999.0,7.91,-9999.0
201203080530,201203080600,-9999.0,1.0,0.0,4.687,9.165,1.31482,-0.082546,0.918916,0.0,0.0,-9999.0,7.88,-9999.0
201203080600,201203080630,-9999.0,1.0,0.223,4.687,9.165,1.31521,-0.081814,0.918133,0.000103,0.0,-9999.0,7.85,-9999.0
201203080630,201203080700,-9999.0,1.0,10.28,4.851,9.356,1.3317,-0.0762,0.931154,0.004768,26.6419,-9999.0,7.82,-9999.0
201203080700,201203080730,-9999.0,1.0,77.6,10.101,13.941,1.74281,0.166235,1.29452,0.035613,150.134,-9999.0,7.79,-9999.0
201203080730,201203080800,-9999.0,1.0,209.4,10.276,14.245,1.77211,-0.064652,1.31885,0.093562,278.844,-9999.0,7.76,-9999.0
201203080800,201203080830,-9999.0,1.0,315.4,9.463,13.763,1.72708,0.599362,1.27534,0.138432,401.436,-9999.0,7.73,-9999.0
201203080830,201203080900,-9999.0,1.0,411.3,10.691,15.137,1.85868,0.442101,1.39289,0.17679,515.813,-9999.0,7.7,-9999.0
201203080900,201203080930,-9999.0,1.0,496.2,12.135,16.708,2.01348,0.470187,1.53321,0.207604,620.018,-9999.0,7.67,-9999.0
201203080930,201203081000,-9999.0,1.0,569.8,12.379,16.958,2.03904,0.305781,1.55354,0.234781,712.269,-9999.0,7.65,-9999.0
201203081000,201203081030,-9999.0,1.0,631.7,11.397,16.363,1.98041,0.511062,1.49569,0.26069,790.985,-9999.0,7.63,-9999.0
201203081030,201203081100,-9999.0,1.0,675.5,11.553,16.374,1.98209,0.488302,1.49389,0.277059,854.822,-9999.0,7.62,-9999.0
201203081100,201203081130,-9999.0,1.0,706.0,11.999,16.398,1.98506,0.621498,1.49327,0.287621,902.686,-9999.0,7.63,-9999.0
201203081130,201203081200,-9999.0,1.0,720.0,11.867,16.21,1.96703,0.549684,1.47352,0.294589,933.758,-9999.0,7.65,-9999.0
201203081200,201203081230,-9999.0,1.0,721.0,11.928,16.198,1.96643,0.586491,1.46971,0.296462,947.508,-9999.0,7.67,-9999.0
201203081230,201203081300,-9999.0,1.0,704.0,12.143,16.484,1.99537,0.642718,1.49255,0.291599,943.698,-9999.0,7.7,-9999.0
201203081300,201203081330,-9999.0,1.0,678.7,11.776,16.402,1.98782,0.495292,1.48238,0.285825,922.396,-9999.0,7.73,-9999.0
201203081330,201203081400,-9999.0,1.0,630.6,12.107,16.613,2.0094,0.503643,1.49838,0.269242,883.965,-9999.0,7.77,-9999.0
201203081400,201203081430,-9999.0,1.0,517.2,13.182,17.505,2.09964,0.319162,1.57591,0.2261,829.063,-9999.0,7.81,-9999.0
201203081430,201203081500,-9999.0,1.0,302.4,10.719,14.765,1.82935,0.479701,1.33308,0.143394,758.628,-9999.0,7.87,-9999.0
201203081500,201203081530,-9999.0,1.0,318.4,10.235,14.523,1.80663,0.515149,1.31068,0.151672,673.868,-9999.0,7.93,-9999.0
201203081530,201203081600,-9999.0,1.0,335.6,11.404,15.48,1.89986,0.738808,1.3888,0.158992,576.23,-9999.0,8.0,35.18
201203081600,201203081630,1.91639,0.0,234.0,10.97,14.92,1.84596,-0.26673,1.33924,0.114696,467.387,-9999.0,8.07,35.36
201203081630,201203081700,0.447877,0.0,144.9,10.991,14.94,1.84844,1.20411,1.33861,0.073086,349.201,-9999.0,8.14,35.32
201203081700,201203081730,1.87197,0.0,65.6,10.341,14.51,1.80752,-0.24849,1.30096,0.034008,223.693,-9999.0,8.2,37.43
201203081730,201203081800,0.766588,0.0,21.96,8.959,13.43,1.70548,0.784314,1.21237,0.011579,93.0119,-9999.0,8.26,41.86
201203081800,201203081830,1.17033,0.0,3.525,7.193,11.83,1.5583,0.273968,1.08833,0.001878,2.62204,-9999.0,8.3,48.15
201203081830,201203081900,2.62117,0.0,0.33,5.788,10.83,1.4692,-1.24228,1.01411,0.000177,0.0,-9999.0,8.34,55.42
201203081900,201203081930,2.37872,0.0,0.33,5.202,9.94,1.39176,-1.05733,0.950507,0.000178,0.0,-9999.0,8.35,57.48
201203081930,201203082000,1.23308,0.0,0.33,4.414,8.99,1.31102,0.027585,0.885345,0.000179,0.0,-9999.0,8.37,61.54
201203082000,201203082030,1.48449,0.0,0.33,4.068,8.27,1.25129,-0.269164,0.837617,0.00018,0.0,-9999.0,8.37,62.78
201203082030,201203082100,1.31932,0.0,0.318,4.283,8.06,1.23436,-0.116643,0.823591,0.000174,0.0,-9999.0,8.36,60.25
201203082100,201203082130,1.11585,0.0,0.214,4.654,8.3,1.25452,0.102785,0.838309,0.000118,0.0,-9999.0,8.34,57.51
201203082130,201203082200,1.32175,0.0,0.118,4.362,7.71,1.20647,-0.139864,0.800457,6.5e-05,0.0,-9999.0,8.31,58.54
201203082200,201203082230,-9999.0,1.0,0.042,4.147,7.22,1.16726,-0.008694,0.769773,2.3e-05,0.0,-9999.0,8.28,59.24
201203082230,201203082300,-9999.0,1.0,0.057,3.714,6.456,1.10709,-0.064409,0.723638,3.2e-05,0.0,-9999.0,8.24,61.53
201203082300,201203082330,-9999.0,1.0,0.0,4.346,7.22,1.16795,-0.007372,0.768899,0.0,0.0,-9999.0,8.21,57.28
201203082330,201203090000,0.939459,0.0,0.082,3.869,7.04,1.1539,0.202952,0.757618,4.6e-05,0.0,-9999.0,8.17,61.5
201203090000,201203090030,0.797351,0.0,0.0,3.272,6.586,1.11827,0.317382,0.730286,0.0,0.0,-9999.0,8.12,66.41
201203090030,201203090100,0.89642,0.0,0.0,3.292,6.472,1.10965,0.211868,0.725272,0.0,0.0,-9999.0,8.08,65.94
201203090100,201203090130,0.930455,0.0,0.006,3.384,6.134,1.08363,0.15754,0.70712,6e-06,0.0,-9999.0,8.03,64.16
201203090130,201203090200,0.85686,0.0,0.039,3.032,5.105,1.00552,0.168821,0.649873,4.7e-05,0.0,-9999.0,7.99,65.51
201203090200,201203090230,1.67905,0.0,0.121,2.241,3.42,0.883429,-0.753106,0.560433,0.000169,0.0,-9999.0,7.94,71.3
201203090230,201203090300,-9999.0,1.0,0.144,4.475,8.806,1.30091,-0.055496,0.879063,0.000231,0.0,-9999.0,7.89,-9999.0
201203090300,201203090330,-9999.0,1.0,0.21,4.468,8.78,1.2991,-0.056458,0.879797,0.000381,0.0,-9999.0,7.84,-9999.0
201203090330,201203090400,-9999.0,1.0,0.068,4.457,8.745,1.29654,-0.058004,0.879913,0.000138,0.0,-9999.0,7.79,-9999.0
201203090400,201203090430,-9999.0,1.0,0.0,4.447,8.709,1.2939,-0.059615,0.879939,0.0,0.0,-9999.0,7.73,-9999.0
201203090430,201203090500,-9999.0,1.0,0.0,4.461,8.705,1.29394,-0.059159,0.882094,0.0,0.0,-9999.0,7.68,-9999.0
201203090500,201203090530,-9999.0,1.0,0.0,4.471,8.697,1.29365,-0.058962,0.883975,0.0,0.0,-9999.0,7.63,-9999.0
201203090530,201203090600,-9999.0,1.0,0.011,4.446,8.667,1.29151,-0.060189,0.884355,3.1e-05,0.0,-9999.0,7.58,-9999.0
201203090600,201203090630,-9999.0,1.0,0.604,4.454,8.659,1.29121,-0.059993,0.886217,0.001833,0.0,-9999.0,7.52,-9999.0
201203090630,201203090700,-9999.0,1.0,23.11,4.372,9.157,1.33376,-0.09839,0.923172,0.054309,33.9529,-9999.0,7.47,-9999.0
201203090700,201203090730,-9999.0,1.0,118.8,12.004,15.318,1.90138,0.435618,1.41251,0.15615,160.946,-9999.0,7.41,-9999.0
201203090730,201203090800,-9999.0,1.0,229.5,3.316,4.931,0.996043,-0.398155,0.654963,0.22856,289.488,-9999.0,7.36,61.82
201203090800,201203090830,-9999.0,1.0,339.8,3.429,5.582,1.04552,-0.135022,0.695064,0.288769,411.84,-9999.0,7.31,62.26
201203090830,201203090900,-9999.0,1.0,438.5,5.012,8.62,1.28983,-0.135778,0.895511,0.338151,525.909,-9999.0,7.26,55.22
201203090900,201203090930,-9999.0,2.0,527.7,7.074,11.24,1.51859,2.43923,1.09258,0.380253,629.744,-9999.0,7.21,46.98
201203090930,201203091000,-9999.0,2.0,599.8,8.681,12.81,1.66327,1.74045,1.22307,0.41358,721.568,-9999.0,7.17,41.33
201203091000,201203091030,0.590346,0.0,656.1,9.247,13.72,1.74974,1.01012,1.30467,0.43979,799.81,-9999.0,7.14,41.11
201203091030,201203091100,0.512877,0.0,698.1,9.106,13.57,1.73596,1.07811,1.29638,0.460165,863.13,-9999.0,7.13,41.44
201203091100,201203091130,0.278688,0.0,732.0,9.958,14.5,1.82585,1.37783,1.38316,0.477266,910.446,-9999.0,7.13,39.71
201203091130,201203091200,-0.573382,0.0,743.0,10.722,15.23,1.89774,2.28197,1.45498,0.484246,940.948,-9999.0,7.14,38.07
201203091200,201203091230,-9999.0,1.0,739.0,11.203,15.67,1.94181,0.901812,1.50175,0.48715,954.115,-9999.0,7.17,37.09
201203091230,201203091300,-9999.0,1.0,723.0,12.465,16.73,2.0487,0.978278,1.60982,0.483892,949.72,-9999.0,7.21,34.58
201203091300,201203091330,1.2554,0.0,689.4,13.257,17.25,2.10221,0.59944,1.66801,0.477158,927.839,-9999.0,7.26,32.68
201203091330,201203091400,0.751317,0.0,640.9,14.045,17.86,2.16551,1.1483,1.7369,0.466311,888.846,-9999.0,7.3,31.37
201203091400,201203091430,1.22642,0.0,574.5,15.343,18.52,2.23469,0.721806,1.81298,0.448986,833.409,-9999.0,7.36,28.07
201203091430,201203091500,0.699013,0.0,516.9,16.786,19.05,2.29093,1.28865,1.87726,0.434369,762.476,-9999.0,7.43,23.87
201203091500,201203091530,0.991694,0.0,434.7,16.553,18.77,2.26217,0.976805,1.85517,0.414771,677.261,-9999.0,7.51,23.6
201203091530,201203091600,1.10387,0.0,346.9,16.29,18.56,2.24084,0.850541,1.84043,0.390071,579.221,-9999.0,7.6,23.82
201203091600,201203091630,1.08467,0.0,253.2,15.778,18.04,2.18733,0.833276,1.79233,0.357242,470.035,-9999.0,7.69,23.77
201203091630,201203091700,1.35051,0.0,162.2,15.589,18.21,2.20563,0.580788,1.81799,0.312922,351.571,-9999.0,7.78,25.48
201203091700,201203091730,1.05741,0.0,71.4,14.306,17.71,2.15444,0.838892,1.77162,0.230949,225.855,-9999.0,7.87,29.43
201203091730,201203091800,-9999.0,1.0,22.46,11.766,16.08,1.98907,0.618041,1.60763,0.121667,95.0386,-9999.0,7.94,35.64
201203091800,201203091830,-9999.0,1.0,3.86,9.48,14.38,1.82167,0.25485,1.44352,0.02885,3.01779,-9999.0,8.01,42.16
201203091830,201203091900,1.31913,0.0,0.33,7.263,12.67,1.65891,0.22376,1.2864,0.002711,0.0,-9999.0,8.06,50.46
201203091900,201203091930,1.97389,0.0,0.33,6.245,11.74,1.57312,-0.494125,1.20618,0.00278,0.0,-9999.0,8.1,54.72
201203091930,201203092000,1.31658,0.0,0.324,5.664,11.11,1.51619,0.121031,1.15419,0.002796,0.0,-9999.0,8.12,57.18
201203092000,201203092030,1.5764,0.0,0.233,5.539,10.75,1.48422,-0.162412,1.12625,0.002063,0.0,-9999.0,8.13,57.11
201203092030,201203092100,1.17019,0.0,0.197,5.112,10.24,1.43922,0.210154,1.08569,0.001786,0.0,-9999.0,8.14,59.05
201203092100,201203092130,1.23992,0.0,0.259,4.529,9.52,1.37651,0.092951,1.02821,0.002399,0.0,-9999.0,8.14,61.92
201203092130,201203092200,0.916221,0.0,0.1,4.167,8.99,1.3312,0.382169,0.987428,0.00095,0.0,-9999.0,8.13,63.69
201203092200,201203092230,1.2729,0.0,0.057,4.105,8.74,1.31025,0.009685,0.969706,0.000554,0.0,-9999.0,8.11,63.62
201203092230,201203092300,1.19603,0.0,0.08,3.831,8.17,1.26254,0.049791,0.926649,0.000794,0.0,-9999.0,8.09,64.71
201203092300,201203092330,1.27859,0.0,0.012,3.742,8.02,1.25038,-0.041887,0.91706,0.000122,0.0,-9999.0,8.07,65.18
201203092330,201203100000,0.802834,0.0,0.003,3.507,7.81,1.2333,0.420851,0.902763,3.1e-05,0.0,-9999.0,8.04,66.89
201203100000,201203100030,0.739721,0.0,0.001,3.434,7.68,1.2229,0.476179,0.89471,1.1e-05,0.0,-9999.0,8.01,67.29
201203100030,201203100100,1.24142,0.0,0.0,3.301,7.54,1.21173,-0.033947,0.885857,0.0,0.0,-9999.0,7.98,68.26
201203100100,201203100130,0.945293,0.0,0.0,3.576,7.44,1.20387,0.256359,0.880088,0.0,0.0,-9999.0,7.94,65.38
201203100130,201203100200,1.04182,0.0,0.0,4.016,7.13,1.17892,0.140429,0.858105,0.0,0.0,-9999.0,7.91,60.28
201203100200,201203100230,1.24591,0.0,0.0,4.993,7.31,1.19393,-0.051355,0.8739,0.0,0.0,-9999.0,7.87,51.23
201203100230,201203100300,0.919246,0.0,0.0,5.423,7.07,1.17473,0.260441,0.857218,0.0,0.0,-9999.0,7.83,46.15
201203100300,201203100330,1.41006,0.0,0.0,6.096,7.32,1.19544,-0.213528,0.878547,0.0,0.0,-9999.0,7.79,40.49
201203100330,201203100400,-9999.0,1.0,0.0,4.11,8.572,1.30015,-0.080329,0.982336,0.0,0.0,-9999.0,7.75,-9999.0
201203100400,201203100430,-9999.0,1.0,0.0,4.089,8.551,1.29875,-0.12842,0.98294,0.0,0.0,-9999.0,7.71,-9999.0
201203100430,201203100500,-9999.0,1.0,0.0,4.068,8.525,1.29692,-0.129434,0.983107,0.0,0.0,-9999.0,7.67,-9999.0
201203100500,201203100530,-9999.0,1.0,0.0,4.047,8.495,1.29475,-0.112754,0.982919,0.0,0.0,-9999.0,7.64,-9999.0
201203100530,201203100600,-9999.0,1.0,0.0,4.027,8.47,1.29301,-0.113704,0.983137,0.0,0.0,-9999.0,7.6,-9999.0
201203100600,201203100630,-9999.0,1.0,0.475,4.007,8.445,1.29126,-0.097806,0.98334,0.006142,0.0,-9999.0,7.56,-9999.0
201203100630,201203100700,-9999.0,1.0,13.08,4.244,8.73,1.31589,-0.064695,1.01025,0.136122,38.7125,-9999.0,7.52,-9999.0
201203100700,201203100730,-9999.0,1.0,113.1,10.066,14.097,1.80787,0.332099,1.54406,0.460469,167.392,-9999.0,7.48,-9999.0
201203100730,201203100800,-9999.0,1.0,223.2,5.953,8.7,1.31409,-0.433073,1.01249,0.561625,295.928,-9999.0,7.44,47.1
201203100800,201203100830,0.074981,0.0,330.5,6.528,10.02,1.42814,1.30815,1.13476,0.61782,418.274,-9999.0,7.41,46.93
201203100830,201203100900,-9999.0,1.0,429.4,10.623,15.717,1.96658,0.466312,1.74665,0.656228,532.339,-9999.0,7.37,-9999.0
201203100900,201203100930,-9999.0,1.0,519.6,11.568,16.595,2.05433,0.708326,1.85965,0.685184,636.169,-9999.0,7.34,-9999.0
201203100930,201203101000,-9999.0,2.0,591.3,9.669,13.34,1.73146,1.15452,1.48405,0.708434,727.989,-9999.0,7.32,36.88
201203101000,201203101030,-9999.0,1.0,647.4,9.842,13.6,1.75543,0.302393,1.51747,0.725609,806.227,-9999.0,7.31,36.83
201203101030,201203101100,-9999.0,1.0,690.9,10.288,14.09,1.80178,0.537833,1.5777,0.739147,869.545,-9999.0,7.31,36.04
201203101100,201203101130,-9999.0,1.0,724.0,10.9,14.58,1.84856,0.922325,1.63958,0.749891,916.859,-9999.0,7.31,34.35
201203101130,201203101200,1.75278,0.0,740.0,11.549,15.26,1.91457,0.002092,1.72603,0.757469,947.359,-9999.0,7.34,33.42
201203101200,201203101230,0.526724,0.0,735.0,12.003,15.78,1.96534,1.26615,1.7955,0.761975,960.525,-9999.0,7.37,33.07
201203101230,201203101300,1.77684,0.0,716.0,12.845,16.52,2.03883,0.070221,1.89494,0.764052,956.13,-9999.0,7.41,31.68
201203101300,201203101330,1.71106,0.0,685.3,13.337,17.0,2.08659,0.17148,1.96363,0.764894,934.25,-9999.0,7.46,31.19
201203101330,201203101400,1.17268,0.0,638.3,13.339,17.12,2.09771,0.719083,1.98614,0.763677,895.259,-9999.0,7.51,31.7
201203101400,201203101430,1.76747,0.0,580.9,13.379,17.12,2.09656,0.124734,1.9929,0.76035,839.825,-9999.0,7.56,31.5
201203101430,201203101500,1.46576,0.0,509.8,13.261,16.9,2.07294,0.41078,1.9704,0.75368,768.895,-9999.0,7.63,31.15
201203101500,201203101530,2.50562,0.0,429.2,12.798,16.38,2.01908,-0.666614,1.90844,0.742855,683.684,-9999.0,7.71,31.32
201203101530,201203101600,1.45067,0.0,339.9,12.628,16.05,1.98478,0.364738,1.87166,0.72462,585.649,-9999.0,7.79,30.79
201203101600,201203101630,1.27947,0.0,246.4,12.049,15.45,1.92389,0.492828,1.80044,0.693433,476.467,-9999.0,7.88,31.38
201203101630,201203101700,1.35725,0.0,156.9,11.752,15.15,1.8932,0.393769,1.76798,0.636799,358.008,-9999.0,7.96,31.77
201203101700,201203101730,0.906294,0.0,70.3,10.905,14.36,1.815,0.788269,1.67467,0.497956,232.298,-9999.0,8.03,33.38
201203101730,201203101800,1.75861,0.0,21.85,9.958,13.36,1.71816,-0.135056,1.55858,0.266093,101.487,-9999.0,8.09,35.08
201203101800,201203101830,1.64415,0.0,4.035,8.832,12.29,1.61697,-0.095841,1.43852,0.067081,4.5523,-9999.0,8.14,38.24
201203101830,201203101900,1.85672,0.0,0.228,8.028,11.6,1.55276,-0.356359,1.36493,0.004144,0.0,-9999.0,8.18,41.25
201203101900,201203101930,1.36432,0.0,0.154,6.695,10.71,1.4718,0.074643,1.27174,0.002836,0.0,-9999.0,8.2,48.02
201203101930,201203102000,1.41895,0.0,0.07,6.237,10.17,1.42328,-0.016789,1.218,0.001306,0.0,-9999.0,8.22,49.8
201203102000,201203102030,1.55538,0.0,0.057,5.806,9.56,1.36943,-0.194534,1.15822,0.001075,0.0,-9999.0,8.22,51.32
201203102030,201203102100,1.36815,0.0,0.017,5.492,9.16,1.33437,-0.034108,1.1207,0.000325,0.0,-9999.0,8.22,52.69
201203102100,201203102130,1.40929,0.0,0.006,5.218,8.84,1.30647,-0.096528,1.09156,0.000116,0.0,-9999.0,8.21,54.07
201203102130,201203102200,1.32526,0.0,0.0,5.298,8.75,1.29815,-0.018249,1.08517,0.0,0.0,-9999.0,8.19,53.08
201203102200,201203102230,1.2898,0.0,0.0,5.23,8.59,1.28399,0.006768,1.07191,0.0,0.0,-9999.0,8.17,53.18
201203102230,201203102300,1.28032,0.0,0.0,5.144,8.47,1.27325,0.008504,1.06255,0.0,0.0,-9999.0,8.15,53.57
201203102300,201203102330,1.11135,0.0,0.0,5.02,8.29,1.25756,0.16573,1.04736,0.0,0.0,-9999.0,8.12,54.13
201203102330,201203110000,1.00914,0.0,0.0,5.063,8.35,1.26184,0.272248,1.05548,0.0,0.0,-9999.0,8.09,53.93
201203110000,201203110030,0.886227,0.0,0.0,4.819,8.16,1.24541,0.382765,1.03926,0.0,0.0,-9999.0,8.06,55.58
201203110030,201203110100,1.21631,0.0,0.0,4.841,7.96,1.22826,0.039652,1.01733,0.0,0.0,-9999.0,8.03,54.76
201203110100,201203110130,1.34776,0.0,0.0,4.652,7.8,1.21449,-0.102137,0.999481,0.0,0.0,-9999.0,7.99,56.05
201203110130,201203110200,1.54825,0.0,0.0,4.585,7.51,1.19026,-0.321542,0.969779,0.0,0.0,-9999.0,7.96,55.82
201203110200,201203110230,-9999.0,1.0,0.0,5.007,8.01,1.2303,-0.023554,1.01405,0.0,0.0,-9999.0,7.93,53.37
201203110230,201203110300,-9999.0,1.0,0.0,4.892,8.21,1.24606,-0.002776,1.03042,0.0,0.0,-9999.0,7.89,55.06
201203110300,201203110330,1.02387,0.0,0.0,4.682,8.13,1.23878,0.244884,1.02006,0.0,0.0,-9999.0,7.86,56.75
201203110330,201203110400,-9999.0,1.0,0.0,3.715,8.474,1.26649,-0.144856,1.05029,0.0,0.0,-9999.0,7.82,-9999.0
201203110400,201203110430,-9999.0,1.0,0.0,3.698,8.462,1.26479,-0.172033,1.04632,0.0,0.0,-9999.0,7.79,-9999.0
201203110430,201203110500,-9999.0,1.0,0.0,3.698,8.462,1.26408,-0.171734,1.04352,0.0,0.0,-9999.0,7.75,-9999.0
201203110500,201203110530,-9999.0,1.0,0.0,3.698,8.462,1.26337,-0.171435,1.04071,0.0,0.0,-9999.0,7.72,-9999.0
201203110530,201203110600,-9999.0,1.0,0.0,3.698,8.462,1.26266,-0.171136,1.03791,0.0,0.0,-9999.0,7.69,-9999.0
201203110600,201203110630,-9999.0,1.0,0.594,3.698,8.462,1.26195,-0.170837,1.0351,0.010605,0.0,-9999.0,7.66,-9999.0
201203110630,201203110700,-9999.0,1.0,30.85,3.494,8.882,1.29619,-0.248735,1.07266,0.333114,43.7742,-9999.0,7.63,-9999.0
201203110700,201203110730,-9999.0,1.0,147.1,9.787,14.371,1.78794,0.146578,1.68137,0.637749,173.835,-9999.0,7.6,-9999.0
201203110730,201203110800,-9999.0,1.0,256.9,6.109,9.47,1.34429,-0.045198,1.12456,0.714471,302.358,-9999.0,7.57,48.46
201203110800,201203110830,-9999.0,1.0,363.1,6.132,9.76,1.36826,1.51395,1.15054,0.752857,424.694,-9999.0,7.54,49.27
201203110830,201203110900,0.338123,0.0,457.2,6.378,10.32,1.41575,1.08286,1.20457,0.775764,538.747,-9999.0,7.52,49.18
201203110900,201203110930,-9999.0,1.0,545.0,6.869,10.98,1.47269,0.298376,1.27055,0.792877,642.568,-9999.0,7.5,47.62
201203110930,201203111000,-9999.0,2.0,619.5,7.695,11.74,1.5395,1.3605,1.34942,0.805286,734.379,-9999.0,7.48,44.2
201203111000,201203111030,-9999.0,1.0,677.7,8.619,12.42,1.60015,1.02197,1.42169,0.813724,812.61,-9999.0,7.47,40.24
201203111030,201203111100,-9999.0,1.0,723.0,9.984,13.44,1.69327,0.975506,1.53592,0.819493,875.921,-9999.0,7.47,35.25
201203111100,201203111130,1.15629,0.0,755.0,10.968,14.14,1.75989,0.544722,1.61556,0.822654,923.231,-9999.0,7.48,32.03
201203111130,201203111200,-9999.0,1.0,765.0,11.691,14.73,1.81698,0.843894,1.68349,0.82124,953.729,-9999.0,7.5,30.26
201203111200,201203111230,-9999.0,1.0,760.0,11.906,15.03,1.84675,0.938427,1.71612,0.81652,966.893,-9999.0,7.53,30.34
201203111230,201203111300,0.99364,0.0,745.0,12.393,15.51,1.8942,0.813766,1.77187,0.809354,962.499,-9999.0,7.57,29.69
201203111300,201203111330,0.774111,0.0,714.0,12.606,15.61,1.90491,1.04281,1.7795,0.797977,940.621,-9999.0,7.61,28.94
201203111330,201203111400,0.917734,0.0,660.0,13.099,16.02,1.94606,0.931688,1.82698,0.779965,901.634,-9999.0,7.65,28.07
201203111400,201203111430,1.26462,0.0,599.9,13.535,16.39,1.9836,0.614491,1.86974,0.758929,846.204,-9999.0,7.7,27.41
201203111430,201203111500,1.3485,0.0,533.6,13.59,16.38,1.9836,0.532083,1.86296,0.734292,775.281,-9999.0,7.76,27.07
201203111500,201203111530,1.85202,0.0,452.0,13.132,16.0,1.94704,0.002466,1.80845,0.702031,690.078,-9999.0,7.83,27.8
201203111530,201203111600,1.08265,0.0,358.0,12.818,15.8,1.92834,0.759132,1.77769,0.660179,592.052,-9999.0,7.91,28.62
201203111600,201203111630,1.05464,0.0,264.5,12.088,14.95,1.84647,0.726242,1.66682,0.609042,482.881,-9999.0,7.98,28.91
201203111630,201203111700,1.35852,0.0,174.4,11.979,14.58,1.81174,0.397113,1.61719,0.541219,364.433,-9999.0,8.05,27.85
201203111700,201203111730,1.94473,0.0,85.2,11.454,13.81,1.73926,-0.243707,1.52179,0.422753,238.735,-9999.0,8.12,27.48
201203111730,201203111800,1.6906,0.0,31.48,10.387,12.76,1.6419,-0.064267,1.39881,0.254105,107.936,-9999.0,8.17,29.57
201203111800,201203111830,1.779,0.0,6.714,9.199,11.54,1.53139,-0.238889,1.26426,0.077298,6.38784,-9999.0,8.22,32.41
201203111830,201203111900,0.943556,0.0,0.273,8.466,10.61,1.4494,0.531942,1.16633,0.003508,0.0,-9999.0,8.25,33.83
201203111900,201203111930,1.39439,0.0,0.137,8.022,9.96,1.3934,0.036823,1.09978,0.001737,0.0,-9999.0,8.26,34.52
201203111930,201203112000,-9999.0,1.0,0.025,7.74,9.54,1.35794,0.101872,1.05698,0.000313,0.0,-9999.0,8.28,35.01
201203112000,201203112030,-9999.0,1.0,0.0,7.522,9.25,1.33388,0.0829,1.02713,0.0,0.0,-9999.0,8.28,35.6
201203112030,201203112100,1.66141,0.0,0.001,7.043,8.85,1.30072,-0.303089,0.988009,1.2e-05,0.0,-9999.0,8.26,38.05
201203112100,201203112130,0.950577,0.0,0.0,6.765,8.47,1.26958,0.382911,0.951619,0.0,0.0,-9999.0,8.25,38.94
201203112130,201203112200,1.13086,0.0,0.0,6.662,8.28,1.25444,0.191011,0.932382,0.0,0.0,-9999.0,8.22,39.09
201203112200,201203112230,1.10155,0.0,0.0,6.475,7.99,1.23114,0.201813,0.904959,0.0,0.0,-9999.0,8.2,39.62
201203112230,201203112300,1.11293,0.0,0.0,6.381,7.85,1.22028,0.182288,0.89055,0.0,0.0,-9999.0,8.16,39.93
201203112300,201203112330,1.30054,0.0,0.0,6.442,7.82,1.21843,-0.005892,0.885414,0.0,0.0,-9999.0,8.13,39.23
201203112330,201203120000,1.35296,0.0,0.0,6.429,7.78,1.21577,-0.059576,0.879471,0.0,0.0,-9999.0,8.1,39.18
201203120000,201203120030,0.549116,0.0,0.0,6.26,7.66,1.20658,0.737484,0.867,0.0,0.0,-9999.0,8.06,40.3
201203120030,201203120100,0.953472,0.0,0.0,6.108,7.45,1.19012,0.32015,0.84739,0.0,0.0,-9999.0,8.02,40.9
201203120100,201203120130,1.35517,0.0,0.0,5.898,7.18,1.16891,-0.098622,0.823341,0.0,0.0,-9999.0,7.98,41.87
201203120130,201203120200,2.11598,0.0,0.0,5.888,7.18,1.1695,-0.857987,0.820869,0.0,0.0,-9999.0,7.94,41.97
201203120200,201203120230,2.18173,0.0,0.0,6.001,7.46,1.19271,-0.90302,0.840568,0.0,0.0,-9999.0,7.9,41.98
201203120230,201203120300,1.60493,0.0,0.0,5.691,7.36,1.18519,-0.331655,0.830091,0.0,0.0,-9999.0,7.86,44.6
201203120300,201203120330,0.516563,0.0,0.0,5.458,7.17,1.17044,0.745075,0.812674,0.0,0.0,-9999.0,7.82,46.17
201203120330,201203120400,-9999.0,1.0,0.001,3.976,8.699,1.29708,-0.09194,0.934394,9e-06,0.0,-9999.0,7.78,-9999.0
201203120400,201203120430,-9999.0,1.0,0.0,3.995,8.724,1.29984,-0.088608,0.933636,0.0,0.0,-9999.0,7.74,-9999.0
201203120430,201203120500,-9999.0,1.0,0.0,4.015,8.749,1.30259,-0.08527,0.932867,0.0,0.0,-9999.0,7.7,-9999.0
201203120500,201203120530,-9999.0,1.0,0.0,4.035,8.776,1.30553,-0.081786,0.932256,0.0,0.0,-9999.0,7.66,-9999.0
201203120530,201203120600,-9999.0,1.0,0.0,4.035,8.776,1.30618,-0.080214,0.929364,0.0,0.0,-9999.0,7.63,-9999.0
201203120600,201203120630,-9999.0,1.0,0.703,4.035,8.776,1.30682,-0.078642,0.926473,0.00567,0.0,-9999.0,7.59,-9999.0
201203120630,201203120700,-9999.0,1.0,27.72,3.905,9.295,1.35178,-0.130638,0.967478,0.143554,49.149,-9999.0,7.56,-9999.0
201203120700,201203120730,-9999.0,1.0,64.09,10.041,15.205,1.89941,0.481558,1.548,0.227632,180.273,-9999.0,7.52,-9999.0
201203120730,201203120800,-9999.0,1.0,269.0,6.296,8.56,1.2905,-0.038716,0.900003,0.412541,308.778,-9999.0,7.49,43.52
201203120800,201203120830,-0.338624,0.0,373.2,7.076,9.58,1.37842,1.78569,0.982743,0.468944,431.095,-9999.0,7.46,40.75
201203120830,201203120900,-9999.0,1.0,470.2,11.218,15.893,1.97063,1.12529,1.61027,0.517363,545.132,-9999.0,7.44,-9999.0
201203120900,201203120930,-9999.0,1.0,554.8,12.368,16.619,2.04476,0.85314,1.68851,0.557886,648.938,-9999.0,7.41,-9999.0
201203120930,201203121000,-9999.0,2.0,632.0,9.7,12.19,1.61506,1.44755,1.21105,0.59433,740.736,-9999.0,7.39,31.72
201203121000,201203121030,-9999.0,1.0,688.4,9.943,12.38,1.63353,1.19987,1.22553,0.620003,818.955,-9999.0,7.38,30.88
201203121030,201203121100,-9999.0,1.0,728.0,10.959,13.36,1.72674,1.06353,1.31869,0.637134,882.258,-9999.0,7.38,28.55
201203121100,201203121130,-9999.0,1.0,758.0,11.85,14.17,1.8055,0.955747,1.39754,0.649487,929.561,-9999.0,7.38,26.71
201203121130,201203121200,0.684073,0.0,770.0,12.534,14.74,1.86202,1.16212,1.45295,0.652394,960.054,-9999.0,7.4,25.28
201203121200,201203121230,0.613266,0.0,770.0,13.128,15.22,1.91031,1.27216,1.49957,0.648854,973.217,-9999.0,7.43,24.12
201203121230,201203121300,0.683364,0.0,751.0,14.057,15.73,1.96208,1.24387,1.55011,0.634716,968.823,-9999.0,7.47,21.37
201203121300,201203121330,1.46824,0.0,717.0,15.124,16.56,2.04684,0.526174,1.63734,0.611783,946.948,-9999.0,7.52,19.76
201203121330,201203121400,1.56129,0.0,665.1,15.598,17.19,2.11232,0.485034,1.70364,0.577942,907.966,-9999.0,7.56,20.49
201203121400,201203121430,0.921254,0.0,603.6,15.553,17.31,2.12573,1.13685,1.71166,0.537482,852.545,-9999.0,7.61,21.32
201203121430,201203121500,1.57804,0.0,526.7,15.72,17.52,2.14848,0.499026,1.73006,0.486469,781.632,-9999.0,7.67,21.52
201203121500,201203121530,1.1468,0.0,440.1,15.076,17.25,2.12162,0.911143,1.6931,0.427615,696.441,-9999.0,7.75,23.44
201203121530,201203121600,2.0288,0.0,352.0,14.381,16.96,2.09281,0.008427,1.65442,0.365355,598.43,-9999.0,7.83,25.62
201203121600,201203121630,1.41217,0.0,260.2,13.45,16.38,2.03456,0.581401,1.58426,0.297331,489.275,-9999.0,7.91,27.82
201203121630,201203121700,0.905935,0.0,168.9,13.568,16.53,2.05084,1.10172,1.59527,0.224112,370.844,-9999.0,7.99,27.88
201203121700,201203121730,1.25938,0.0,73.2,13.139,16.17,2.01522,0.722007,1.5505,0.132394,245.163,-9999.0,8.06,28.54
201203121730,201203121800,0.081977,0.0,31.49,11.969,15.17,1.91568,1.82278,1.43926,0.072822,114.384,-9999.0,8.13,30.6
201203121800,201203121830,-9999.0,1.0,4.237,10.694,14.04,1.8053,0.302225,1.32001,0.012775,8.53646,-9999.0,8.18,33.3
201203121830,201203121900,-9999.0,1.0,0.328,9.985,13.42,1.74615,0.082836,1.25519,0.000986,0.0,-9999.0,8.22,35.16
201203121900,201203121930,-9999.0,1.0,0.218,9.373,12.93,1.7001,-0.100384,1.20451,0.000612,0.0,-9999.0,8.25,37.15
201203121930,201203122000,-9999.0,1.0,0.134,9.066,12.72,1.68098,-0.072609,1.18085,0.000349,0.0,-9999.0,8.27,38.37
201203122000,201203122030,-9999.0,1.0,0.255,7.785,11.54,1.57136,0.003956,1.071,0.000611,0.0,-9999.0,8.27,42.8
201203122030,201203122100,-9999.0,1.0,0.055,7.566,11.3,1.55003,0.029399,1.04655,0.000121,0.0,-9999.0,8.28,43.52
201203122100,201203122130,-9999.0,1.0,0.002,7.125,10.94,1.51786,0.076635,1.01235,4e-06,0.0,-9999.0,8.27,45.52
201203122130,201203122200,2.98808,0.0,0.0,6.805,10.83,1.5086,-1.40297,0.999631,0.0,0.0,-9999.0,8.26,47.59
201203122200,201203122230,-9999.0,1.0,0.0,6.393,10.53,1.48217,0.197917,0.971394,0.0,0.0,-9999.0,8.24,49.77
201203122230,201203122300,-9999.0,1.0,0.001,5.611,9.9,1.4265,0.139056,0.917395,1e-06,0.0,-9999.0,8.21,54.01
201203122300,201203122330,-9999.0,1.0,0.0,5.568,9.41,1.38395,0.140106,0.876063,0.0,0.0,-9999.0,8.19,52.84
201203122330,201203130000,-9999.0,1.0,0.001,5.544,9.03,1.35147,0.138052,0.844194,1e-06,0.0,-9999.0,8.16,51.82
201203130000,201203130030,-9999.0,1.0,0.001,5.232,8.65,1.31931,0.102823,0.813108,1e-06,0.0,-9999.0,8.13,53.35
201203130030,201203130100,-9999.0,1.0,0.0,5.534,8.88,1.33979,0.124788,0.832795,0.0,0.0,-9999.0,8.1,51.42
201203130100,201203130130,-9999.0,1.0,0.0,5.187,8.52,1.30944,0.101555,0.809097,0.0,0.0,-9999.0,8.06,53.34
201203130130,201203130200,-9999.0,1.0,0.001,4.424,7.45,1.21979,0.010676,0.736259,1e-06,0.0,-9999.0,8.03,57.2
201203130200,201203130230,-9999.0,1.0,0.0,3.921,9.1,1.36086,-0.023732,0.857379,0.0,0.0,-9999.0,7.99,-9999.0
201203130230,201203130300,-9999.0,1.0,0.0,5.557,8.81,1.33633,0.109636,0.838552,0.0,0.0,-9999.0,7.95,50.99
201203130300,201203130330,-9999.0,1.0,0.0,3.89,9.112,1.36323,-0.019637,0.863731,0.0,0.0,-9999.0,7.91,-9999.0
201203130330,201203130400,-9999.0,1.0,0.0,3.874,9.115,1.36416,-0.017814,0.866681,0.0,0.0,-9999.0,7.88,-9999.0
201203130400,201203130430,-9999.0,1.0,0.0,3.858,9.119,1.36517,-0.015914,0.869706,0.0,0.0,-9999.0,7.84,-9999.0
201203130430,201203130500,-9999.0,1.0,0.0,3.841,9.122,1.36609,-0.014089,0.872657,0.0,0.0,-9999.0,7.8,-9999.0
201203130500,201203130530,-9999.0,1.0,0.0,3.825,9.124,1.36693,-0.012339,0.875532,0.0,0.0,-9999.0,7.76,-9999.0
201203130530,201203130600,-9999.0,1.0,0.0,3.809,9.122,1.36742,-0.010889,0.878108,0.0,0.0,-9999.0,7.73,-9999.0
201203130600,201203130630,-9999.0,1.0,1.212,3.793,9.118,1.36773,-0.009591,0.880534,0.000998,0.0,-9999.0,7.69,-9999.0
201203130630,201203130700,-9999.0,1.0,40.54,3.846,9.819,1.43039,-0.026611,0.93653,0.033561,58.9458,-9999.0,7.66,-9999.0
201203130700,201203130730,-9999.0,1.0,153.5,9.543,15.143,1.93832,0.516788,1.40201,0.127453,191.063,-9999.0,7.62,-9999.0
201203130730,201203130800,-9999.0,1.0,263.8,8.49,13.977,1.82297,0.652092,1.29423,0.21971,319.372,-9999.0,7.59,-9999.0
201203130800,201203130830,-9999.0,1.0,354.0,9.839,14.259,1.85174,0.711932,1.32267,0.29595,441.423,-9999.0,7.56,-9999.0
201203130830,201203130900,-9999.0,1.0,235.1,8.659,14.001,1.8271,0.658031,1.3011,0.198716,555.127,-9999.0,7.53,-9999.0
201203130900,201203130930,-9999.0,1.0,274.8,8.801,14.182,1.84589,0.674595,1.32013,0.233538,658.54,-9999.0,7.51,-9999.0
201203130930,201203131000,-9999.0,2.0,307.4,9.151,13.34,1.76401,0.934259,1.24587,0.262724,749.891,-9999.0,7.5,40.26
201203131000,201203131030,1.05598,0.0,360.4,9.454,13.74,1.80402,0.802778,1.2843,0.309541,827.618,-9999.0,7.49,39.87
201203131030,201203131100,0.857528,0.0,467.9,9.843,14.19,1.84936,1.03947,1.32778,0.403106,890.391,-9999.0,7.5,39.2
201203131100,201203131130,1.10151,0.0,393.6,10.825,14.99,1.93036,0.862421,1.40479,0.342211,937.136,-9999.0,7.52,36.5
201203131130,201203131200,0.735246,0.0,444.6,11.549,15.69,2.00245,1.288,1.474,0.388453,967.053,-9999.0,7.55,35.23
201203131200,201203131230,1.22783,0.0,432.8,12.276,16.37,2.07348,0.853535,1.54262,0.380784,979.63,-9999.0,7.59,34.08
201203131230,201203131300,1.46463,0.0,759.0,13.051,17.0,2.14019,0.671109,1.60746,0.664995,974.651,-9999.0,7.64,32.67
201203131300,201203131330,0.838,0.0,778.0,14.331,17.9,2.23638,1.37501,1.70116,0.685685,952.203,-9999.0,7.7,30.15
201203131330,201203131400,0.917182,0.0,655.0,15.494,18.69,2.32219,1.36444,1.78537,0.583359,912.669,-9999.0,7.76,28.13
201203131400,201203131430,1.27864,0.0,585.3,16.087,19.18,2.37642,1.0467,1.8389,0.52583,856.725,-9999.0,7.83,27.63
201203131430,201203131500,1.59095,0.0,540.5,16.536,19.53,2.41576,0.766459,1.87778,0.489397,785.329,-9999.0,7.91,27.21
201203131500,201203131530,1.32623,0.0,482.7,16.73,19.57,2.4213,1.03706,1.88332,0.440657,699.703,-9999.0,8.0,26.54
201203131530,201203131600,1.61679,0.0,355.8,16.961,19.66,2.43233,0.756642,1.89423,0.328193,601.311,-9999.0,8.1,25.94
201203131600,201203131630,2.36353,0.0,258.2,15.299,19.1,2.37227,-0.035114,1.83575,0.240406,491.837,-9999.0,8.2,30.83
201203131630,201203131700,1.75724,0.0,165.6,15.194,19.02,2.3647,0.56685,1.82867,0.155604,373.154,-9999.0,8.3,30.96
201203131700,201203131730,0.636,0.0,76.5,14.911,18.7,2.33109,1.66341,1.79659,0.072531,247.293,-9999.0,8.38,30.88
201203131730,201203131800,-9999.0,1.0,24.75,12.841,17.33,2.18537,1.37868,1.65853,0.023648,116.408,-9999.0,8.46,35.12
201203131800,201203131830,-9999.0,1.0,4.949,11.277,15.89,2.03563,0.768492,1.51996,0.00476,9.26684,-9999.0,8.52,37.56
201203131830,201203131900,2.13403,0.0,0.33,10.049,14.77,1.922,-0.156868,1.41736,0.000319,0.0,-9999.0,8.57,40.21
201203131900,201203131930,1.25602,0.0,0.33,9.607,14.4,1.88559,0.692688,1.38591,0.000321,0.0,-9999.0,8.61,41.46
201203131930,201203132000,1.43811,0.0,0.328,8.191,13.18,1.76533,0.412623,1.28026,0.000321,0.0,-9999.0,8.63,45.97
201203132000,201203132030,1.41403,0.0,0.326,6.896,11.86,1.6386,0.331717,1.1712,0.000321,0.0,-9999.0,8.64,50.39
201203132030,201203132100,2.10255,0.0,0.301,6.334,11.2,1.57702,-0.407899,1.12008,0.000298,0.0,-9999.0,8.64,52.4
201203132100,201203132130,1.11033,0.0,0.217,6.078,10.64,1.52561,0.541473,1.07824,0.000216,0.0,-9999.0,8.64,52.59
201203132130,201203132200,1.25995,0.0,0.163,5.153,9.42,1.41522,0.297389,0.987454,0.000163,0.0,-9999.0,8.62,56.38
201203132200,201203132230,1.26429,0.0,0.196,4.342,8.23,1.31096,0.202338,0.903486,0.000198,0.0,-9999.0,8.6,60.17
201203132230,201203132300,1.25181,0.0,0.297,3.164,6.507,1.16598,0.085557,0.788494,0.000301,0.0,-9999.0,8.57,67.34
201203132300,201203132330,0.840543,0.0,0.289,2.704,5.954,1.12144,0.457017,0.755385,0.000295,0.0,-9999.0,8.54,71.0
201203132330,201203140000,1.40091,0.0,0.129,2.874,6.244,1.14553,-0.080425,0.776807,0.000132,0.0,-9999.0,8.5,69.79
201203140000,201203140030,1.48092,0.0,0.129,2.427,5.375,1.07614,-0.223434,0.724286,0.000133,0.0,-9999.0,8.46,72.9
201203140030,201203140100,-9999.0,1.0,0.051,3.187,6.828,1.19479,-0.046567,0.820722,5.3e-05,0.0,-9999.0,8.41,67.82
201203140100,201203140130,-9999.0,1.0,0.0,4.971,9.09,1.39041,0.200239,0.982053,0.0,0.0,-9999.0,8.37,56.98
201203140130,201203140200,0.068669,0.0,0.004,5.471,9.43,1.42152,1.50245,1.00992,4e-06,0.0,-9999.0,8.33,53.72
201203140200,201203140230,2.1958,0.0,0.05,3.439,6.492,1.16863,-0.84982,0.806708,5.3e-05,0.0,-9999.0,8.28,64.46
201203140230,201203140300,0.496033,0.0,0.034,2.896,5.49,1.08786,0.776478,0.745052,3.6e-05,0.0,-9999.0,8.23,67.93
201203140300,201203140330,1.54761,0.0,0.0,4.727,8.11,1.30678,-0.075018,0.922459,0.0,0.0,-9999.0,8.18,56.28
201203140330,201203140400,-0.143167,0.0,0.0,4.695,8.09,1.30566,1.61573,0.923796,0.0,0.0,-9999.0,8.14,56.52
201203140400,201203140430,-9999.0,1.0,0.0,3.56,9.323,1.41527,0.076991,1.01557,0.0,0.0,-9999.0,8.09,-9999.0
201203140430,201203140500,-9999.0,1.0,0.0,3.547,9.328,1.41639,0.079004,1.01866,0.0,0.0,-9999.0,8.04,-9999.0
201203140500,201203140530,-9999.0,1.0,0.0,3.533,9.332,1.41742,0.080938,1.02167,0.0,0.0,-9999.0,7.99,-9999.0
201203140530,201203140600,-9999.0,1.0,0.0,3.52,9.336,1.41845,0.082872,1.02469,0.0,0.0,-9999.0,7.94,-9999.0
201203140600,201203140630,-9999.0,1.0,1.347,3.507,9.339,1.41939,0.084728,1.02763,0.001483,0.0,-9999.0,7.9,-9999.0
201203140630,201203140700,-9999.0,1.0,44.31,3.583,10.175,1.49631,0.070559,1.09302,0.048968,65.1454,-9999.0,7.86,-9999.0
201203140700,201203140730,-9999.0,1.0,170.5,7.263,15.16,1.9851,0.799877,1.5074,0.188725,197.484,-9999.0,7.82,-9999.0
201203140730,201203140800,-9999.0,1.0,297.5,7.732,12.51,1.71964,1.27667,1.28306,0.329824,325.761,-9999.0,7.78,46.71
201203140800,201203140830,-9999.0,1.0,393.8,10.64,15.261,1.99742,0.799193,1.52069,0.437666,447.782,-9999.0,7.75,-9999.0
201203140830,201203140900,-9999.0,1.0,482.9,10.589,15.921,2.06715,1.45245,1.58188,0.538126,561.459,-9999.0,7.73,-9999.0
201203140900,201203140930,-9999.0,1.0,566.9,11.278,16.02,2.07852,1.08253,1.59284,0.63351,664.846,-9999.0,7.7,38.07
201203140930,201203141000,-9999.0,1.0,638.8,12.754,16.89,2.1717,1.32578,1.67413,0.716103,756.175,-9999.0,7.69,33.74
201203141000,201203141030,0.848802,0.0,697.3,12.631,16.89,2.17273,1.37501,1.67598,0.784423,833.883,-9999.0,7.68,34.38
201203141030,201203141100,-9999.0,1.0,739.0,13.151,17.41,2.22959,1.43634,1.72581,0.834623,896.641,-9999.0,7.69,33.89
201203141100,201203141130,-9999.0,1.0,766.0,14.071,18.13,2.30879,1.5851,1.79479,0.868874,943.374,-9999.0,7.71,32.4
201203141130,201203141200,1.13779,0.0,778.0,14.224,18.33,2.33176,1.21866,1.81521,0.886662,973.284,-9999.0,7.75,32.52
201203141200,201203141230,0.877893,0.0,773.0,14.651,18.61,2.36363,1.50558,1.84318,0.885522,985.857,-9999.0,7.8,31.7
201203141230,201203141300,1.24797,0.0,755.0,15.457,19.26,2.43672,1.19531,1.90646,0.869659,980.88,-9999.0,7.86,30.81
201203141300,201203141330,1.64616,0.0,724.0,16.221,19.54,2.4691,0.824412,1.93458,0.83881,958.437,-9999.0,7.93,28.64
201203141330,201203141400,0.764366,0.0,676.8,17.098,19.89,2.50952,1.73981,1.96944,0.789014,918.913,-9999.0,7.99,26.4
201203141400,201203141430,1.1278,0.0,617.2,17.158,20.0,2.52308,1.3887,1.98118,0.724238,862.983,-9999.0,8.06,26.64
201203141430,201203141500,1.19124,0.0,543.5,17.105,19.82,2.504,1.31175,1.96503,0.642151,791.605,-9999.0,8.14,26.05
201203141500,201203141530,0.990279,0.0,460.0,16.752,19.67,2.48833,1.50186,1.95189,0.547366,705.999,-9999.0,8.23,26.9
201203141530,201203141600,1.54723,0.0,367.7,16.226,19.33,2.45141,0.917111,1.92092,0.440741,607.631,-9999.0,8.33,27.68
201203141600,201203141630,1.36232,0.0,271.9,15.567,18.83,2.39689,1.05999,1.87541,0.328319,498.184,-9999.0,8.43,28.42
201203141630,201203141700,3.97029,0.0,177.4,14.73,18.48,2.35928,-1.57665,1.84442,0.215779,379.531,-9999.0,8.52,30.77
201203141700,201203141730,2.93565,0.0,83.4,13.729,17.85,2.29117,-0.595491,1.78829,0.102181,253.7,-9999.0,8.61,32.87
201203141730,201203141800,0.876651,0.0,23.72,12.034,16.69,2.16661,1.36347,1.686,0.029245,122.847,-9999.0,8.68,36.68
201203141800,201203141830,1.46378,0.0,6.063,10.504,15.21,2.01097,0.649099,1.55923,0.007514,11.8136,-9999.0,8.74,39.25
201203141830,201203141900,-9999.0,1.0,0.347,10.125,14.44,1.9321,0.505647,1.49624,0.000432,0.0,-9999.0,8.79,38.46
201203141900,201203141930,-9999.0,1.0,0.28,9.839,13.9,1.87773,0.317414,1.4536,0.00035,0.0,-9999.0,8.82,38.07
201203141930,201203142000,-9999.0,1.0,0.005,9.992,14.15,1.90413,0.367319,1.47663,6e-06,0.0,-9999.0,8.85,38.12
201203142000,201203142030,-9999.0,1.0,0.0,9.559,13.8,1.86931,0.151279,1.45006,0.0,0.0,-9999.0,8.85,39.44
201203142030,201203142100,-9999.0,1.0,0.002,8.877,12.91,1.78051,0.103703,1.38016,3e-06,0.0,-9999.0,8.85,40.4
201203142100,201203142130,-9999.0,1.0,0.0,8.606,12.67,1.75745,-0.0019,1.36343,0.0,0.0,-9999.0,8.84,41.3
201203142130,201203142200,-9999.0,1.0,0.0,7.696,12.09,1.70103,0.07291,1.32007,0.0,0.0,-9999.0,8.83,45.47
201203142200,201203142230,-9999.0,1.0,0.002,7.034,11.43,1.63758,0.245052,1.2713,3e-06,0.0,-9999.0,8.82,47.94
201203142230,201203142300,-9999.0,1.0,0.006,6.133,10.5,1.54952,0.363525,1.20316,8e-06,0.0,-9999.0,8.79,51.71
201203142300,201203142330,-9999.0,1.0,0.0,5.744,9.87,1.49123,0.297925,1.15894,0.0,0.0,-9999.0,8.76,52.83
201203142330,201203150000,-9999.0,1.0,0.0,5.564,9.53,1.46046,0.30747,1.13668,0.0,0.0,-9999.0,8.73,53.25
201203150000,201203150030,-9999.0,1.0,0.0,4.725,8.48,1.36577,0.191039,1.06389,0.0,0.0,-9999.0,8.7,57.38
201203150030,201203150100,-9999.0,1.0,0.002,4.606,8.36,1.35568,0.18951,1.05799,3e-06,0.0,-9999.0,8.66,58.12
201203150100,201203150130,-9999.0,1.0,0.0,4.145,7.8,1.30673,0.18072,1.02129,0.0,0.0,-9999.0,8.62,60.84
201203150130,201203150200,-9999.0,1.0,0.0,4.152,7.86,1.31261,0.187061,1.028,0.0,0.0,-9999.0,8.58,60.94
201203150200,201203150230,-9999.0,1.0,0.0,3.371,6.818,1.22293,0.035621,0.958882,0.0,0.0,-9999.0,8.53,65.94
201203150230,201203150300,-9999.0,1.0,0.0,3.531,7.08,1.24594,0.182538,0.979129,0.0,0.0,-9999.0,8.49,64.96
201203150300,201203150330,-9999.0,1.0,0.0,3.335,9.379,1.45129,0.141994,1.14452,0.0,0.0,-9999.0,8.44,-9999.0
201203150330,201203150400,-9999.0,1.0,0.0,3.325,9.379,1.45197,0.143615,1.1472,0.0,0.0,-9999.0,8.4,-9999.0
201203150400,201203150430,-9999.0,1.0,0.0,3.316,9.373,1.45209,0.144737,1.14945,0.0,0.0,-9999.0,8.35,-9999.0
201203150430,201203150500,-9999.0,1.0,0.0,3.306,9.363,1.45184,0.145526,1.1514,0.0,0.0,-9999.0,8.3,-9999.0
201203150500,201203150530,-9999.0,1.0,0.0,3.295,9.356,1.45187,0.146562,1.15357,0.0,0.0,-9999.0,8.25,-9999.0
201203150530,201203150600,-9999.0,1.0,0.0,3.286,9.353,1.45226,0.147931,1.15603,0.0,0.0,-9999.0,8.2,-9999.0
201203150600,201203150630,-9999.0,1.0,2.735,3.352,9.4,1.45727,0.157701,1.16219,0.004848,0.0805431,-9999.0,8.15,-9999.0
201203150630,201203150700,-9999.0,1.0,61.37,7.294,14.548,1.96504,0.223389,1.57142,0.109052,71.5941,-9999.0,8.1,-9999.0
201203150700,201203150730,-9999.0,1.0,172.6,7.074,15.21,2.03545,0.882323,1.63038,0.30233,203.894,-9999.0,8.05,-9999.0
201203150730,201203150800,-9999.0,1.0,283.8,7.672,14.71,1.98379,0.974126,1.59138,0.490328,332.133,-9999.0,8.0,-9999.0
201203150800,201203150830,-9999.0,1.0,386.4,10.024,15.283,2.04505,0.821997,1.64307,0.660048,454.118,-9999.0,7.95,-9999.0
201203150830,201203150900,-9999.0,1.0,480.2,7.986,13.68,1.87882,2.41436,1.51188,0.813286,567.761,-9999.0,7.91,49.01
201203150900,201203150930,-9999.0,1.0,563.0,9.565,15.34,2.05299,1.79477,1.65442,0.947475,671.117,-9999.0,7.88,45.14
201203150930,201203151000,-9999.0,1.0,635.4,11.599,16.93,2.22526,1.28337,1.79558,1.03528,762.419,-9999.0,7.85,39.89
201203151000,201203151030,-9999.0,1.0,690.4,11.616,17.0,2.23394,1.40598,1.80513,1.12141,840.104,-9999.0,7.83,40.07
201203151030,201203151100,0.04301,0.0,732.0,12.152,17.42,2.28114,2.33989,1.84572,1.1758,902.844,-9999.0,7.83,38.95
201203151100,201203151130,-9999.0,1.0,757.0,12.287,17.86,2.33093,1.76019,1.88843,1.21616,949.563,-9999.0,7.84,39.96
201203151130,201203151200,-9999.0,1.0,768.0,12.654,18.11,2.35986,1.84351,1.91436,1.23105,979.464,-9999.0,7.88,39.13
201203151200,201203151230,1.68349,0.0,767.0,13.259,18.54,2.40916,0.809333,1.95673,1.22233,992.034,-9999.0,7.93,37.92
201203151230,201203151300,1.30197,0.0,751.0,14.237,19.03,2.46562,1.23859,2.00492,1.18216,987.058,-9999.0,7.99,35.35
201203151300,201203151330,-9999.0,1.0,719.0,15.677,19.8,2.55462,1.70705,2.07939,1.10777,964.622,-9999.0,8.05,32.14
201203151330,201203151400,-9999.0,1.0,670.1,17.211,20.54,2.64121,1.3521,2.15195,1.01193,925.109,-9999.0,8.11,28.83
201203151400,201203151430,0.78722,0.0,610.8,18.366,21.07,2.70417,1.95127,2.20547,0.917297,869.196,-9999.0,8.18,26.49
201203151430,201203151500,2.16322,0.0,540.3,16.166,20.53,2.64248,0.527217,2.15836,0.896584,797.838,-9999.0,8.27,33.11
201203151500,201203151530,-9999.0,1.0,454.6,10.811,18.16,2.37307,1.44176,1.94328,0.902641,712.258,-9999.0,8.37,48.16
201203151530,201203151600,2.26158,0.0,361.6,10.557,17.73,2.32609,0.173017,1.90786,0.757645,613.92,-9999.0,8.47,47.99
201203151600,201203151630,0.815494,0.0,267.5,9.164,16.82,2.22652,1.5375,1.8298,0.596245,504.505,-9999.0,8.57,52.18
201203151630,201203151700,3.32115,0.0,173.4,8.18,16.62,2.20562,-0.9843,1.81541,0.409126,385.886,-9999.0,8.67,56.77
201203151700,201203151730,1.29077,0.0,86.7,6.555,15.96,2.13482,0.987754,1.7605,0.216871,260.093,-9999.0,8.76,63.87
201203151730,201203151800,2.24297,0.0,27.67,4.806,14.66,1.99685,-0.08073,1.65093,0.072575,129.278,-9999.0,8.83,71.2
201203151800,201203151830,1.24064,0.0,7.21,3.486,13.31,1.85716,0.801983,1.5397,0.019419,14.6934,-9999.0,8.9,77.2
201203151830,201203151900,-9999.0,1.0,0.389,2.384,12.08,1.73336,0.089907,1.44115,0.001067,0.0,-9999.0,8.95,83.1
201203151900,201203151930,-9999.0,1.0,0.33,1.857,11.26,1.65295,0.256831,1.37779,0.000918,0.0,-9999.0,8.98,86.1
201203151930,201203152000,-9999.0,1.0,0.33,1.492,10.56,1.58563,0.321196,1.32498,0.000931,0.0,-9999.0,9.0,88.3
201203152000,201203152030,2.96844,0.0,0.33,1.091,9.8,1.51378,-1.22737,1.26832,0.000944,0.0,-9999.0,9.0,91.0
201203152030,201203152100,-9999.0,1.0,0.33,0.77,9.01,1.44053,0.397766,1.21036,0.000956,0.0,-9999.0,9.0,93.3
201203152100,201203152130,-9999.0,1.0,0.33,0.566,8.21,1.36793,0.23819,1.15276,0.000969,0.0,-9999.0,8.99,94.8
201203152130,201203152200,-9999.0,1.0,0.33,0.446,7.49,1.30404,0.156655,1.10217,0.000982,0.0,-9999.0,8.96,95.7
201203152200,201203152230,-9999.0,1.0,0.33,0.381,7.02,1.26326,0.06231,1.0705,0.000995,0.0,-9999.0,8.93,96.2
201203152230,201203152300,-9999.0,1.0,0.33,0.333,6.231,1.19571,-0.084534,1.0166,0.001008,0.0,-9999.0,8.9,96.5
201203152300,201203152330,-9999.0,1.0,0.331,0.106,6.481,1.21766,-0.047693,1.0367,0.001024,0.0,-9999.0,8.86,98.9
201203152330,201203160000,-9999.0,1.0,0.331,0.134,6.379,1.20946,-0.069158,1.03183,0.001036,0.0,-9999.0,8.82,98.6
201203160000,201203160030,-9999.0,1.0,0.331,0.16,4.52,1.0555,-0.367267,0.905714,0.001049,0.0,-9999.0,8.77,98.1
201203160030,201203160100,-9999.0,1.0,0.329,0.06,4.628,1.06468,-0.401044,0.915163,0.001056,0.0,-9999.0,8.72,99.3
201203160100,201203160130,-9999.0,1.0,0.309,0.009,4.746,1.07472,-0.396567,0.925339,0.001003,0.0,-9999.0,8.68,99.9
201203160130,201203160200,-9999.0,1.0,0.325,0.322,5.127,1.10636,-0.313764,0.953566,0.001068,0.0,-9999.0,8.63,96.3408
201203160200,201203160230,-9999.0,1.0,0.31,1.206,5.218,1.11437,-0.190469,0.962089,0.001031,0.0,-9999.0,8.57,86.3907
201203160230,201203160300,-9999.0,1.0,0.265,1.005,5.316,1.12299,-0.238319,0.971136,0.000891,0.0,-9999.0,8.52,88.7302
201203160300,201203160330,-9999.0,1.0,0.258,0.063,3.529,0.979925,-0.259873,0.852958,0.000878,0.0,-9999.0,8.47,99.2
201203160330,201203160400,-9999.0,1.0,0.303,0.037,2.512,0.902908,-0.675794,0.789745,0.001043,0.0,-9999.0,8.41,99.5
201203160400,201203160430,-9999.0,1.0,0.322,3.406,9.633,1.50898,0.187759,1.29879,0.001121,0.0,-9999.0,8.36,-9999.0
201203160430,201203160500,-9999.0,1.0,0.193,3.402,9.622,1.50862,0.18844,1.30064,0.000679,0.0,-9999.0,8.3,-9999.0
201203160500,201203160530,-9999.0,1.0,0.005,0.212,3.552,0.983495,-0.560091,0.862805,1.8e-05,0.0,-9999.0,8.25,97.3154
201203160530,201203160600,-9999.0,1.0,0.0,3.395,9.603,1.50818,0.182766,1.30456,0.0,0.0,-9999.0,8.19,-9999.0
201203160600,201203160630,-9999.0,1.0,2.744,0.3,3.266,0.962213,-0.368402,0.848197,0.009957,0.888184,-9999.0,8.14,96.1163
201203160630,201203160700,-9999.0,1.0,47.43,3.483,10.39,1.58507,0.097228,1.3729,0.168292,82.486,-9999.0,8.08,-9999.0
201203160700,201203160730,-9999.0,2.0,143.6,0.0,4.636,1.07163,-0.064116,0.944305,0.481476,214.641,-9999.0,8.03,100.0
201203160730,201203160800,-9999.0,1.0,244.4,0.0,6.692,1.24544,0.322558,1.09282,0.775587,342.662,-9999.0,7.98,100.0
201203160800,201203160830,-9999.0,1.0,347.7,0.042,7.56,1.32281,0.405014,1.15986,1.04722,464.359,-9999.0,7.93,99.6
201203160830,201203160900,-9999.0,1.0,454.9,1.452,10.03,1.55313,2.99315,1.35498,1.30248,577.651,-9999.0,7.88,88.2
201203160900,201203160930,-9999.0,2.0,552.7,4.309,12.77,1.82679,3.07211,1.58525,1.51677,680.597,-9999.0,7.84,70.8
201203160930,201203161000,-9999.0,1.0,625.9,7.692,15.7,2.13863,1.69843,1.84597,1.66991,771.438,-9999.0,7.81,56.89
201203161000,201203161030,-1.35664,0.0,685.5,9.5,16.67,2.24657,3.77417,1.93756,1.79136,848.618,-9999.0,7.78,49.95
201203161030,201203161100,-9999.0,1.0,732.0,9.206,16.58,2.23758,1.68652,1.93266,1.88592,910.818,-9999.0,7.78,51.22
201203161100,201203161130,-9999.0,1.0,763.0,10.119,17.31,2.32026,1.78241,2.0034,1.94225,956.972,-9999.0,7.79,48.81
201203161130,201203161200,-9999.0,1.0,778.0,11.344,18.15,2.41659,2.059,2.08532,1.8733,986.291,-9999.0,7.82,45.57
201203161200,201203161230,-9999.0,1.0,774.0,11.575,18.9,2.50389,2.14866,2.15975,1.85898,998.274,-9999.0,7.87,47.01
201203161230,201203161300,-9999.0,1.0,756.0,11.75,19.45,2.56728,2.08741,2.21581,1.82889,992.715,-9999.0,7.93,48.02
201203161300,201203161330,-9999.0,1.0,725.0,13.542,20.33,2.67002,1.80581,2.30426,1.63891,969.71,-9999.0,7.99,43.27
201203161330,201203161400,1.44333,0.0,682.0,13.8,20.59,2.70026,1.36727,2.33319,1.57041,929.652,-9999.0,8.06,43.11
201203161400,201203161430,-9999.0,1.0,613.1,12.994,20.61,2.70213,1.49458,2.33882,1.54557,873.226,-9999.0,8.13,46.5
201203161430,201203161500,-9999.0,1.0,545.8,11.939,20.27,2.66145,1.48611,2.30941,1.51605,801.399,-9999.0,8.22,49.8
201203161500,201203161530,-9999.0,1.0,461.2,10.904,19.65,2.58821,1.80872,2.25303,1.41586,715.398,-9999.0,8.33,52.36
201203161530,201203161600,-9999.0,1.0,367.3,10.844,19.31,2.54812,0.549556,2.22389,1.20883,616.696,-9999.0,8.44,51.61
201203161600,201203161630,-9999.0,1.0,271.9,10.146,18.81,2.48978,1.62739,2.17951,0.978895,506.982,-9999.0,8.56,53.29
201203161630,201203161700,1.01335,0.0,180.1,9.386,18.34,2.43534,1.59143,2.13823,0.698328,388.131,-9999.0,8.66,55.5
201203161700,201203161730,0.957048,0.0,91.6,9.156,17.67,2.35865,1.58494,2.07826,0.382279,262.18,-9999.0,8.76,54.72
201203161730,201203161800,-9999.0,1.0,28.39,8.205,16.75,2.25492,0.632556,1.99545,0.125587,131.281,-9999.0,8.85,56.99
201203161800,201203161830,-9999.0,1.0,7.8,6.037,15.12,2.07564,0.203569,1.84877,0.035391,15.6207,-9999.0,8.93,64.88
201203161830,201203161900,-9999.0,1.0,0.404,4.319,13.61,1.91453,-0.021291,1.71639,0.00186,0.0,-9999.0,8.99,72.3
201203161900,201203161930,-9999.0,1.0,0.33,3.356,12.53,1.80234,0.060347,1.62463,0.001532,0.0,-9999.0,9.03,76.9
201203161930,201203162000,-9999.0,1.0,0.33,2.104,11.6,1.70787,0.117451,1.54742,0.001545,0.0,-9999.0,9.05,84.6
201203162000,201203162030,-9999.0,1.0,0.33,1.477,10.67,1.61551,0.17807,1.47155,0.001558,0.0,-9999.0,9.07,88.5
201203162030,201203162100,-9999.0,1.0,0.33,1.076,9.77,1.52818,0.377302,1.39955,0.001571,0.0,-9999.0,9.07,91.1
201203162100,201203162130,-9999.0,1.0,0.33,0.839,9.01,1.45604,0.371315,1.34021,0.001583,0.0,-9999.0,9.06,92.7
201203162130,201203162200,-9999.0,1.0,0.33,0.624,8.82,1.43803,0.32076,1.3275,0.001596,0.0,-9999.0,9.04,94.5
201203162200,201203162230,-9999.0,1.0,0.33,0.57,8.6,1.41736,0.322695,1.31241,0.001609,0.0,-9999.0,9.02,94.9
201203162230,201203162300,-9999.0,1.0,0.33,0.54,7.52,1.31881,0.178918,1.22932,0.001622,0.0,-9999.0,8.99,94.8
201203162300,201203162330,-9999.0,1.0,0.33,0.363,6.708,1.24678,-0.101636,1.16888,0.001635,0.0,-9999.0,8.96,96.3
201203162330,201203170000,2.33422,0.0,0.331,0.308,6.423,1.2218,-0.806241,1.14951,0.001652,0.0,-9999.0,8.92,96.8
201203170000,201203170030,-9999.0,1.0,0.331,0.232,5.893,1.17615,-0.195897,1.11178,0.001665,0.0,-9999.0,8.88,97.5
201203170030,201203170100,-9999.0,1.0,0.322,0.19,5.509,1.14353,-0.29494,1.08765,0.001664,0.0,-9999.0,8.83,97.9
201203170100,201203170130,-9999.0,1.0,0.298,0.109,5.61,1.1518,-0.231332,1.09977,0.001582,0.0,-9999.0,8.79,98.8
201203170130,201203170200,-9999.0,1.0,0.295,0.09,5.458,1.13884,-0.292336,1.09294,0.001607,0.0,-9999.0,8.74,99.0
201203170200,201203170230,-9999.0,1.0,0.327,0.16,4.475,1.05783,-0.330641,1.02473,0.001826,0.0,-9999.0,8.69,98.1
201203170230,201203170300,-9999.0,1.0,0.331,0.059,4.42,1.0532,-0.472974,1.02502,0.001894,0.0,-9999.0,8.64,99.3
201203170300,201203170330,4.36602,0.0,0.33,0.058,4.335,1.04616,-3.00586,1.02309,0.001934,0.0,-9999.0,8.59,99.3
201203170330,201203170400,5.67407,0.0,0.309,0.0,4.54,1.06249,-4.2958,1.04244,0.001854,0.0,-9999.0,8.54,100.0
201203170400,201203170430,-9999.0,1.0,0.265,0.071,3.476,0.977926,-0.211479,0.969343,0.001627,0.0,-9999.0,8.48,99.1
201203170430,201203170500,-0.24538,0.0,0.193,0.067,2.775,0.924042,1.48158,0.923714,0.001212,0.0,-9999.0,8.43,99.1
201203170500,201203170530,-9999.0,1.0,0.079,0.0,3.586,0.98612,-0.476741,0.985415,0.000507,0.0,-9999.0,8.38,100.0
201203170530,201203170600,-0.17836,0.0,0.052,0.0,3.361,0.968467,1.46391,0.973265,0.000341,0.0,-9999.0,8.32,100.0
201203170600,201203170630,-0.40768,0.0,3.545,0.0,3.285,0.962421,1.68808,0.97183,0.023555,1.81138,-9999.0,8.26,100.0
201203170630,201203170700,1.57602,0.0,55.0,0.008,3.169,0.953325,-0.304018,0.967493,0.337056,88.9172,-9999.0,8.21,99.9
201203170700,201203170730,1.87681,0.0,156.7,0.405,5.503,1.14025,-0.409389,1.14641,0.834965,221.02,-9999.0,8.15,95.519
201203170730,201203170800,-9999.0,2.0,260.9,0.709,8.02,1.35934,1.13073,1.3539,1.24049,348.99,-9999.0,8.1,93.4
201203170800,201203170830,-9999.0,2.0,369.4,1.801,8.89,1.43889,0.63904,1.43251,1.58788,470.639,-9999.0,8.05,84.2
201203170830,201203170900,-2.72131,0.0,481.2,4.454,12.4,1.78004,4.81619,1.7497,1.88779,583.886,-9999.0,8.0,69.08
201203170900,201203170930,-0.50959,0.0,566.7,7.434,14.84,2.03401,2.84035,1.98582,2.08869,686.791,-9999.0,7.96,55.97
201203170930,201203171000,1.09716,0.0,640.6,8.834,15.99,2.15788,1.34777,2.10448,2.2456,777.596,-9999.0,7.92,51.4
201203171000,201203171030,-9999.0,1.0,701.0,9.887,16.43,2.20571,1.69136,2.15504,2.36451,854.746,-9999.0,7.9,47.11
201203171030,201203171100,-9999.0,1.0,743.0,10.714,17.27,2.29843,1.67157,2.2461,2.38209,916.921,-9999.0,7.9,45.66
201203171100,201203171130,-9999.0,1.0,768.0,10.316,18.06,2.38679,2.21103,2.33343,2.46475,963.056,-9999.0,7.9,50.22
201203171130,201203171200,-0.551154,0.0,780.0,11.88,18.89,2.48084,3.29233,2.42606,2.34893,992.364,-9999.0,7.94,45.58
201203171200,201203171230,-1.44079,0.0,780.0,13.35,19.8,2.58535,4.27581,2.52826,2.22485,1004.34,-9999.0,7.99,42.21
201203171230,201203171300,0.009113,0.0,760.0,13.519,20.22,2.63379,2.87066,2.58034,2.19888,998.786,-9999.0,8.05,42.98
201203171300,201203171330,1.08635,0.0,724.0,12.83,20.48,2.66371,1.82208,2.61596,2.2255,975.789,-9999.0,8.12,46.75
201203171330,201203171400,-9999.0,1.0,677.3,13.544,20.96,2.71966,1.73469,2.67512,2.12096,935.747,-9999.0,8.18,45.42
201203171400,201203171430,-9999.0,1.0,617.8,13.063,20.56,2.67209,1.60088,2.64109,2.08554,879.344,-9999.0,8.26,46.05
201203171430,201203171500,-0.193247,0.0,546.3,12.229,19.75,2.57712,3.03448,2.56374,2.03319,807.545,-9999.0,8.35,46.9
201203171500,201203171530,-0.25287,0.0,463.1,11.389,19.26,2.52004,3.04671,2.52028,1.92363,721.579,-9999.0,8.47,49.02
201203171530,201203171600,-9999.0,1.0,367.5,10.397,18.58,2.44172,0.58215,2.45697,1.73896,622.916,-9999.0,8.58,51.44
201203171600,201203171630,-9999.0,1.0,275.2,10.339,18.37,2.4174,1.4189,2.44284,1.47499,513.245,-9999.0,8.69,51.07
201203171630,201203171700,0.04129,0.0,181.4,10.89,18.4,2.42035,2.67219,2.45377,1.12826,394.442,-9999.0,8.8,48.56
201203171700,201203171730,1.42547,0.0,93.9,8.461,17.36,2.30285,1.18549,2.35302,0.705949,268.54,-9999.0,8.89,57.33
201203171730,201203171800,1.59024,0.0,29.74,6.971,15.8,2.13075,0.867069,2.20001,0.267259,137.693,-9999.0,8.97,61.18
201203171800,201203171830,2.78519,0.0,8.65,5.045,14.37,1.97731,-0.467089,2.06265,0.084175,18.9082,-9999.0,9.05,69.2
201203171830,201203171900,4.28938,0.0,0.453,3.618,13.03,1.83752,-2.10015,1.93654,0.004595,0.0,-9999.0,9.1,75.9
201203171900,201203171930,2.551,0.0,0.33,2.362,12.03,1.73577,-0.456488,1.84547,0.003395,0.0,-9999.0,9.14,83.2
201203171930,201203172000,0.845422,0.0,0.328,1.587,10.74,1.60812,1.12785,1.72812,0.00342,0.0,-9999.0,9.16,87.7
201203172000,201203172030,2.06163,0.0,0.327,0.974,9.87,1.52425,-0.168638,1.65217,0.003454,0.0,-9999.0,9.17,92.0
201203172030,201203172100,2.78305,0.0,0.325,0.745,9.2,1.46092,-0.950985,1.59563,0.003478,0.0,-9999.0,9.16,93.6
201203172100,201203172130,1.53247,0.0,0.256,0.465,8.8,1.42356,0.264026,1.56431,0.002776,0.0,-9999.0,9.15,95.9
201203172130,201203172200,0.9636,0.0,0.268,0.499,7.84,1.33602,0.746326,1.48246,0.002943,0.0,-9999.0,9.13,95.3
201203172200,201203172230,-9999.0,1.0,0.278,0.322,8.0,1.35014,0.115529,1.50203,0.003091,0.0,-9999.0,9.1,97.0
201203172230,201203172300,-9999.0,1.0,0.292,0.265,8.4,1.38611,0.16803,1.54363,0.003287,0.0,-9999.0,9.07,97.6
201203172300,201203172330,-9999.0,1.0,0.316,0.216,8.11,1.35955,0.098685,1.52238,0.003601,0.0,-9999.0,9.04,98.0
201203172330,201203180000,-9999.0,1.0,0.309,0.181,7.91,1.34129,0.100076,1.50933,0.003564,0.0,-9999.0,9.02,98.3
201203180000,201203180030,-9999.0,1.0,0.189,0.139,7.97,1.34642,0.064719,1.51995,0.002207,0.0,-9999.0,8.99,98.7
201203180030,201203180100,-9999.0,1.0,0.238,0.067,8.52,1.396,0.049143,1.5758,0.002812,0.0,-9999.0,8.97,99.4
201203180100,201203180130,-9999.0,1.0,0.33,0.044,8.43,1.38753,0.063349,1.57274,0.003943,0.0,-9999.0,8.95,99.6
201203180130,201203180200,1.74268,0.0,0.33,0.054,8.05,1.35286,-0.002781,1.5428,0.003988,0.0,-9999.0,8.93,99.5
201203180200,201203180230,-9999.0,1.0,0.308,0.0,7.39,1.29376,-0.011883,1.48739,0.003765,0.0,-9999.0,8.91,100.0
201203180230,201203180300,1.81081,0.0,0.242,0.0,6.868,1.24782,-0.175878,1.44502,0.002993,0.0,-9999.0,8.88,100.0
201203180300,201203180330,2.30287,0.0,0.287,0.0,6.389,1.20632,-0.709723,1.40685,0.003588,0.0,-9999.0,8.86,100.0
201203180330,201203180400,4.26344,0.0,0.316,0.0,6.047,1.17703,-2.69959,1.38111,0.003994,0.0,-9999.0,8.83,100.0
201203180400,201203180430,-9999.0,1.0,0.315,3.404,9.702,1.50379,0.281375,1.72597,0.004025,0.0,-9999.0,8.79,-9999.0
201203180430,201203180500,-9999.0,1.0,0.269,3.408,9.704,1.50369,0.283039,1.73175,0.003475,0.0,-9999.0,8.77,-9999.0
201203180500,201203180530,-9999.0,1.0,0.32,3.41,9.704,1.50341,0.284514,1.73734,0.004177,0.0,-9999.0,8.74,-9999.0
201203180530,201203180600,-9999.0,1.0,0.327,3.413,9.705,1.50322,0.286083,1.74303,0.004314,0.0,-9999.0,8.7,-9999.0
201203180600,201203180630,-9999.0,1.0,2.269,3.452,9.734,1.50567,0.297177,1.75145,0.030007,3.01742,-9999.0,8.67,-9999.0
201203180630,201203180700,-9999.0,1.0,25.58,3.305,10.063,1.53653,0.151399,1.78946,0.312123,95.3375,-9999.0,8.64,-9999.0
201203180700,201203180730,-9999.0,1.0,81.4,7.07,14.083,1.93758,0.523306,2.20811,0.833671,227.381,-9999.0,8.6,-9999.0
201203180730,201203180800,-9999.0,1.0,178.5,7.018,15.121,2.04669,0.919495,2.32607,1.43796,355.294,-9999.0,8.57,-9999.0
201203180800,201203180830,-9999.0,1.0,320.2,9.869,16.471,2.19197,0.895399,2.48047,1.9875,476.889,-9999.0,8.53,-9999.0
201203180830,201203180900,-9999.0,1.0,452.2,11.812,17.827,2.34142,1.89408,2.63872,2.29515,590.085,-9999.0,8.5,-9999.0
201203180900,201203180930,-9999.0,1.0,554.6,11.767,17.813,2.33941,1.89541,2.64479,2.49088,692.945,-9999.0,8.48,-9999.0
201203180930,201203181000,-9999.0,1.0,616.3,13.39,18.448,2.41027,1.77727,2.72425,2.54796,783.709,-9999.0,8.46,-9999.0
201203181000,201203181030,-9999.0,1.0,686.0,14.132,18.522,2.41817,1.84112,2.74048,2.6223,860.824,-9999.0,8.45,-9999.0
201203181030,201203181100,-9999.0,1.0,725.0,13.65,18.2,2.38144,1.9786,2.71163,2.69205,922.971,-9999.0,8.44,-9999.0
201203181100,201203181130,-9999.0,1.0,749.0,13.514,18.226,2.38391,2.11606,2.72234,2.73313,969.086,-9999.0,8.46,-9999.0
201203181130,201203181200,-9999.0,1.0,766.0,14.05,18.592,2.42471,2.14266,2.77198,2.74525,998.381,-9999.0,8.48,-9999.0
201203181200,201203181230,-9999.0,1.0,701.0,14.269,18.618,2.42719,1.88508,2.78281,2.68695,1010.35,-9999.0,8.53,-9999.0
201203181230,201203181300,-9999.0,1.0,752.0,14.104,18.675,2.43317,2.16376,2.79723,2.75593,1004.8,-9999.0,8.58,-9999.0
201203181300,201203181330,-9999.0,1.0,712.0,14.083,18.709,2.43656,1.94421,2.80902,2.72949,981.814,-9999.0,8.63,-9999.0
201203181330,201203181400,-9999.0,1.0,655.7,14.308,19.031,2.47262,1.8828,2.85425,2.67583,941.789,-9999.0,8.69,-9999.0
201203181400,201203181430,-9999.0,1.0,602.9,12.693,18.451,2.40651,1.85241,2.79486,2.65624,885.411,-9999.0,8.76,-9999.0
201203181430,201203181500,-9999.0,1.0,533.4,11.977,18.396,2.39985,2.07837,2.79629,2.57836,813.644,-9999.0,8.84,-9999.0
201203181500,201203181530,-9999.0,1.0,477.6,12.15,18.094,2.36549,2.05135,2.76905,2.49252,727.716,-9999.0,8.94,-9999.0
201203181530,201203181600,-9999.0,1.0,332.3,10.364,16.494,2.18826,1.09969,2.59265,2.19036,629.097,-9999.0,9.03,-9999.0
201203181600,201203181630,-9999.0,1.0,268.8,8.435,15.521,2.08276,1.26856,2.48943,2.00224,519.475,-9999.0,9.13,-9999.0
201203181630,201203181700,-9999.0,1.0,183.1,7.418,15.504,2.08054,0.998536,2.49457,1.65006,400.725,-9999.0,9.22,-9999.0
201203181700,201203181730,-9999.0,1.0,92.3,6.466,14.293,1.95214,0.570035,2.36542,1.07241,274.88,-9999.0,9.3,-9999.0
201203181730,201203181800,-9999.0,1.0,33.11,3.314,10.063,1.53013,0.186106,1.9144,0.476473,144.091,-9999.0,9.37,-9999.0
201203181800,201203181830,-9999.0,1.0,8.53,3.516,9.818,1.50672,0.347052,1.89452,0.136947,22.4752,-9999.0,9.43,-9999.0
201203181830,201203181900,-9999.0,1.0,0.394,3.407,9.723,1.49751,0.322529,1.89023,0.006613,0.0,-9999.0,9.48,-9999.0
201203181900,201203181930,-9999.0,1.0,0.308,3.409,9.743,1.49911,0.32289,1.89791,0.005214,0.0,-9999.0,9.5,-9999.0
201203181930,201203182000,-9999.0,1.0,0.283,3.411,9.761,1.50051,0.326111,1.9054,0.004831,0.0,-9999.0,9.52,-9999.0
201203182000,201203182030,-9999.0,1.0,0.188,3.411,9.779,1.50191,0.329334,1.91289,0.003236,0.0,-9999.0,9.52,-9999.0
201203182030,201203182100,-9999.0,1.0,0.218,3.409,9.794,1.50304,0.332739,1.92008,0.003783,0.0,-9999.0,9.51,-9999.0
201203182100,201203182130,-9999.0,1.0,0.291,3.403,9.806,1.50388,0.326136,1.92696,0.005088,0.0,-9999.0,9.5,-9999.0
201203182130,201203182200,-9999.0,1.0,0.247,3.397,9.816,1.50453,0.34496,1.93363,0.004353,0.0,-9999.0,9.48,-9999.0
201203182200,201203182230,-9999.0,1.0,0.154,3.388,9.825,1.50509,0.319319,1.9402,0.002737,0.0,-9999.0,9.45,-9999.0
201203182230,201203182300,-9999.0,1.0,0.043,1.355,11.03,1.61975,0.299696,2.07544,0.000771,0.0,-9999.0,9.42,89.7
201203182300,201203182330,2.40209,0.0,0.018,1.674,11.3,1.64568,-0.288088,2.11085,0.000325,0.0,-9999.0,9.39,87.5
201203182330,201203190000,-9999.0,1.0,0.037,1.649,11.31,1.64634,0.415069,2.11794,0.000673,0.0,-9999.0,9.36,87.7
201203190000,201203190030,-9999.0,1.0,0.095,1.875,11.3,1.64505,0.359728,2.12283,0.001741,0.0,-9999.0,9.33,86.0
201203190030,201203190100,0.153001,0.0,0.068,2.23,11.34,1.64864,1.96976,2.12815,0.00124,0.0,-9999.0,9.31,83.4
201203190100,201203190130,1.04176,0.0,0.024,2.558,11.7,1.68357,1.11854,2.16872,0.000436,0.0,-9999.0,9.29,81.4
201203190130,201203190200,-9999.0,1.0,0.017,2.611,12.01,1.71385,0.332915,2.20388,0.000307,0.0,-9999.0,9.27,81.4
201203190200,201203190230,-9999.0,1.0,0.002,3.278,9.822,1.50252,0.349284,1.96677,3.6e-05,0.0,-9999.0,9.25,-9999.0
201203190230,201203190300,-9999.0,1.0,0.003,3.263,9.817,1.50176,0.349188,1.96734,5.4e-05,0.0,-9999.0,9.24,-9999.0
201203190300,201203190330,-9999.0,1.0,0.011,3.25,9.814,1.5012,0.332127,1.96812,0.000196,0.0,-9999.0,9.23,-9999.0
201203190330,201203190400,-9999.0,1.0,0.015,3.244,9.801,1.49969,0.347816,1.96784,0.000265,0.0,-9999.0,9.22,-9999.0
201203190400,201203190430,-9999.0,1.0,0.006,3.238,9.789,1.49828,0.36945,1.96767,0.000106,0.0,-9999.0,9.21,-9999.0
201203190430,201203190500,-9999.0,1.0,0.002,3.232,9.774,1.49659,0.375369,1.96719,3.5e-05,0.0,-9999.0,9.21,-9999.0
201203190500,201203190530,-9999.0,1.0,0.004,3.226,9.758,1.49481,0.375277,1.9666,7e-05,0.0,-9999.0,9.21,-9999.0
201203190530,201203190600,-9999.0,1.0,0.017,3.218,9.746,1.4934,0.375577,1.96644,0.000294,0.0,-9999.0,9.2,-9999.0
201203190600,201203190630,-9999.0,1.0,2.093,3.246,9.764,1.4948,0.385775,1.96946,0.035695,4.55027,-9999.0,9.2,-9999.0
201203190630,201203190700,-9999.0,1.0,20.99,3.217,9.951,1.51204,0.396946,1.99033,0.328381,101.745,-9999.0,9.19,-9999.0
201203190700,201203190730,-9999.0,1.0,19.96,3.364,9.887,1.50574,0.421111,1.98466,0.311964,233.722,-9999.0,9.19,-9999.0
201203190730,201203190800,-9999.0,1.0,65.12,7.008,14.235,1.93536,0.499708,2.46083,0.854838,361.572,-9999.0,9.19,-9999.0
201203190800,201203190830,-9999.0,1.0,84.4,6.658,14.02,1.91274,0.512374,2.43718,1.03445,483.107,-9999.0,9.19,-9999.0
201203190830,201203190900,-9999.0,1.0,162.4,7.792,15.581,2.07609,1.15997,2.61434,1.58726,596.246,-9999.0,9.2,-9999.0
201203190900,201203190930,-9999.0,1.0,204.3,8.147,16.015,2.12209,1.14205,2.66423,1.79839,699.055,-9999.0,9.2,-9999.0
201203190930,201203191000,-9999.0,1.0,194.1,8.11,15.972,2.11707,1.13946,2.65953,1.74293,789.774,-9999.0,9.21,-9999.0
201203191000,201203191030,-9999.0,1.0,223.5,4.802,15.14,2.02817,1.87693,2.56519,1.87162,866.851,-9999.0,9.23,72.1
201203191030,201203191100,-9999.0,1.0,291.1,5.377,15.62,2.07866,1.64931,2.61992,2.11929,928.967,-9999.0,9.25,69.71
201203191100,201203191130,-9999.0,1.0,281.1,5.875,16.04,2.12315,1.97035,2.66793,2.07909,975.06,-9999.0,9.28,67.78
201203191130,201203191200,-9999.0,1.0,303.5,9.224,15.888,2.10646,1.13627,2.65087,2.14579,1004.34,-9999.0,9.31,-9999.0
201203191200,201203191230,-9999.0,1.0,359.3,11.525,17.452,2.27568,1.23416,2.82987,2.29866,1016.31,-9999.0,9.35,-9999.0
201203191230,201203191300,-9999.0,1.0,544.3,12.145,18.329,2.37234,2.1802,2.93107,2.66309,1010.75,-9999.0,9.4,-9999.0
201203191300,201203191330,-9999.0,1.0,539.7,11.987,18.341,2.37323,2.18363,2.93225,2.64988,987.78,-9999.0,9.45,-9999.0
201203191330,201203191400,-9999.0,1.0,557.5,7.758,17.66,2.29727,2.57819,2.8536,2.67121,947.776,-9999.0,9.5,61.61
201203191400,201203191430,-9999.0,1.0,524.0,7.577,17.62,2.29242,2.76344,2.84893,2.61256,891.426,-9999.0,9.56,62.41
201203191430,201203191500,-9999.0,1.0,493.2,7.232,17.3,2.25683,2.97204,2.8123,2.55386,819.695,-9999.0,9.62,63.39
201203191500,201203191530,0.529055,0.0,439.1,7.283,17.38,2.26517,2.27364,2.8214,2.44409,733.809,-9999.0,9.69,63.32
201203191530,201203191600,-0.347479,0.0,257.4,6.606,16.79,2.20037,3.08884,2.7544,1.93434,635.24,-9999.0,9.77,65.46
201203191600,201203191630,0.921563,0.0,175.0,5.682,15.97,2.1116,1.73409,2.66218,1.56298,525.672,-9999.0,9.84,68.7
201203191630,201203191700,0.434005,0.0,125.9,5.254,15.62,2.07389,2.1863,2.62329,1.26591,406.981,-9999.0,9.91,70.4
201203191700,201203191730,0.797209,0.0,85.8,4.612,15.02,2.01013,1.75679,2.55696,0.961678,281.198,-9999.0,9.98,73.0
201203191730,201203191800,3.7858,0.0,19.65,4.628,14.79,1.98565,-1.25869,2.53196,0.273765,150.474,-9999.0,10.03,72.5
201203191800,201203191830,2.69809,0.0,5.847,4.468,14.53,1.95817,-0.20093,2.5038,0.085469,26.3651,-9999.0,10.08,73.0
201203191830,201203191900,1.50607,0.0,0.402,4.522,14.43,1.94742,0.978035,2.4933,0.005971,0.0,-9999.0,10.11,72.5
201203191900,201203191930,1.45233,0.0,0.283,4.264,14.33,1.93668,1.01875,2.48285,0.004179,0.0,-9999.0,10.13,73.9
201203191930,201203192000,-9999.0,1.0,0.283,3.906,14.27,1.93011,0.18783,2.4768,0.004152,0.0,-9999.0,10.15,76.0
201203192000,201203192030,-9999.0,1.0,0.278,3.58,14.2,1.92251,0.17799,2.46969,0.004053,0.0,-9999.0,10.16,77.9
201203192030,201203192100,-9999.0,1.0,0.328,3.003,13.74,1.87491,0.317356,2.42038,0.004751,0.0,-9999.0,10.16,80.9
201203192100,201203192130,-9999.0,1.0,0.33,2.503,13.19,1.8187,0.29031,2.36183,0.004749,0.0,-9999.0,10.16,83.5
201203192130,201203192200,-9999.0,1.0,0.329,2.253,12.94,1.79318,0.264394,2.33578,0.004704,0.0,-9999.0,10.16,84.9
201203192200,201203192230,-9999.0,1.0,0.326,1.998,12.7,1.76881,0.233512,2.31094,0.00463,0.0,-9999.0,10.15,86.4
201203192230,201203192300,-9999.0,1.0,0.329,1.703,12.43,1.74057,0.204104,2.28307,0.004642,0.0,-9999.0,10.13,88.2
201203192300,201203192330,-9999.0,1.0,0.329,1.587,12.29,1.72535,0.236338,2.26907,0.004611,0.0,-9999.0,10.12,88.9
201203192330,201203200000,-9999.0,1.0,0.33,1.447,12.02,1.69743,0.316575,2.24147,0.004595,0.0,-9999.0,10.1,89.7
201203200000,201203200030,-9999.0,1.0,0.33,1.186,11.57,1.65223,0.361093,2.19527,0.004564,0.0,-9999.0,10.07,91.3
201203200030,201203200100,-9999.0,1.0,0.323,0.991,11.3,1.62486,0.363049,2.16811,0.004437,0.0,-9999.0,10.04,92.6
201203200100,201203200130,-9999.0,1.0,0.33,0.847,11.12,1.6063,0.343566,2.15041,0.004502,0.0,-9999.0,10.01,93.6
201203200130,201203200200,-9999.0,1.0,0.323,0.711,10.77,1.57169,0.223919,2.11531,0.004377,0.0,-9999.0,9.97,94.5
201203200200,201203200230,-9999.0,1.0,0.286,0.57,10.46,1.54119,0.305322,2.08456,0.003849,0.0,-9999.0,9.93,95.5
201203200230,201203200300,-9999.0,1.0,0.27,0.436,10.22,1.51749,0.286462,2.06114,0.003609,0.0,-9999.0,9.89,96.5
201203200300,201203200330,-9999.0,1.0,0.261,0.343,9.95,1.49119,0.325405,2.03482,0.003464,0.0,-9999.0,9.85,97.2
201203200330,201203200400,-9999.0,1.0,0.211,0.232,9.9,1.48538,0.337354,2.03085,0.002781,0.0,-9999.0,9.8,98.1
201203200400,201203200430,-9999.0,1.0,0.189,0.145,9.77,1.47222,0.311575,2.01884,0.002474,0.0,-9999.0,9.76,98.8
201203200430,201203200500,-9999.0,1.0,0.076,0.155,9.56,1.45179,0.300678,1.99885,0.000988,0.0,-9999.0,9.72,98.7
201203200500,201203200530,-9999.0,1.0,0.206,0.18,8.72,1.37475,0.297209,1.91634,0.002658,0.0,-9999.0,9.67,98.4
201203200530,201203200600,-9999.0,1.0,0.264,0.088,8.31,1.33729,0.259787,1.87717,0.003381,0.0,-9999.0,9.63,99.2
201203200600,201203200630,-9999.0,1.0,4.144,0.405,9.34,1.42832,0.456693,1.98029,0.051956,7.83378,-9999.0,9.58,96.5512
201203200630,201203200700,-9999.0,1.0,44.01,1.143,10.13,1.49955,0.166753,2.06053,0.481129,112.577,-9999.0,9.54,90.7741
201203200700,201203200730,1.66448,0.0,94.6,2.178,11.35,1.61296,0.445916,2.18522,0.893565,244.381,-9999.0,9.49,83.7948
201203200730,201203200800,-9999.0,1.0,76.1,0.737,12.15,1.68865,-0.93256,2.26811,0.750138,371.985,-9999.0,9.45,94.8
201203200800,201203200830,-9999.0,1.0,105.9,1.499,12.41,1.71261,0.287322,2.29569,0.961789,493.206,-9999.0,9.41,89.6
201203200830,201203200900,-9999.0,1.0,157.2,1.79,13.19,1.78801,1.81854,2.37712,1.26359,605.97,-9999.0,9.38,88.2
201203200900,201203200930,-9999.0,1.0,69.66,2.916,14.55,1.92342,0.670268,2.5197,0.686132,708.347,-9999.0,9.36,82.4
201203200930,201203201000,-9999.0,1.0,257.5,2.988,14.84,1.95154,1.67507,2.5506,1.69452,798.586,-9999.0,9.34,82.3
201203201000,201203201030,-9999.0,1.0,191.1,3.282,15.36,2.00352,1.42269,2.6057,1.41362,875.142,-9999.0,9.34,81.2
201203201030,201203201100,-9999.0,1.0,215.8,2.894,15.15,1.98025,1.90252,2.58395,1.51672,936.706,-9999.0,9.35,83.2
201203201100,201203201130,-9999.0,2.0,321.7,3.308,15.65,2.03036,1.73076,2.63686,1.88762,982.224,-9999.0,9.37,81.4
201203201130,201203201200,-9999.0,1.0,113.2,3.502,15.8,2.04433,1.52997,2.65292,0.972146,1010.92,-9999.0,9.39,80.5
201203201200,201203201230,-9999.0,1.0,207.5,3.185,15.31,1.99195,1.64444,2.60177,1.46147,1022.3,-9999.0,9.44,81.7
201203201230,201203201300,-0.425627,0.0,237.7,3.826,15.88,2.04937,2.96538,2.66182,1.5795,1016.16,-9999.0,9.47,78.8
201203201300,201203201330,1.32109,0.0,223.4,4.05,15.63,2.02178,1.19044,2.63587,1.51557,992.627,-9999.0,9.51,77.2
201203201330,201203201400,0.248022,0.0,173.3,4.122,15.3,1.98612,2.22726,2.60173,1.28408,952.087,-9999.0,9.55,76.3
201203201400,201203201430,1.60143,0.0,277.3,4.471,15.55,2.01026,0.896601,2.62809,1.70472,895.239,-9999.0,9.6,74.7
201203201430,201203201500,1.72219,0.0,258.9,4.708,15.75,2.02931,0.793503,2.64921,1.63291,823.054,-9999.0,9.64,73.7
201203201500,201203201530,-9999.0,1.0,212.2,4.636,15.75,2.02767,1.54716,2.64947,1.44252,736.768,-9999.0,9.69,74.1
201203201530,201203201600,-9999.0,1.0,141.9,4.615,15.68,2.01881,1.42569,2.64246,1.09629,637.857,-9999.0,9.74,74.1
201203201600,201203201630,0.26091,0.0,139.9,4.376,15.4,1.98838,2.21126,2.61374,1.07935,528.014,-9999.0,9.79,75.0
201203201630,201203201700,0.931427,0.0,127.1,4.556,15.54,2.00114,1.55224,2.62852,1.001,409.118,-9999.0,9.84,74.2
201203201700,201203201730,1.90921,0.0,85.0,4.128,15.13,1.95758,0.53044,2.58657,0.728862,283.204,-9999.0,9.88,76.0
201203201730,201203201800,-9999.0,1.0,29.33,3.881,14.83,1.92554,0.180674,2.55614,0.286016,152.426,-9999.0,9.92,77.0
201203201800,201203201830,-9999.0,1.0,7.77,3.783,14.57,1.89776,0.260899,2.52996,0.07966,27.6075,-9999.0,9.95,77.2
201203201830,201203201900,-9999.0,1.0,0.362,3.515,14.27,1.86615,0.352288,2.49985,0.003756,0.0,-9999.0,9.98,78.4
201203201900,201203201930,-9999.0,1.0,0.33,2.522,13.59,1.79722,0.478817,2.43144,0.003393,0.0,-9999.0,10.01,83.8
201203201930,201203202000,-9999.0,1.0,0.33,1.74,12.76,1.71485,0.472819,2.34856,0.003363,0.0,-9999.0,10.02,88.2
201203202000,201203202030,-9999.0,1.0,0.25,1.398,12.41,1.67981,0.444178,2.31432,0.002525,0.0,-9999.0,10.03,90.3
201203202030,201203202100,-9999.0,1.0,0.272,1.262,12.51,1.68802,0.460901,2.32506,0.002721,0.0,-9999.0,10.03,91.3
201203202100,201203202130,-9999.0,1.0,0.33,1.151,12.2,1.65705,0.425251,2.29499,0.00327,0.0,-9999.0,10.03,91.9
201203202130,201203202200,-9999.0,1.0,0.33,0.906,11.67,1.60562,0.497061,2.24336,0.003239,0.0,-9999.0,10.02,93.4
201203202200,201203202230,-9999.0,1.0,0.298,0.68,11.22,1.56232,0.453908,2.19998,0.002898,0.0,-9999.0,10.01,94.9
201203202230,201203202300,-9999.0,1.0,0.172,0.465,11.18,1.55734,0.350487,2.197,0.001657,0.0,-9999.0,10.0,96.5
201203202300,201203202330,-9999.0,1.0,0.202,0.501,11.47,1.58301,0.41458,2.22635,0.001927,0.0,-9999.0,9.98,96.3
201203202330,201203210000,-9999.0,1.0,0.327,0.614,11.57,1.59104,0.421915,2.23706,0.003088,0.0,-9999.0,9.96,95.5
201203210000,201203210030,-9999.0,1.0,0.33,0.614,11.25,1.56,0.415499,2.20665,0.003085,0.0,-9999.0,9.94,95.4
201203210030,201203210100,-9999.0,1.0,0.33,0.58,10.72,1.51002,0.295685,2.15097,0.003062,0.0,-9999.0,9.93,95.5
201203210100,201203210130,-9999.0,1.0,0.33,0.387,10.72,1.50878,0.221227,2.14692,0.003039,0.0,-9999.0,9.9,97.0
201203210130,201203210200,-9999.0,1.0,0.33,0.357,10.57,1.4939,0.26004,2.12838,0.003016,0.0,-9999.0,9.88,97.2
201203210200,201203210230,-9999.0,1.0,0.243,0.262,10.25,1.46376,0.406139,2.0936,0.002204,0.0,-9999.0,9.86,97.9
201203210230,201203210300,-9999.0,1.0,0.072,0.223,10.11,1.45,0.370152,2.07623,0.000648,0.0,-9999.0,9.84,98.2
201203210300,201203210330,-9999.0,1.0,0.305,0.219,9.89,1.42917,0.340122,2.05131,0.002724,0.0,-9999.0,9.81,98.2
201203210330,201203210400,-9999.0,1.0,0.33,0.149,10.2,1.45567,0.313105,2.07693,0.002924,0.0,-9999.0,9.79,98.8
201203210400,201203210430,-9999.0,1.0,0.329,0.152,10.43,1.47513,0.276411,2.09489,0.002892,0.0,-9999.0,9.77,98.8
201203210430,201203210500,-9999.0,1.0,0.257,0.178,10.49,1.47932,0.279889,2.09661,0.002241,0.0,-9999.0,9.74,98.6
201203210500,201203210530,-9999.0,1.0,0.329,0.253,10.42,1.4718,0.308363,2.08594,0.002846,0.0,-9999.0,9.72,98.0
201203210530,201203210600,-9999.0,1.0,0.269,0.27,9.99,1.43216,0.292149,2.04124,0.002308,0.0,-9999.0,9.7,97.8
201203210600,201203210630,-9999.0,1.0,4.765,0.195,9.91,1.42389,0.247329,2.02979,0.040146,10.1845,-9999.0,9.68,98.4
201203210630,201203210700,8.51472,0.0,45.66,0.233,9.99,1.4298,-6.63561,2.03341,0.349756,118.949,-9999.0,9.66,98.1
201203210700,201203210730,3.66375,0.0,106.8,0.389,10.33,1.45888,-1.75526,2.06147,0.722745,250.675,-9999.0,9.63,96.9
201203210730,201203210800,-9999.0,1.0,236.3,1.012,12.03,1.61282,1.08243,2.21871,1.29374,378.203,-9999.0,9.61,92.8
201203210800,201203210830,-9999.0,1.0,169.0,1.988,13.08,1.71039,1.68292,2.31501,1.0157,499.352,-9999.0,9.59,86.8
201203210830,201203210900,-9999.0,2.0,363.5,2.917,14.29,1.82569,3.50339,2.42723,1.67125,612.049,-9999.0,9.58,82.1
201203210900,201203210930,-1.70084,0.0,541.4,4.738,15.97,1.99089,4.13844,2.58579,2.06103,714.365,-9999.0,9.57,73.9
201203210930,201203211000,0.188795,0.0,586.0,6.757,17.11,2.10527,2.35804,2.69223,2.13384,804.55,-9999.0,9.56,65.38
201203211000,201203211030,0.498431,0.0,498.5,7.884,17.56,2.14992,2.08995,2.73106,1.95727,881.06,-9999.0,9.57,60.74
201203211030,201203211100,1.30794,0.0,583.6,9.417,18.35,2.23037,1.35573,2.80318,2.11135,942.588,-9999.0,9.59,55.38
201203211100,201203211130,1.63941,0.0,570.6,10.201,18.88,2.28422,1.07388,2.84969,2.07856,988.079,-9999.0,9.62,53.24
201203211130,201203211200,-9999.0,1.0,492.7,10.92,19.5,2.348,1.95258,2.90494,1.91663,1016.76,-9999.0,9.66,51.84
201203211200,201203211230,-9999.0,1.0,635.8,11.356,19.75,2.37268,1.61763,2.92374,2.17548,1028.13,-9999.0,9.71,50.69
201203211230,201203211300,1.60979,0.0,746.0,12.653,20.51,2.45221,1.2566,2.99249,2.34148,1022.0,-9999.0,9.77,47.58
201203211300,201203211330,1.89476,0.0,702.0,14.34,21.24,2.5292,1.0414,3.05815,2.26634,998.475,-9999.0,9.84,43.2
201203211330,201203211400,1.44722,0.0,443.9,13.557,20.73,2.47182,1.43468,3.00219,1.77185,957.96,-9999.0,9.91,44.59
201203211400,201203211430,1.65085,0.0,637.9,13.185,21.67,2.5718,1.32172,3.08811,2.14414,901.145,-9999.0,9.98,49.13
201203211430,201203211500,2.13302,0.0,488.0,10.941,20.93,2.48927,0.762316,3.00979,1.84937,829.003,-9999.0,10.06,55.83
201203211500,201203211530,-9999.0,1.0,400.7,8.61,19.56,2.34064,1.3435,2.87079,1.64085,742.768,-9999.0,10.15,62.17
201203211530,201203211600,-9999.0,2.0,362.0,7.517,18.78,2.2566,1.63633,2.78974,1.53308,643.917,-9999.0,10.25,65.33
201203211600,201203211630,2.20337,0.0,290.3,7.591,18.74,2.25053,0.465798,2.78032,1.32191,534.139,-9999.0,10.34,64.9
201203211630,201203211700,1.65733,0.0,194.1,7.808,18.5,2.22364,0.985289,2.75172,0.989784,415.314,-9999.0,10.43,63.35
201203211700,201203211730,-9999.0,1.0,107.1,7.252,17.73,2.14228,1.57819,2.67259,0.615511,289.475,-9999.0,10.51,64.27
201203211730,201203211800,-9999.0,1.0,46.59,6.26,16.39,2.00467,0.559374,2.53996,0.294093,158.775,-9999.0,10.58,66.43
201203211800,201203211830,-9999.0,1.0,12.79,4.578,15.08,1.87344,0.143767,2.41155,0.085213,31.8783,-9999.0,10.64,73.3
201203211830,201203211900,-9999.0,1.0,0.533,2.981,13.79,1.74758,0.389678,2.28647,0.003602,0.0,-9999.0,10.69,81.1
201203211900,201203211930,-9999.0,1.0,0.33,2.112,13.0,1.67168,0.368475,2.20892,0.002208,0.0,-9999.0,10.71,85.9
201203211930,201203212000,-9999.0,1.0,0.33,1.704,12.18,1.59444,0.319377,2.12937,0.002185,0.0,-9999.0,10.72,88.0
201203212000,201203212030,-9999.0,1.0,0.33,1.18,11.32,1.51516,0.348147,2.04702,0.002162,0.0,-9999.0,10.72,91.2
201203212030,201203212100,-9999.0,1.0,0.33,0.739,10.8,1.46758,0.203218,1.99608,0.002138,0.0,-9999.0,10.71,94.3
201203212100,201203212130,-9999.0,1.0,0.33,0.629,10.05,1.40067,0.205271,1.92509,0.002115,0.0,-9999.0,10.69,94.9
201203212130,201203212200,-9999.0,1.0,0.33,0.482,8.99,1.30894,0.229847,1.82768,0.002092,0.0,-9999.0,10.66,95.8
201203212200,201203212230,-9999.0,1.0,0.33,0.369,8.6,1.2752,0.123131,1.7899,0.002069,0.0,-9999.0,10.62,96.7
201203212230,201203212300,-9999.0,1.0,0.33,0.271,8.75,1.28662,0.163445,1.79928,0.002046,0.0,-9999.0,10.58,97.6
201203212300,201203212330,0.68494,0.0,0.33,0.25,8.87,1.29555,1.02649,1.80601,0.002023,0.0,-9999.0,10.53,97.8
201203212330,201203220000,-9999.0,1.0,0.324,0.42,8.84,1.29194,0.085173,1.79969,0.001964,0.0,-9999.0,10.49,96.3
201203220000,201203220030,-9999.0,1.0,0.199,0.644,8.24,1.24118,-0.035294,1.74419,0.001192,0.0,-9999.0,10.44,94.1
201203220030,201203220100,-9999.0,1.0,0.274,0.836,7.98,1.21889,-0.003379,1.71831,0.001622,0.0,-9999.0,10.39,92.2
201203220100,201203220130,-9999.0,1.0,0.33,0.761,8.19,1.23497,-0.043224,1.7327,0.001931,0.0,-9999.0,10.34,93.0
201203220130,201203220200,-9999.0,1.0,0.33,0.656,7.56,1.18291,-0.046153,1.67552,0.001908,0.0,-9999.0,10.29,93.7
201203220200,201203220230,-9999.0,1.0,0.328,0.376,7.59,1.18431,-0.045431,1.67457,0.001873,0.0,-9999.0,10.24,96.4
201203220230,201203220300,3.8973,0.0,0.233,0.491,8.59,1.26463,-2.22395,1.75602,0.001314,0.0,-9999.0,10.19,95.6
201203220300,201203220330,-9999.0,1.0,0.189,0.607,9.24,1.31764,0.221371,1.80801,0.001053,0.0,-9999.0,10.14,94.8
201203220330,201203220400,-9999.0,1.0,0.275,0.874,7.9,1.20618,-0.032785,1.69021,0.001513,0.0,-9999.0,10.09,91.8
201203220400,201203220430,-9999.0,1.0,0.305,0.585,6.61,1.10311,-0.265028,1.57896,0.001656,0.0,-9999.0,10.04,94.0
201203220430,201203220500,-9999.0,1.0,0.163,0.474,7.4,1.16411,-0.070728,1.64124,0.000874,0.0,-9999.0,9.99,95.4
201203220500,201203220530,-9999.0,1.0,0.154,0.787,8.48,1.25019,-0.054868,1.72839,0.000815,0.0,-9999.0,9.94,92.9
201203220530,201203220600,-9999.0,1.0,0.218,0.819,7.68,1.1844,-0.040882,1.65765,0.001138,0.0,-9999.0,9.89,92.2
201203220600,201203220630,-9999.0,1.0,6.563,0.998,8.49,1.24886,-0.0103,1.72194,0.033463,12.8456,-9999.0,9.84,91.0
201203220630,201203220700,-9999.0,1.0,78.6,1.356,8.16,1.22094,-2.74918,1.69064,0.356431,125.303,-9999.0,9.78,87.5
201203220700,201203220730,-9999.0,1.0,193.6,2.594,9.94,1.36755,0.395868,1.83712,0.761956,256.944,-9999.0,9.73,78.8
201203220730,201203220800,-9999.0,2.0,300.9,3.787,11.34,1.48741,1.90041,1.95303,1.06715,384.39,-9999.0,9.67,71.8
201203220800,201203220830,-9999.0,2.0,414.1,5.126,13.53,1.68363,4.45074,2.13894,1.34422,505.46,-9999.0,9.62,66.95
201203220830,201203220900,-9999.0,1.0,517.7,7.722,16.04,1.91989,2.70065,2.35551,1.57038,618.084,-9999.0,9.58,57.65
201203220900,201203220930,-9999.0,1.0,607.6,9.61,17.46,2.05763,1.58169,2.47671,1.75117,720.334,-9999.0,9.54,51.84
201203220930,201203221000,-9999.0,1.0,545.5,11.446,18.58,2.16808,1.83912,2.57134,1.61172,810.461,-9999.0,9.5,46.54
201203221000,201203221030,-9999.0,1.0,608.8,12.349,18.76,2.18441,1.74461,2.58188,1.73575,886.922,-9999.0,9.48,42.97
201203221030,201203221100,-1.83999,0.0,762.0,14.847,20.05,2.31437,4.52109,2.69153,2.03091,948.41,-9999.0,9.48,36.72
201203221100,201203221130,-0.199236,0.0,781.0,16.847,20.71,2.38072,2.93975,2.74471,2.05956,993.871,-9999.0,9.49,31.06
201203221130,201203221200,2.08296,0.0,801.0,19.144,21.4,2.45072,0.719872,2.80043,2.09018,1022.53,-9999.0,9.53,24.91
201203221200,201203221230,-0.342511,0.0,829.0,20.443,22.45,2.55942,3.24203,2.88815,2.13597,1033.89,-9999.0,9.58,24.79
201203221230,201203221300,1.19944,0.0,801.0,22.07,23.19,2.63611,1.76727,2.94794,2.07582,1027.77,-9999.0,9.64,22.36
201203221300,201203221330,1.01461,0.0,757.0,22.829,23.53,2.67026,1.98106,2.97183,1.98314,1004.26,-9999.0,9.71,21.32
201203221330,201203221400,0.270519,0.0,696.6,23.744,23.89,2.70666,2.75597,2.99738,1.85481,963.772,-9999.0,9.78,19.92
201203221400,201203221430,-9999.0,1.0,568.6,19.464,23.13,2.62281,1.8643,2.92334,1.5781,906.994,-9999.0,9.85,31.28
201203221430,201203221500,-9999.0,1.0,479.0,18.007,22.14,2.51555,1.53599,2.82934,1.36953,834.898,-9999.0,9.93,32.49
201203221500,201203221530,-9999.0,1.0,376.2,17.036,21.4,2.43581,1.23984,2.75789,1.11745,748.72,-9999.0,10.03,33.18
201203221530,201203221600,-9999.0,1.0,374.2,17.026,21.33,2.42638,1.22992,2.74567,1.10295,649.932,-9999.0,10.13,32.93
201203221600,201203221630,-9999.0,1.0,251.4,16.491,20.73,2.3621,0.89143,2.68704,0.780439,540.225,-9999.0,10.22,32.6
201203221630,201203221700,2.3908,0.0,155.7,15.668,20.06,2.29128,0.253229,2.62263,0.505553,421.477,-9999.0,10.32,33.26
201203221700,201203221730,-9999.0,1.0,106.8,14.846,19.3,2.21216,0.640204,2.55078,0.353289,295.719,-9999.0,10.4,33.71
201203221730,201203221800,-9999.0,1.0,62.03,14.443,18.9,2.17001,1.36342,2.5105,0.208602,165.103,-9999.0,10.48,33.88
201203221800,201203221830,0.546555,0.0,14.17,13.391,18.21,2.09939,1.9166,2.44545,0.048606,36.4546,-9999.0,10.54,35.99
201203221830,201203221900,-9999.0,1.0,0.466,11.903,17.02,1.98093,1.40058,2.33809,0.001585,0.0,-9999.0,10.6,38.67
201203221900,201203221930,-9999.0,1.0,0.301,11.12,16.45,1.92422,1.34589,2.28436,0.001003,0.0,-9999.0,10.63,40.59
201203221930,201203222000,-9999.0,1.0,0.272,10.308,15.76,1.85678,1.31093,2.22085,0.000887,0.0,-9999.0,10.66,42.45
201203222000,201203222030,-9999.0,1.0,0.288,8.529,14.5,1.73737,0.188958,2.11007,0.000919,0.0,-9999.0,10.67,48.36
201203222030,201203222100,-9999.0,1.0,0.302,6.534,13.36,1.63191,0.331125,2.01057,0.000943,0.0,-9999.0,10.67,57.4
201203222100,201203222130,3.8379,0.0,0.318,5.331,12.47,1.55115,-1.90615,1.93279,0.00097,0.0,-9999.0,10.66,63.16
201203222130,201203222200,-9999.0,1.0,0.274,4.643,12.15,1.52167,0.255083,1.90227,0.000817,0.0,-9999.0,10.65,67.23
201203222200,201203222230,-9999.0,1.0,0.206,4.135,11.57,1.46995,0.112935,1.85085,0.0006,0.0,-9999.0,10.63,69.68
201203222230,201203222300,-9999.0,1.0,0.236,4.866,11.6,1.47123,0.113268,1.84906,0.000671,0.0,-9999.0,10.6,64.39
201203222300,201203222330,3.6885,0.0,0.286,4.943,11.42,1.45445,-1.85662,1.83034,0.000793,0.0,-9999.0,10.58,63.39
201203222330,201203230000,-9999.0,1.0,0.247,5.322,11.45,1.45573,0.095919,1.82858,0.000667,0.0,-9999.0,10.54,60.66
201203230000,201203230030,-9999.0,1.0,0.323,3.397,9.5,1.29134,-0.006287,1.66952,0.00085,0.0,-9999.0,10.51,71.4
201203230030,201203230100,-9999.0,1.0,0.217,3.061,9.2,1.26585,0.008775,1.64852,0.000632,0.0,-9999.0,10.47,73.7
201203230100,201203230130,-9999.0,1.0,0.214,3.153,8.92,1.24221,-0.045167,1.6291,0.000683,0.0,-9999.0,10.43,72.4
201203230130,201203230200,-9999.0,1.0,0.327,3.208,8.6,1.21561,-0.038366,1.60656,0.001135,0.0,-9999.0,10.39,71.3
201203230200,201203230230,-9999.0,1.0,0.218,4.573,9.58,1.29326,0.073855,1.6862,0.000818,0.0,-9999.0,10.35,61.71
201203230230,201203230300,-9999.0,1.0,0.01,4.57,9.79,1.30923,0.10702,1.70546,4e-05,0.0,-9999.0,10.3,62.27
201203230300,201203230330,-9999.0,1.0,0.164,3.172,8.08,1.17155,-0.251353,1.57328,0.000708,0.0,-9999.0,10.25,70.6
201203230330,201203230400,-9999.0,1.0,0.064,3.711,10.301,1.3489,0.080059,1.75156,0.000294,0.0,-9999.0,10.2,-9999.0
201203230400,201203230430,-9999.0,1.0,0.079,2.336,6.333,1.03716,-0.342198,1.44296,0.000385,0.0,-9999.0,10.14,75.6
201203230430,201203230500,-9999.0,1.0,0.066,2.185,6.226,1.02838,-0.360124,1.43699,0.000341,0.0,-9999.0,10.09,77.0
201203230500,201203230530,2.30624,0.0,0.084,2.607,7.64,1.13342,-0.812352,1.5485,0.000457,0.0,-9999.0,10.04,75.1
201203230530,201203230600,-9999.0,1.0,0.119,3.308,8.9,1.23067,0.012242,1.65016,0.000681,0.0,-9999.0,9.99,71.0
201203230600,201203230630,-9999.0,1.0,6.887,3.077,8.56,1.20272,-0.280889,1.62569,0.039434,18.0331,-9999.0,9.94,72.4
201203230630,201203230700,-9999.0,1.0,39.59,2.775,7.64,1.13038,-0.684989,1.55559,0.19797,136.065,-9999.0,9.89,73.5
201203230700,201203230730,-9999.0,2.0,147.4,2.531,6.745,1.06197,0.115366,1.48808,0.558062,267.51,-9999.0,9.84,74.3
201203230730,201203230800,-9999.0,2.0,292.0,4.448,9.93,1.30891,1.31378,1.74299,0.929587,394.69,-9999.0,9.79,63.62
201203230800,201203230830,-9999.0,1.0,371.4,6.499,12.73,1.54354,2.36449,1.97538,1.1188,515.428,-9999.0,9.74,55.85
201203230830,201203230900,-9999.0,1.0,397.9,7.595,14.38,1.68822,4.62154,2.11651,1.18708,627.658,-9999.0,9.7,53.66
201203230900,201203230930,-9999.0,1.0,551.8,9.474,16.76,1.90584,2.52247,2.32189,1.51063,729.46,-9999.0,9.67,50.37
201203230930,201203231000,-9999.0,1.0,721.0,15.183,19.73,2.19033,1.65752,2.58139,1.72213,819.093,-9999.0,9.64,33.99
201203231000,201203231030,-9999.0,1.0,816.0,17.099,20.82,2.29657,1.88828,2.68005,1.85048,895.022,-9999.0,9.62,30.5
201203231030,201203231100,-0.994228,0.0,436.0,18.161,20.67,2.27952,3.57881,2.671,1.14141,955.949,-9999.0,9.62,25.5
201203231100,201203231130,-9999.0,1.0,656.1,20.364,21.35,2.34553,0.951842,2.73442,1.50563,1000.83,-9999.0,9.64,19.88
201203231130,201203231200,-9999.0,1.0,818.0,21.929,22.56,2.46594,1.60688,2.84463,1.74876,1028.9,-9999.0,9.69,19.86
201203231200,201203231230,-9999.0,1.0,658.1,21.83,22.56,2.46371,1.3379,2.84889,1.47551,1039.67,-9999.0,9.76,20.22
201203231230,201203231300,-9999.0,1.0,767.0,22.965,23.2,2.52691,0.118074,2.90952,1.63109,1032.97,-9999.0,9.83,19.26
201203231300,201203231330,1.06052,0.0,625.3,23.678,23.45,2.55028,1.75705,2.93594,1.37909,1008.91,-9999.0,9.91,18.0
201203231330,201203231400,1.15453,0.0,541.0,23.003,23.39,2.5418,1.6541,2.935,1.24476,967.889,-9999.0,9.99,20.05
201203231400,201203231430,1.97264,0.0,401.4,22.829,23.36,2.53641,0.829746,2.93671,1.00678,910.623,-9999.0,10.07,20.51
201203231430,201203231500,2.10375,0.0,327.8,20.739,22.65,2.46166,0.631467,2.87814,0.915871,838.087,-9999.0,10.16,24.62
201203231500,201203231530,2.38233,0.0,464.1,18.356,22.18,2.41184,0.307449,2.84072,1.20837,751.523,-9999.0,10.25,31.35
201203231530,201203231600,1.43758,0.0,379.5,15.468,21.02,2.29354,1.14565,2.74206,1.13945,652.412,-9999.0,10.34,37.9
201203231600,201203231630,-9999.0,1.0,285.8,14.744,20.24,2.21446,0.904376,2.677,0.991529,542.449,-9999.0,10.43,37.89
201203231630,201203231700,-9999.0,1.0,201.6,13.684,19.46,2.13637,0.986753,2.6119,0.852214,423.516,-9999.0,10.51,39.5
201203231700,201203231730,-9999.0,1.0,111.2,13.832,18.64,2.05545,0.573604,2.54324,0.62294,297.648,-9999.0,10.59,35.64
201203231730,201203231800,-9999.0,1.0,41.09,13.271,17.72,1.96627,1.05647,2.46578,0.346397,166.999,-9999.0,10.65,34.58
201203231800,201203231830,1.09555,0.0,13.14,11.777,16.59,1.85914,1.08552,2.36996,0.145993,37.8813,-9999.0,10.71,37.64
201203231830,201203231900,1.30014,0.0,0.619,9.206,14.91,1.70486,0.735034,2.22647,0.008017,0.0,-9999.0,10.75,45.72
201203231900,201203231930,0.769182,0.0,0.33,7.673,13.54,1.58264,1.14837,2.11083,0.004379,0.0,-9999.0,10.77,50.56
201203231930,201203232000,-9999.0,1.0,0.33,6.617,12.43,1.48604,0.108348,2.01831,0.004472,0.0,-9999.0,10.78,54.15
201203232000,201203232030,-9999.0,1.0,0.33,5.899,11.61,1.41598,0.051563,1.95109,0.004564,0.0,-9999.0,10.77,56.86
201203232030,201203232100,-9999.0,1.0,0.317,5.146,10.81,1.34899,-0.094245,1.88587,0.004474,0.0,-9999.0,10.76,60.31
201203232100,201203232130,-9999.0,1.0,0.288,4.378,9.88,1.27311,-0.089774,1.81004,0.004146,0.0,-9999.0,10.73,64.07
201203232130,201203232200,-9999.0,1.0,0.323,3.975,9.17,1.21622,-0.132428,1.75312,0.004739,0.0,-9999.0,10.7,65.78
201203232200,201203232230,-9999.0,1.0,0.309,3.46,8.19,1.14005,-0.49209,1.67415,0.004621,0.0,-9999.0,10.66,68.17
201203232230,201203232300,-9999.0,1.0,0.122,3.619,8.2,1.13975,-0.493217,1.6774,0.001862,0.0,-9999.0,10.61,66.73
201203232300,201203232330,-9999.0,1.0,0.011,4.243,8.77,1.18202,-0.258039,1.72728,0.000171,0.0,-9999.0,10.56,62.47
201203232330,201203240000,-9999.0,1.0,0.199,4.063,8.4,1.15275,-0.426758,1.6989,0.003147,0.0,-9999.0,10.5,63.15
201203240000,201203240030,-9999.0,1.0,0.036,3.29,7.46,1.08151,-0.551857,1.62343,0.00058,0.0,-9999.0,10.45,68.19
201203240030,201203240100,-9999.0,1.0,0.024,3.316,7.45,1.07977,-0.554444,1.62494,0.000394,0.0,-9999.0,10.39,67.92
201203240100,201203240130,-0.383049,0.0,0.039,3.06,6.965,1.04342,1.75203,1.58735,0.000651,0.0,-9999.0,10.34,69.39
201203240130,201203240200,-9999.0,1.0,0.122,2.327,5.811,0.960591,-0.482656,1.49557,0.002068,0.0,-9999.0,10.28,74.8
201203240200,201203240230,-9999.0,1.0,0.134,2.217,5.999,0.972809,-0.54818,1.51295,0.002308,0.0,-9999.0,10.22,76.3
201203240230,201203240300,-9999.0,1.0,0.118,2.727,6.794,1.02821,-0.677663,1.58011,0.002066,0.0,-9999.0,10.16,72.4
201203240300,201203240330,-9999.0,1.0,0.124,2.318,5.99,0.970367,-0.593263,1.51656,0.002206,0.0,-9999.0,10.1,75.2
201203240330,201203240400,-9999.0,1.0,0.159,2.089,4.902,0.894969,0.075948,1.43081,0.002872,0.0,-9999.0,10.03,75.9
201203240400,201203240430,-9999.0,1.0,0.003,1.509,4.034,0.836793,-0.0868,1.36375,5.5e-05,0.0,-9999.0,9.97,81.5
201203240430,201203240500,1.50627,0.0,0.001,1.679,4.235,0.849113,-0.348239,1.38162,1.9e-05,0.0,-9999.0,9.9,79.7
201203240500,201203240530,-0.256248,0.0,0.0,1.705,4.386,0.858217,1.42345,1.39561,0.0,0.0,-9999.0,9.84,79.6
201203240530,201203240600,1.13242,0.0,0.164,1.668,4.861,0.888882,0.067041,1.43568,0.003146,0.0,-9999.0,9.77,80.7
201203240600,201203240630,-9999.0,1.0,8.77,1.772,4.936,0.893061,-0.255347,1.44377,0.155833,21.5143,-9999.0,9.7,79.6
201203240630,201203240700,-9999.0,1.0,44.77,2.048,5.29,0.916046,-0.795361,1.47451,0.594717,142.372,-9999.0,9.64,77.0
201203240700,201203240730,0.93229,0.0,95.1,2.593,6.062,0.968114,0.348984,1.53983,0.946332,273.719,-9999.0,9.58,72.4
201203240730,201203240800,-9999.0,1.0,262.9,3.553,7.71,1.08466,0.843604,1.67962,1.47888,400.805,-9999.0,9.52,66.23
201203240800,201203240830,0.85,0.0,400.6,4.821,10.42,1.28949,0.756387,1.91496,1.71916,521.453,-9999.0,9.47,61.84
201203240830,201203240900,0.02679,0.0,510.5,7.329,13.99,1.58161,1.86082,2.23469,1.86877,633.6,-9999.0,9.41,54.14
201203240900,201203240930,-9999.0,1.0,618.3,10.32,16.65,1.81331,1.65776,2.4798,1.96583,735.326,-9999.0,9.38,45.56
201203240930,201203241000,-9999.0,1.0,664.6,12.919,18.75,2.0035,1.24228,2.67695,1.80464,824.892,-9999.0,9.34,40.3
201203241000,201203241030,-0.311665,0.0,758.0,13.823,19.26,2.04915,2.62553,2.72805,1.81366,900.765,-9999.0,9.33,38.12
201203241030,201203241100,0.649401,0.0,847.0,15.203,19.95,2.11205,1.71923,2.79616,1.77515,961.646,-9999.0,9.33,34.8
201203241100,201203241130,0.419037,0.0,503.2,16.112,20.52,2.16405,1.99431,2.85335,1.45089,1006.49,-9999.0,9.35,33.29
201203241130,201203241200,0.395871,0.0,717.0,16.453,20.7,2.17913,2.02938,2.8742,1.59208,1034.54,-9999.0,9.4,32.63
201203241200,201203241230,0.411664,0.0,800.0,17.915,21.66,2.26903,2.09113,2.96842,1.54621,1045.31,-9999.0,9.47,30.84
201203241230,201203241300,1.85751,0.0,678.2,19.03,22.07,2.30647,0.676483,3.0112,1.3965,1038.61,-9999.0,9.55,28.35
201203241300,201203241330,1.00261,0.0,446.8,18.578,21.66,2.26472,1.49348,2.9767,1.26439,1014.56,-9999.0,9.62,28.28
201203241330,201203241400,1.9298,0.0,480.5,18.607,21.72,2.26834,0.567984,2.9865,1.28914,973.578,-9999.0,9.7,28.43
201203241400,201203241430,-9999.0,1.0,372.2,17.801,21.3,2.22592,0.942208,2.95093,1.25702,916.354,-9999.0,9.78,29.75
201203241430,201203241500,-9999.0,1.0,275.9,17.319,20.89,2.18475,0.742106,2.91623,1.19834,843.873,-9999.0,9.87,29.91
201203241500,201203241530,-9999.0,1.0,279.8,16.299,20.27,2.12409,0.604968,2.86162,1.26941,757.373,-9999.0,9.95,31.47
201203241530,201203241600,-9999.0,1.0,335.1,18.047,21.28,2.21764,0.797787,2.9613,1.22446,658.335,-9999.0,10.04,28.69
201203241600,201203241630,1.78035,0.0,239.7,18.248,21.11,2.19936,0.649829,2.94924,1.12525,548.454,-9999.0,10.12,27.14
201203241630,201203241700,1.8068,0.0,158.7,17.453,20.48,2.13773,0.567813,2.89342,1.05332,429.61,-9999.0,10.2,27.56
201203241700,201203241730,-9999.0,1.0,125.9,16.995,20.13,2.10286,0.61853,2.86414,1.00759,303.835,-9999.0,10.27,27.92
201203241730,201203241800,-9999.0,1.0,78.7,15.847,19.46,2.03855,0.751309,2.80439,0.886805,173.283,-9999.0,10.34,29.94
201203241800,201203241830,1.08363,0.0,20.47,14.061,18.38,1.93756,1.10899,2.70576,0.411025,42.843,-9999.0,10.4,33.5
201203241830,201203241900,-9999.0,1.0,0.661,12.022,16.91,1.80377,0.709315,2.57051,0.017384,0.0,-9999.0,10.45,37.62
201203241900,201203241930,-9999.0,1.0,0.149,10.634,15.76,1.70122,0.659161,2.46585,0.003988,0.0,-9999.0,10.49,40.63
201203241930,201203242000,-9999.0,1.0,0.068,9.476,14.72,1.61034,-0.405209,2.37185,0.001841,0.0,-9999.0,10.51,43.44
201203242000,201203242030,-9999.0,1.0,0.104,8.467,13.91,1.54061,0.003378,2.2996,0.002843,0.0,-9999.0,10.52,46.74
201203242030,201203242100,-9999.0,1.0,0.207,7.009,12.56,1.42814,0.076125,2.17773,0.005711,0.0,-9999.0,10.52,51.85
201203242100,201203242130,-9999.0,1.0,0.231,6.085,11.92,1.37535,-0.02877,2.12181,0.006436,0.0,-9999.0,10.51,56.4
201203242130,201203242200,-9999.0,1.0,0.111,5.746,11.62,1.35021,-0.040409,2.09718,0.003128,0.0,-9999.0,10.49,58.0
201203242200,201203242230,-9999.0,1.0,0.103,5.365,11.12,1.30963,-0.020944,2.05425,0.002932,0.0,-9999.0,10.47,59.47
201203242230,201203242300,-9999.0,1.0,0.006,4.543,10.08,1.22831,-0.397473,1.96241,0.000173,0.0,-9999.0,10.44,63.21
201203242300,201203242330,-9999.0,1.0,0.0,5.913,11.12,1.30709,-0.025341,2.05982,0.0,0.0,-9999.0,10.4,55.33
201203242330,201203250000,-9999.0,1.0,0.003,5.56,10.76,1.27793,-0.095392,2.02966,8.8e-05,0.0,-9999.0,10.36,56.98
201203250000,201203250030,-9999.0,1.0,0.013,4.876,9.89,1.21038,-0.264575,1.95313,0.000385,0.0,-9999.0,10.32,60.01
201203250030,201203250100,-9999.0,1.0,0.016,4.738,9.71,1.19569,-0.182252,1.93644,0.000473,0.0,-9999.0,10.27,60.67
201203250100,201203250130,-9999.0,1.0,0.0,5.718,10.87,1.28268,-0.083911,2.04095,0.0,0.0,-9999.0,10.23,56.08
201203250130,201203250200,-9999.0,1.0,0.036,6.528,11.77,1.35156,-0.066988,2.12208,0.00106,0.0,-9999.0,10.19,52.76
201203250200,201203250230,0.27984,0.0,0.06,5.654,11.06,1.29484,1.29762,2.0566,0.001763,0.0,-9999.0,10.15,57.11
201203250230,201203250300,-9999.0,1.0,0.008,4.696,10.58,1.25671,-0.025335,2.01262,0.000235,0.0,-9999.0,10.11,63.22
201203250300,201203250330,-9999.0,1.0,0.0,5.219,11.17,1.30082,0.002628,2.06484,0.0,0.0,-9999.0,10.07,60.7
201203250330,201203250400,-9999.0,1.0,0.0,4.915,10.75,1.26724,-0.028496,2.02644,0.0,0.0,-9999.0,10.04,61.94
201203250400,201203250430,-9999.0,1.0,0.0,4.52,10.22,1.22575,-0.171198,1.97873,0.0,0.0,-9999.0,10.0,63.74
201203250430,201203250500,-9999.0,1.0,0.0,4.083,9.79,1.19233,-0.190825,1.94036,0.0,0.0,-9999.0,9.97,66.29
201203250500,201203250530,-9999.0,1.0,0.0,4.302,9.97,1.20459,-0.260424,1.9557,0.0,0.0,-9999.0,9.94,64.91
201203250530,201203250600,-9999.0,1.0,0.126,4.289,9.74,1.18628,-0.198587,1.93518,0.003654,0.0,-9999.0,9.91,64.47
201203250600,201203250630,1.37978,0.0,5.06,4.553,10.12,1.21345,0.111104,1.96782,0.138703,25.2628,-9999.0,9.87,63.23
201203250630,201203250700,-9999.0,1.0,31.94,5.006,10.83,1.26589,-0.617276,2.0291,0.679402,148.654,-9999.0,9.84,61.44
201203250700,201203250730,-9999.0,1.0,83.2,5.354,11.32,1.30219,-0.349219,2.07106,1.24384,279.898,-9999.0,9.8,60.08
201203250730,201203250800,-9999.0,1.0,297.2,7.204,13.45,1.46907,0.85315,2.25686,1.9936,406.882,-9999.0,9.78,53.31
201203250800,201203250830,-9999.0,1.0,416.5,10.102,16.28,1.70284,3.48929,2.50588,2.12926,527.435,-9999.0,9.75,45.44
201203250830,201203250900,-9999.0,1.0,444.2,12.594,18.12,1.86065,1.79604,2.66704,1.87391,639.493,-9999.0,9.73,39.46
201203250900,201203250930,-9999.0,1.0,527.7,13.012,18.5,1.89233,1.20239,2.69742,1.87503,741.14,-9999.0,9.7,38.92
201203250930,201203251000,-9999.0,1.0,568.0,12.973,18.29,1.87193,1.26647,2.67524,1.89875,830.635,-9999.0,9.7,38.3
201203251000,201203251030,0.622834,0.0,690.2,14.617,19.08,1.94003,1.52912,2.74145,1.75596,906.447,-9999.0,9.71,33.83
201203251030,201203251100,0.270942,0.0,519.7,15.093,19.38,1.96487,1.90145,2.76401,1.65903,967.28,-9999.0,9.72,32.94
201203251100,201203251130,-9999.0,1.0,533.4,15.802,20.0,2.01855,1.25688,2.81437,1.59543,1012.09,-9999.0,9.76,32.44
201203251130,201203251200,-9999.0,1.0,471.4,15.761,20.03,2.01925,1.0401,2.81279,1.57858,1040.12,-9999.0,9.81,32.74
201203251200,201203251230,-9999.0,1.0,674.4,17.022,20.88,2.09419,0.846237,2.88238,1.51451,1050.88,-9999.0,9.87,31.07
201203251230,201203251300,1.23819,0.0,642.6,17.927,21.36,2.13592,1.07691,2.91931,1.42608,1044.18,-9999.0,9.94,29.51
201203251300,201203251330,0.673061,0.0,563.1,18.339,21.48,2.14478,1.64815,2.92487,1.37519,1020.16,-9999.0,10.01,28.42
201203251330,201203251400,1.36962,0.0,420.5,19.19,21.74,2.16647,0.968687,2.94231,1.26843,979.202,-9999.0,10.08,26.28
201203251400,201203251430,1.15899,0.0,278.9,18.654,21.57,2.14873,1.16262,2.92289,1.24074,922.024,-9999.0,10.16,27.59
201203251430,201203251500,1.27896,0.0,572.5,17.646,21.68,2.15665,1.04793,2.92735,1.44101,849.6,-9999.0,10.23,31.96
201203251500,201203251530,1.22683,0.0,381.3,16.434,21.4,2.12893,1.07482,2.89883,1.48287,763.168,-9999.0,10.32,35.54
201203251530,201203251600,1.27022,0.0,174.4,15.444,20.51,2.05612,0.958805,2.81938,1.33672,664.209,-9999.0,10.4,36.02
201203251600,201203251630,-9999.0,1.0,190.7,14.755,19.93,2.01154,0.397713,2.76657,1.41875,554.415,-9999.0,10.48,36.64
201203251630,201203251700,-9999.0,1.0,218.1,14.325,19.98,2.02371,0.524693,2.76655,1.50285,435.664,-9999.0,10.56,38.68
201203251700,201203251730,-9999.0,1.0,151.4,12.814,19.35,1.97445,0.373986,2.71033,1.45188,309.99,-9999.0,10.63,42.96
201203251730,201203251800,1.60431,0.0,75.4,11.339,18.29,1.88699,0.441316,2.61935,1.12774,179.541,-9999.0,10.69,46.07
201203251800,201203251830,-9999.0,1.0,16.71,10.373,17.27,1.80391,0.45096,2.53259,0.392854,48.0666,-9999.0,10.74,47.39
201203251830,201203251900,-9999.0,1.0,0.986,8.86,15.87,1.689,-0.162025,2.41599,0.026991,0.0,-9999.0,10.78,50.88
201203251900,201203251930,-9999.0,1.0,0.328,8.132,15.0,1.62097,-0.381271,2.3434,0.009023,0.0,-9999.0,10.81,52.33
201203251930,201203252000,-9999.0,1.0,0.318,7.71,14.38,1.57458,-0.438681,2.2916,0.008732,0.0,-9999.0,10.83,52.96
201203252000,201203252030,-9999.0,1.0,0.309,6.454,13.25,1.48625,-0.026991,2.19987,0.008469,0.0,-9999.0,10.84,57.62
201203252030,201203252100,-9999.0,1.0,0.283,5.006,12.09,1.39708,-0.165758,2.10695,0.007744,0.0,-9999.0,10.84,64.53
201203252100,201203252130,-0.06389,0.0,0.225,4.633,11.44,1.35008,1.59975,2.05499,0.006148,0.0,-9999.0,10.82,65.73
201203252130,201203252200,3.14545,0.0,0.281,4.039,10.53,1.28315,-1.67198,1.98349,0.00766,0.0,-9999.0,10.8,68.26
201203252200,201203252230,-0.396971,0.0,0.231,3.196,9.56,1.21275,1.80437,1.9083,0.006288,0.0,-9999.0,10.77,73.2
201203252230,201203252300,-9999.0,1.0,0.314,2.426,8.6,1.14451,-0.566917,1.83488,0.008523,0.0,-9999.0,10.73,78.3
201203252300,201203252330,-9999.0,1.0,0.282,2.349,8.4,1.13371,-0.638113,1.81972,0.007642,0.0,-9999.0,10.69,78.7
201203252330,201203260000,1.89027,0.0,0.244,2.119,7.52,1.07285,-0.617532,1.75372,0.006602,0.0,-9999.0,10.64,79.6
201203260000,201203260030,0.281362,0.0,0.313,1.816,6.698,1.01737,0.937556,1.69291,0.008447,0.0,-9999.0,10.59,81.5
201203260030,201203260100,2.20725,0.0,0.259,1.746,6.207,0.986191,-1.01937,1.65723,0.006979,0.0,-9999.0,10.53,81.6
201203260100,201203260130,0.471696,0.0,0.251,1.541,6.332,0.998556,0.726667,1.66703,0.006751,0.0,-9999.0,10.48,83.9
201203260130,201203260200,1.86925,0.0,0.173,1.466,6.252,0.996422,-0.674223,1.66178,0.004648,0.0,-9999.0,10.42,84.6
201203260200,201203260230,1.68246,0.0,0.176,1.249,5.73,0.963096,-0.520495,1.62448,0.004719,0.0,-9999.0,10.37,86.4
201203260230,201203260300,1.81247,0.0,0.199,1.546,6.382,1.0128,-0.604512,1.67244,0.005324,0.0,-9999.0,10.31,83.9
201203260300,201203260330,0.532988,0.0,0.271,1.521,5.968,0.986741,0.648998,1.64314,0.007231,0.0,-9999.0,10.25,83.7
201203260330,201203260400,0.075091,0.0,0.231,1.602,6.19,1.00609,1.12396,1.65979,0.006153,0.0,-9999.0,10.19,83.1
201203260400,201203260430,1.17324,0.0,0.275,1.52,5.347,0.949693,-0.029009,1.60017,0.007308,0.0,-9999.0,10.14,83.0
201203260430,201203260500,-9999.0,1.0,0.245,1.154,5.027,0.930632,-0.462077,1.57833,0.0065,0.0,-9999.0,10.08,86.8
201203260500,201203260530,-9999.0,1.0,0.034,0.825,6.03,1.00505,-0.591427,1.65031,0.000902,0.0,-9999.0,10.03,91.2
201203260530,201203260600,-9999.0,1.0,0.328,0.899,6.629,1.05236,-0.582054,1.69348,0.00866,0.0,-9999.0,9.98,90.8
201203260600,201203260630,-9999.0,1.0,13.23,1.037,6.52,1.04792,-0.587466,1.68628,0.310815,29.3336,-9999.0,9.92,89.3
201203260630,201203260700,-9999.0,1.0,88.8,1.063,6.736,1.06759,0.088393,1.70206,1.28388,154.909,-9999.0,9.87,89.2
201203260700,201203260730,-9999.0,1.0,199.4,2.478,8.38,1.19758,1.62907,1.81851,1.85528,286.043,-9999.0,9.82,77.5
201203260730,201203260800,-9999.0,1.0,308.5,5.01,11.63,1.47019,1.99455,2.04856,2.12815,412.921,-9999.0,9.77,63.41
201203260800,201203260830,-2.43874,0.0,411.6,7.036,14.11,1.69557,4.23571,2.22294,2.28445,533.373,-9999.0,9.73,56.31
201203260830,201203260900,-9999.0,1.0,504.3,9.297,16.34,1.91008,2.33214,2.37785,2.38265,645.337,-9999.0,9.69,49.98
201203260900,201203260930,-9999.0,1.0,590.5,11.383,18.05,2.08301,1.30509,2.49436,2.24468,746.898,-9999.0,9.66,45.04
201203260930,201203261000,1.37529,0.0,663.0,13.28,18.81,2.16578,0.800068,2.54351,2.0148,836.318,-9999.0,9.63,38.86
201203261000,201203261030,1.62201,0.0,719.0,13.705,19.13,2.20533,0.582619,2.56176,1.97832,912.067,-9999.0,9.63,38.15
201203261030,201203261100,2.19806,0.0,760.0,14.884,19.72,2.27282,0.057703,2.59812,1.83711,972.849,-9999.0,9.64,35.25
201203261100,201203261130,-9999.0,1.0,789.0,16.24,20.45,2.35575,1.71707,2.64336,1.67892,1017.62,-9999.0,9.67,32.47
201203261130,201203261200,-9999.0,1.0,797.0,17.548,21.319,2.45459,1.57001,2.69714,1.53361,1045.63,-9999.0,9.73,-9999.0
201203261200,201203261230,-9999.0,1.0,801.0,17.839,21.413,2.47266,1.58518,2.69863,1.50387,1056.38,-9999.0,9.8,-9999.0
201203261230,201203261300,-9999.0,1.0,801.0,19.006,22.25,2.57016,1.55782,2.74892,1.38452,1049.69,-9999.0,9.87,29.22
201203261300,201203261330,2.30114,0.0,408.9,19.732,22.62,2.61855,0.210608,2.7679,1.23824,1025.68,-9999.0,9.96,28.15
201203261330,201203261400,1.83262,0.0,286.4,18.865,22.04,2.56441,0.635547,2.725,1.24604,984.761,-9999.0,10.03,28.84
201203261400,201203261430,1.68981,0.0,432.1,15.507,21.42,2.50603,0.731441,2.67991,1.65575,927.631,-9999.0,10.11,39.25
201203261430,201203261500,1.86366,0.0,569.8,15.808,21.43,2.51526,0.562412,2.67576,1.68518,855.268,-9999.0,10.19,38.11
201203261500,201203261530,1.79393,0.0,391.5,15.946,21.29,2.50833,0.624606,2.66202,1.58669,768.909,-9999.0,10.26,37.03
201203261530,201203261600,-9999.0,1.0,71.5,12.144,19.12,2.28536,0.435274,2.51893,1.05569,670.032,-9999.0,10.35,45.16
201203261600,201203261630,2.43544,0.0,10.88,4.034,14.2,1.79615,-0.582942,2.19864,0.252407,560.33,-9999.0,10.43,75.1
201203261630,201203261700,1.32951,0.0,15.07,2.888,13.3,1.7157,0.455273,2.13858,0.33799,441.679,-9999.0,10.51,81.1
201203261700,201203261730,2.03269,0.0,26.84,2.827,13.22,1.71358,-0.251253,2.13185,0.552308,316.11,-9999.0,10.58,81.4
201203261730,201203261800,2.40185,0.0,31.74,3.458,13.46,1.742,-0.598647,2.14563,0.631203,185.77,-9999.0,10.63,77.6
201203261800,201203261830,1.98868,0.0,11.12,3.226,13.24,1.72644,-0.199846,2.12999,0.255799,53.607,-9999.0,10.67,78.8
201203261830,201203261900,2.86973,0.0,0.721,3.019,12.81,1.69084,-1.11176,2.1012,0.01799,0.0,-9999.0,10.69,79.6
201203261900,201203261930,-9999.0,1.0,0.326,3.108,12.67,1.68286,0.075377,2.09095,0.008144,0.0,-9999.0,10.71,78.8
201203261930,201203262000,-9999.0,1.0,0.235,3.448,12.68,1.68911,0.040755,2.09021,0.005863,0.0,-9999.0,10.72,76.5
201203262000,201203262030,1.60434,0.0,0.108,3.695,12.49,1.67628,0.13705,2.07699,0.002691,0.0,-9999.0,10.72,74.5
201203262030,201203262100,2.08463,0.0,0.016,3.427,12.08,1.64252,-0.372583,2.05023,0.000398,0.0,-9999.0,10.71,75.7
201203262100,201203262130,2.77698,0.0,0.001,3.452,11.88,1.6287,-1.07783,2.0367,2.5e-05,0.0,-9999.0,10.69,75.2
201203262130,201203262200,2.15908,0.0,0.042,3.061,11.27,1.57633,-0.504799,1.99805,0.001041,0.0,-9999.0,10.67,77.1
201203262200,201203262230,2.07298,0.0,0.006,3.315,10.91,1.54762,-0.444017,1.97507,0.000148,0.0,-9999.0,10.64,74.6
201203262230,201203262300,1.34938,0.0,0.03,3.027,10.46,1.51069,0.247346,1.94679,0.00074,0.0,-9999.0,10.61,76.1
201203262300,201203262330,1.58159,0.0,0.006,3.622,10.83,1.54972,0.046393,1.96866,0.000148,0.0,-9999.0,10.58,72.1
201203262330,201203270000,1.41592,0.0,0.0,4.5,11.67,1.63393,0.280409,2.01858,0.0,0.0,-9999.0,10.53,67.22
201203270000,201203270030,1.22604,0.0,0.0,5.036,12.15,1.68521,0.510924,2.04625,0.0,0.0,-9999.0,10.49,64.46
201203270030,201203270100,1.98479,0.0,0.0,5.016,11.72,1.64876,-0.279082,2.01653,0.0,0.0,-9999.0,10.45,63.58
201203270100,201203270130,1.4807,0.0,0.0,4.895,11.36,1.61918,0.199323,1.99088,0.0,0.0,-9999.0,10.4,63.6
201203270130,201203270200,0.730797,0.0,0.0,5.759,12.2,1.70555,1.01848,2.03729,0.0,0.0,-9999.0,10.36,59.49
201203270200,201203270230,0.682745,0.0,0.0,5.485,12.06,1.69699,1.05815,2.0249,0.0,0.0,-9999.0,10.31,61.06
201203270230,201203270300,0.612847,0.0,0.0,4.897,11.6,1.65719,1.09422,1.9932,0.0,0.0,-9999.0,10.27,64.16
201203270300,201203270330,0.983211,0.0,0.0,4.697,11.4,1.64273,0.71069,1.97709,0.0,0.0,-9999.0,10.23,65.17
201203270330,201203270400,0.354064,0.0,0.0,5.197,11.81,1.68774,1.37515,1.99783,0.0,0.0,-9999.0,10.18,62.49
201203270400,201203270430,-9999.0,1.0,0.0,4.814,11.63,1.67509,-0.152938,1.98293,0.0,0.0,-9999.0,10.15,64.84
201203270430,201203270500,-9999.0,1.0,0.0,4.379,11.03,1.62149,-0.21943,1.94249,0.0,0.0,-9999.0,10.11,66.72
201203270500,201203270530,1.36462,0.0,0.0,4.734,11.37,1.65951,0.337616,1.95908,0.0,0.0,-9999.0,10.08,64.82
201203270530,201203270600,0.329575,0.0,0.409,4.339,10.98,1.62626,1.34426,1.93129,0.009085,0.0,-9999.0,10.05,66.91
201203270600,201203270630,-0.072876,0.0,15.99,4.567,11.24,1.65655,1.77008,1.94306,0.314649,36.9053,-9999.0,10.02,65.77
201203270630,201203270700,0.443605,0.0,91.6,5.212,11.96,1.73306,1.31411,1.98288,1.18749,165.549,-9999.0,9.99,62.75
201203270700,201203270730,-9999.0,2.0,187.5,6.006,12.65,1.80815,1.75573,2.02089,1.70896,296.46,-9999.0,9.96,58.98
201203270730,201203270800,-9999.0,1.0,284.6,7.792,14.56,2.01338,1.42413,2.13288,2.00562,423.047,-9999.0,9.93,53.01
201203270800,201203270830,-9999.0,1.0,394.9,8.293,15.74,2.14709,3.80333,2.20042,2.22605,543.142,-9999.0,9.91,53.64
201203270830,201203270900,-9999.0,1.0,494.1,10.227,17.31,2.32832,1.9781,2.29125,2.3367,654.69,-9999.0,9.89,48.26
201203270900,201203270930,-9999.0,1.0,586.9,12.543,18.57,2.47935,1.31412,2.36325,2.09662,755.784,-9999.0,9.87,41.38
201203270930,201203271000,-9999.0,1.0,655.7,13.543,19.24,2.56466,1.37964,2.39997,2.00034,844.693,-9999.0,9.87,39.3
201203271000,201203271030,-9999.0,1.0,716.0,13.893,19.44,2.59561,1.58018,2.40872,1.98277,919.896,-9999.0,9.88,38.5
201203271030,201203271100,-9999.0,1.0,761.0,15.1,20.26,2.70062,1.74448,2.45449,1.83019,980.106,-9999.0,9.9,36.47
201203271100,201203271130,1.54335,0.0,787.0,16.457,20.93,2.78914,1.00283,2.49137,1.65359,1024.29,-9999.0,9.94,33.56
201203271130,201203271200,-9999.0,1.0,800.0,17.712,21.65,2.885,1.88674,2.53125,1.49556,1051.7,-9999.0,10.0,31.58
201203271200,201203271230,-9999.0,1.0,792.0,18.891,22.33,2.97721,1.82879,2.56881,1.35197,1061.86,-9999.0,10.07,29.99
201203271230,201203271300,-9999.0,1.0,779.0,19.383,22.31,2.9832,1.36016,2.56487,1.29183,1054.6,-9999.0,10.15,28.08
201203271300,201203271330,-9999.0,1.0,746.0,20.665,22.86,3.06049,0.818135,2.59486,1.14919,1030.04,-9999.0,10.24,25.84
201203271330,201203271400,2.69757,0.0,723.0,22.171,23.67,3.17162,0.111642,2.64036,1.00179,988.607,-9999.0,10.32,24.23
201203271400,201203271430,2.32763,0.0,502.5,21.866,23.44,3.1513,0.465335,2.62412,0.983781,931.003,-9999.0,10.4,24.23
201203271430,201203271500,1.64838,0.0,451.1,21.428,23.05,3.11057,1.11399,2.59822,1.00063,858.216,-9999.0,10.49,23.98
201203271500,201203271530,1.64386,0.0,305.2,21.501,23.1,3.12567,1.1272,2.59858,0.925326,771.492,-9999.0,10.59,23.95
201203271530,201203271600,1.35786,0.0,390.8,22.055,23.35,3.16639,1.43985,2.61097,0.922165,672.314,-9999.0,10.69,23.16
201203271600,201203271630,1.64582,0.0,261.4,22.192,23.36,3.17651,1.15705,2.60898,0.842435,562.38,-9999.0,10.79,22.73
201203271630,201203271700,1.17683,0.0,207.8,22.136,23.22,3.16734,1.6177,2.59793,0.797581,443.57,-9999.0,10.88,22.27
201203271700,201203271730,2.58306,0.0,123.2,21.432,22.79,3.12084,0.17701,2.56924,0.707283,317.918,-9999.0,10.96,22.76
201203271730,201203271800,0.86799,0.0,47.66,19.591,21.83,3.00671,1.80993,2.50802,0.48466,187.573,-9999.0,11.03,25.15
201203271800,201203271830,1.69249,0.0,15.68,16.862,20.47,2.84321,0.86758,2.42164,0.226357,55.2891,-9999.0,11.09,29.97
201203271830,201203271900,-9999.0,1.0,1.207,15.283,19.2,2.69308,1.42404,2.34,0.020254,0.0,-9999.0,11.14,31.33
201203271900,201203271930,-9999.0,1.0,0.001,14.043,18.19,2.57665,1.33569,2.27391,1.7e-05,0.0,-9999.0,11.17,32.79
201203271930,201203272000,-9999.0,1.0,0.0,12.548,17.07,2.44836,1.31881,2.20048,0.0,0.0,-9999.0,11.19,35.55
201203272000,201203272030,-9999.0,1.0,0.0,11.704,16.34,2.36797,0.801218,2.15113,0.0,0.0,-9999.0,11.2,37.03
201203272030,201203272100,-9999.0,1.0,0.0,11.789,16.14,2.3507,0.786996,2.13497,0.0,0.0,-9999.0,11.19,35.76
201203272100,201203272130,-9999.0,1.0,0.0,11.592,15.92,2.33101,0.862165,2.11749,0.0,0.0,-9999.0,11.18,35.94
201203272130,201203272200,-9999.0,1.0,0.0,11.517,15.67,2.30775,0.662942,2.09806,0.0,0.0,-9999.0,11.16,35.33
201203272200,201203272230,-9999.0,1.0,0.0,11.527,15.53,2.29744,0.653901,2.08554,0.0,0.0,-9999.0,11.14,34.69
201203272230,201203272300,-9999.0,1.0,0.0,10.777,14.93,2.23303,0.604606,2.04375,0.0,0.0,-9999.0,11.11,36.54
201203272300,201203272330,-9999.0,1.0,0.0,10.244,14.3,2.16559,0.677619,1.9999,0.0,0.0,-9999.0,11.07,37.17
201203272330,201203280000,-9999.0,1.0,0.0,10.006,14.02,2.13897,0.716298,1.97825,0.0,0.0,-9999.0,11.04,37.51
201203280000,201203280030,-9999.0,1.0,0.0,9.711,13.6,2.09626,0.368246,1.9476,0.0,0.0,-9999.0,11.0,37.67
201203280030,201203280100,-9999.0,1.0,0.0,10.201,13.95,2.14228,0.670471,1.96615,0.0,0.0,-9999.0,10.96,36.0
201203280100,201203280130,-9999.0,1.0,0.0,10.004,13.8,2.13056,0.700271,1.95272,0.0,0.0,-9999.0,10.92,36.62
201203280130,201203280200,-9999.0,1.0,0.0,9.243,13.09,2.05434,0.679117,1.9033,0.0,0.0,-9999.0,10.87,38.67
201203280200,201203280230,-9999.0,1.0,0.0,8.028,11.94,1.92952,0.122512,1.82553,0.0,0.0,-9999.0,10.82,42.55
201203280230,201203280300,0.98694,0.0,0.0,7.848,11.67,1.90444,0.858918,1.80418,0.0,0.0,-9999.0,10.77,42.83
201203280300,201203280330,-9999.0,1.0,0.0,8.253,12.06,1.9532,0.161902,1.82524,0.0,0.0,-9999.0,10.72,41.41
201203280330,201203280400,-9999.0,1.0,0.0,8.192,12.05,1.95616,0.228169,1.82061,0.0,0.0,-9999.0,10.67,41.8
201203280400,201203280430,-9999.0,1.0,0.0,7.375,11.07,1.85067,0.137898,1.75343,0.0,0.0,-9999.0,10.62,44.1
201203280430,201203280500,-9999.0,1.0,0.0,6.997,10.6,1.80279,0.069553,1.71908,0.0,0.0,-9999.0,10.57,45.28
201203280500,201203280530,-9999.0,1.0,0.0,6.876,10.42,1.78685,0.057358,1.70337,0.0,0.0,-9999.0,10.51,45.57
201203280530,201203280600,-9999.0,1.0,0.977,6.672,10.07,1.75245,-0.125054,1.6767,0.012169,0.0,-9999.0,10.46,45.94
201203280600,201203280630,-9999.0,1.0,36.27,6.872,10.14,1.76369,-0.566847,1.67706,0.370368,41.7485,-9999.0,10.41,44.58
201203280630,201203280700,1.1272,0.0,149.6,8.356,11.68,1.93861,0.745847,1.77262,1.0469,171.742,-9999.0,10.35,39.17
201203280700,201203280730,-0.688219,0.0,264.7,9.843,13.37,2.13831,2.71292,1.87866,1.47187,302.532,-9999.0,10.3,35.87
201203280730,201203280800,-2.7217,0.0,376.4,11.191,14.92,2.32897,4.88853,1.97621,1.68787,429.0,-9999.0,10.24,34.06
201203280800,201203280830,-0.892588,0.0,482.1,12.313,15.9,2.45476,3.15197,2.03683,1.79331,548.983,-9999.0,10.19,31.87
201203280830,201203280900,0.088486,0.0,575.7,14.569,17.51,2.66374,2.3224,2.13919,1.66505,660.427,-9999.0,10.15,27.22
201203280900,201203280930,0.234884,0.0,655.5,15.411,18.11,2.74681,2.23572,2.17535,1.63379,761.426,-9999.0,10.11,25.87
201203280930,201203281000,0.452013,0.0,723.0,17.167,19.22,2.89829,2.12632,2.24536,1.4425,850.252,-9999.0,10.08,22.96
201203281000,201203281030,0.174989,0.0,776.0,17.478,19.39,2.9268,2.42375,2.25341,1.42571,925.385,-9999.0,10.07,22.39
201203281030,201203281100,0.308829,0.0,816.0,18.86,20.27,3.05092,2.37724,2.30859,1.25328,985.54,-9999.0,10.07,20.7
201203281100,201203281130,1.28489,0.0,840.0,20.068,21.04,3.16194,1.47872,2.35667,1.10514,1029.69,-9999.0,10.1,19.53
201203281130,201203281200,0.893131,0.0,847.0,21.35,21.83,3.27725,1.95044,2.40626,0.95583,1057.07,-9999.0,10.15,18.43
201203281200,201203281230,1.69672,0.0,845.0,22.372,22.41,3.3647,1.2072,2.44205,0.845791,1067.22,-9999.0,10.22,17.49
201203281230,201203281300,2.14752,0.0,825.0,23.737,23.27,3.49264,0.843973,2.49665,0.713787,1059.97,-9999.0,10.29,16.9
201203281300,201203281330,1.89569,0.0,787.0,23.24,23.08,3.47275,1.08266,2.48135,0.74934,1035.43,-9999.0,10.37,17.7
201203281330,201203281400,2.31635,0.0,733.0,21.968,23.03,3.47265,0.662294,2.47536,0.856937,994.033,-9999.0,10.44,21.97
201203281400,201203281430,2.6058,0.0,671.7,21.4,22.71,3.43426,0.347068,2.45124,0.896051,936.482,-9999.0,10.51,22.5
201203281430,201203281500,0.460513,0.0,596.5,19.788,21.87,3.32267,2.41637,2.39199,1.03352,863.763,-9999.0,10.59,24.58
201203281500,201203281530,-9999.0,1.0,512.7,18.991,21.35,3.25646,1.12148,2.35406,1.06612,777.12,-9999.0,10.69,25.28
201203281530,201203281600,0.54548,0.0,418.6,18.51,20.81,3.18768,2.23902,2.31462,1.0328,678.035,-9999.0,10.79,24.72
201203281600,201203281630,1.65447,0.0,318.3,17.767,20.12,3.09845,1.06839,2.26484,0.970253,568.203,-9999.0,10.89,24.6
201203281630,201203281700,2.50226,0.0,221.2,17.088,19.5,3.01936,0.165672,2.21963,0.834513,449.504,-9999.0,10.99,24.64
201203281700,201203281730,1.79451,0.0,130.7,16.278,19.03,2.96111,0.83286,2.18448,0.618904,323.969,-9999.0,11.07,26.08
201203281730,201203281800,1.51548,0.0,45.9,14.685,18.06,2.8356,1.02351,2.11513,0.285979,193.746,-9999.0,11.14,29.14
201203281800,201203281830,0.627374,0.0,15.98,12.975,16.82,2.67593,1.79789,2.02724,0.111074,61.173,-9999.0,11.19,32.29
201203281830,201203281900,-9999.0,1.0,1.579,10.665,15.06,2.4523,0.440423,1.90394,0.011377,0.0,-9999.0,11.22,37.72
201203281900,201203281930,-9999.0,1.0,0.314,9.083,13.67,2.28141,0.597562,1.80595,0.002209,0.0,-9999.0,11.24,41.97
201203281930,201203282000,-9999.0,1.0,0.268,8.509,13.05,2.20899,0.645539,1.76017,0.001832,0.0,-9999.0,11.25,43.39
201203282000,201203282030,-9999.0,1.0,0.078,7.526,12.12,2.0997,0.1811,1.69351,0.000518,0.0,-9999.0,11.24,46.78
201203282030,201203282100,-9999.0,1.0,0.05,6.081,10.61,1.92416,0.136902,1.58824,0.000322,0.0,-9999.0,11.22,52.47
201203282100,201203282130,-9999.0,1.0,0.253,4.923,9.01,1.74459,-0.44888,1.47786,0.001575,0.0,-9999.0,11.19,57.16
201203282130,201203282200,-9999.0,1.0,0.195,4.39,8.63,1.70553,-0.388969,1.44859,0.001175,0.0,-9999.0,11.16,60.8
201203282200,201203282230,-9999.0,1.0,0.228,3.906,8.18,1.65906,-0.304123,1.41477,0.001327,0.0,-9999.0,11.11,64.04
201203282230,201203282300,-9999.0,1.0,0.054,4.004,8.26,1.67111,-0.303804,1.41576,0.000304,0.0,-9999.0,11.06,63.34
201203282300,201203282330,-9999.0,1.0,0.004,3.872,8.14,1.6611,-0.344787,1.40361,2.2e-05,0.0,-9999.0,11.01,64.26
201203282330,201203290000,-9999.0,1.0,0.026,3.368,7.45,1.5889,-0.412937,1.35415,0.000136,0.0,-9999.0,10.95,67.41
201203290000,201203290030,-9999.0,1.0,0.037,3.032,6.843,1.5268,-0.329812,1.31035,0.000185,0.0,-9999.0,10.89,69.42
201203290030,201203290100,-9999.0,1.0,0.026,2.358,5.663,1.40641,-0.468937,1.24376,0.000132,0.0,-9999.0,10.83,74.2
201203290100,201203290130,-9999.0,1.0,0.0,2.312,5.665,1.40932,-0.466357,1.25329,0.0,0.0,-9999.0,10.77,74.7
201203290130,201203290200,-9999.0,1.0,0.0,1.979,5.177,1.36225,-0.166173,1.23156,0.0,0.0,-9999.0,10.71,77.6
201203290200,201203290230,-9999.0,1.0,0.0,3.39,7.98,1.66258,-0.303132,1.42222,0.0,0.0,-9999.0,10.65,68.37
201203290230,201203290300,-9999.0,1.0,0.0,4.129,8.98,1.77857,-0.41291,1.49756,0.0,0.0,-9999.0,10.58,64.0
201203290300,201203290330,-9999.0,1.0,0.0,3.908,9.47,1.83853,-0.318251,1.53945,0.0,0.0,-9999.0,10.52,67.03
201203290330,201203290400,-9999.0,1.0,0.022,3.936,8.78,1.76245,-0.482067,1.50313,0.000123,0.0,-9999.0,10.46,65.21
201203290400,201203290430,-9999.0,1.0,0.001,4.983,8.98,1.78876,-0.404251,1.52575,6e-06,0.0,-9999.0,10.39,56.55
201203290430,201203290500,-9999.0,1.0,0.0,4.131,7.64,1.64058,-0.282715,1.44702,0.0,0.0,-9999.0,10.33,60.55
201203290500,201203290530,-9999.0,1.0,0.0,5.229,8.85,1.78056,-0.695091,1.53595,0.0,0.0,-9999.0,10.27,54.0
201203290530,201203290600,-9999.0,1.0,0.867,5.951,9.55,1.86544,-0.281706,1.59168,0.005125,0.0,-9999.0,10.21,50.07
201203290600,201203290630,-9999.0,1.0,37.74,7.473,11.31,2.0811,-0.074601,1.71841,0.217,46.8717,-9999.0,10.15,44.25
201203290630,201203290700,-9999.0,1.0,147.2,8.749,15.269,2.59624,0.892156,1.99497,0.76781,177.903,-9999.0,10.09,-9999.0
201203290700,201203290730,-9999.0,2.0,257.4,9.806,13.98,2.42959,2.49216,1.91668,1.23235,308.565,-9999.0,10.03,38.6
201203290730,201203290800,-9999.0,1.0,368.3,10.648,15.09,2.58187,4.94578,2.00089,1.59231,434.909,-9999.0,9.98,37.94
201203290800,201203290830,0.27253,0.0,469.7,12.274,16.7,2.80706,2.25553,2.11898,1.74705,554.775,-9999.0,9.93,35.46
201203290830,201203290900,-9999.0,1.0,562.1,14.218,18.27,3.0337,2.50922,2.23423,1.71991,666.11,-9999.0,9.89,32.29
201203290900,201203290930,-9999.0,1.0,645.6,15.905,19.51,3.21855,1.76922,2.32682,1.61285,767.011,-9999.0,9.85,29.9
201203290930,201203291000,-9999.0,1.0,716.0,17.748,20.47,3.36582,1.91762,2.40017,1.41972,855.75,-9999.0,9.84,26.29
201203291000,201203291030,-9999.0,1.0,773.0,17.399,20.3,3.34687,2.21379,2.39714,1.51242,930.809,-9999.0,9.84,26.98
201203291030,201203291100,0.793028,0.0,818.0,19.428,21.36,3.51151,2.22812,2.47678,1.24957,990.904,-9999.0,9.85,23.61
201203291100,201203291130,1.9617,0.0,844.0,20.697,22.05,3.62254,1.13535,2.53126,1.09837,1035.01,-9999.0,9.89,21.98
201203291130,201203291200,1.37434,0.0,848.0,20.739,22.27,3.66282,1.7504,2.55414,1.10065,1062.36,-9999.0,9.96,22.86
201203291200,201203291230,-9999.0,1.0,840.0,21.17,22.69,3.73407,2.09043,2.59024,1.0525,1072.5,-9999.0,10.04,23.24
201203291230,201203291300,-9999.0,1.0,818.0,21.717,23.12,3.80743,2.00653,2.62685,0.990376,1065.26,-9999.0,10.13,23.28
201203291300,201203291330,-9999.0,1.0,780.0,22.983,23.88,3.93297,0.392874,2.68508,0.855523,1040.75,-9999.0,10.22,22.44
201203291330,201203291400,7.55694,0.0,734.0,24.137,24.52,4.04099,-4.17725,2.73508,0.747549,999.389,-9999.0,10.31,21.61
201203291400,201203291430,-9999.0,1.0,666.6,25.378,25.15,4.14849,1.61808,2.78412,0.64446,941.895,-9999.0,10.4,20.62
201203291430,201203291500,-9999.0,1.0,592.6,22.664,24.1,3.98932,2.58575,2.72321,0.862313,869.247,-9999.0,10.49,24.52
201203291500,201203291530,-9999.0,1.0,507.9,19.815,22.34,3.72098,1.21686,2.61585,1.11027,782.689,-9999.0,10.6,26.61
201203291530,201203291600,-9999.0,1.0,416.6,18.571,21.11,3.53828,1.57254,2.5433,1.16137,683.7,-9999.0,10.71,25.85
201203291600,201203291630,-9999.0,1.0,318.7,18.419,20.86,3.50651,1.6882,2.53523,1.05659,573.976,-9999.0,10.83,25.32
201203291630,201203291700,0.37531,0.0,221.8,17.897,20.45,3.45038,2.6088,2.51673,0.916908,455.394,-9999.0,10.94,25.58
201203291700,201203291730,1.35734,0.0,131.9,17.149,19.89,3.37171,1.57308,2.4885,0.693663,329.982,-9999.0,11.03,26.18
201203291730,201203291800,2.14343,0.0,48.01,16.028,19.17,3.26942,0.716659,2.44989,0.326442,199.886,-9999.0,11.11,27.85
201203291800,201203291830,1.183,0.0,17.01,14.384,18.17,3.12648,1.57785,2.39304,0.12936,67.3321,-9999.0,11.17,31.07
201203291830,201203291900,-9999.0,1.0,1.825,11.819,16.27,2.85544,0.71067,2.27728,0.014642,0.0,-9999.0,11.21,36.13
201203291900,201203291930,-9999.0,1.0,0.296,9.388,14.56,2.6191,0.446157,2.17403,0.002407,0.0,-9999.0,11.24,43.38
201203291930,201203292000,-9999.0,1.0,0.143,9.029,13.8,2.51886,0.645925,2.13325,0.001175,0.0,-9999.0,11.25,42.8
201203292000,201203292030,-9999.0,1.0,0.04,7.962,12.9,2.40104,0.489604,2.08339,0.000332,0.0,-9999.0,11.24,46.51
201203292030,201203292100,-9999.0,1.0,0.158,6.369,11.24,2.18569,0.381675,1.98383,0.001324,0.0,-9999.0,11.23,52.26
201203292100,201203292130,-9999.0,1.0,0.229,5.214,9.97,2.02713,-0.101951,1.91,0.001938,0.0,-9999.0,11.21,57.47
201203292130,201203292200,8.7885,0.0,0.185,5.222,9.93,2.0257,-6.82962,1.91675,0.001581,0.0,-9999.0,11.18,57.29
201203292200,201203292230,-9999.0,1.0,0.123,4.803,9.62,1.99036,-0.151401,1.90586,0.001061,0.0,-9999.0,11.14,59.89
201203292230,201203292300,-9999.0,1.0,0.075,3.732,8.39,1.8423,-0.122659,1.83492,0.000653,0.0,-9999.0,11.1,66.13
201203292300,201203292330,-9999.0,1.0,0.024,3.69,8.41,1.848,-0.117961,1.84563,0.000211,0.0,-9999.0,11.05,66.56
201203292330,201203300000,-9999.0,1.0,0.006,4.904,9.2,1.94843,-0.204671,1.90659,5.3e-05,0.0,-9999.0,10.99,57.87
201203300000,201203300030,-9999.0,1.0,0.005,4.664,8.79,1.90109,-0.363966,1.88923,4.5e-05,0.0,-9999.0,10.94,58.81
201203300030,201203300100,-9999.0,1.0,0.005,3.665,8.11,1.82136,-0.141559,1.8543,4.5e-05,0.0,-9999.0,10.88,66.1
201203300100,201203300130,-1.321,0.0,0.017,3.204,7.41,1.74061,3.05955,1.8181,0.000155,0.0,-9999.0,10.82,68.92
201203300130,201203300200,-9999.0,1.0,0.073,2.323,5.672,1.54268,-0.347571,1.71439,0.000672,0.0,-9999.0,10.76,74.6
201203300200,201203300230,-9999.0,1.0,0.028,2.087,5.439,1.51927,-0.366405,1.70864,0.00026,0.0,-9999.0,10.7,76.8
201203300230,201203300300,-9999.0,1.0,0.001,2.505,5.988,1.58392,-0.171818,1.75375,9e-06,0.0,-9999.0,10.64,73.2
201203300300,201203300330,-9999.0,1.0,0.072,1.899,4.979,1.47346,-0.020295,1.69752,0.000681,0.0,-9999.0,10.58,78.2
201203300330,201203300400,3.00453,0.0,0.068,2.058,5.298,1.51146,-1.44901,1.72765,0.000648,0.0,-9999.0,10.51,76.9
201203300400,201203300430,-9999.0,1.0,0.022,2.205,5.621,1.55044,-0.340198,1.75807,0.000212,0.0,-9999.0,10.45,75.8
201203300430,201203300500,-9999.0,1.0,0.0,3.379,7.48,1.77045,-0.18851,1.88857,0.0,0.0,-9999.0,10.39,67.37
201203300500,201203300530,-9999.0,1.0,0.0,3.832,7.82,1.81474,-0.080092,1.92013,0.0,0.0,-9999.0,10.32,63.85
201203300530,201203300600,6.93423,0.0,1.631,2.931,7.74,1.80813,-5.14023,1.92434,0.016033,0.0,-9999.0,10.26,72.2
201203300600,201203300630,-9999.0,1.0,42.24,2.457,7.01,1.72321,-0.148725,1.88621,0.385462,56.2641,-9999.0,10.2,75.5
201203300630,201203300700,-9999.0,1.0,148.8,2.369,5.457,1.54526,0.572173,1.79438,1.13698,188.428,-9999.0,10.14,73.7
201203300700,201203300730,1.08199,0.0,263.5,3.877,8.01,1.85069,0.746161,1.97015,1.72204,318.848,-9999.0,10.08,63.9
201203300730,201203300800,2.4619,0.0,376.4,5.174,10.32,2.14893,-0.403548,2.12937,2.16063,444.881,-9999.0,10.02,58.77
201203300800,201203300830,-1.12478,0.0,480.3,6.1,12.07,2.38871,3.36353,2.2514,2.48496,564.372,-9999.0,9.97,56.72
201203300830,201203300900,-2.58381,0.0,574.3,8.752,14.84,2.78697,5.11406,2.4371,2.73147,675.276,-9999.0,9.92,48.16
201203300900,201203300930,-9999.0,1.0,656.3,12.372,17.83,3.24273,2.41828,2.63343,2.52261,775.695,-9999.0,9.88,39.43
201203300930,201203301000,-9999.0,1.0,725.0,14.481,19.66,3.53619,1.91411,2.75488,2.26294,863.911,-9999.0,9.85,36.77
201203301000,201203301030,0.325129,0.0,781.0,14.898,19.91,3.58225,2.76364,2.77866,2.24988,938.414,-9999.0,9.84,35.95
201203301030,201203301100,0.879565,0.0,823.0,15.892,20.46,3.67707,2.27428,2.82054,2.11656,997.93,-9999.0,9.84,33.96
201203301100,201203301130,0.266376,0.0,847.0,17.766,21.68,3.88286,3.02707,2.90238,1.82888,1041.44,-9999.0,9.88,31.5
201203301130,201203301200,-9999.0,1.0,856.0,19.075,22.21,3.97728,2.26331,2.94222,1.6418,1068.2,-9999.0,9.94,28.79
201203301200,201203301230,-9999.0,1.0,848.0,19.337,22.55,4.04077,2.32069,2.97054,1.60809,1077.76,-9999.0,10.02,29.29
201203301230,201203301300,0.656253,0.0,824.0,18.188,22.79,4.08788,2.77575,2.99281,1.77357,1069.94,-9999.0,10.11,34.45
201203301300,201203301330,1.65518,0.0,789.0,16.573,22.37,4.02427,1.73489,2.97617,2.01517,1044.88,-9999.0,10.2,38.73
201203301330,201203301400,-9999.0,1.0,740.0,16.053,22.1,3.98585,2.2243,2.96841,2.07304,1003.02,-9999.0,10.29,39.67
201203301400,201203301430,2.70433,0.0,676.6,15.711,21.84,3.94909,0.63634,2.96129,2.08318,945.059,-9999.0,10.38,40.01
201203301430,201203301500,-9999.0,1.0,603.7,14.411,20.96,3.80945,2.22865,2.91759,2.21455,872.001,-9999.0,10.48,41.93
201203301500,201203301530,-9999.0,1.0,517.3,14.04,20.57,3.75146,1.8049,2.90286,2.1556,785.092,-9999.0,10.59,42.05
201203301530,201203301600,1.48936,0.0,423.7,13.602,20.55,3.75444,1.7214,2.91008,2.05018,685.819,-9999.0,10.71,43.79
201203301600,201203301630,2.04082,0.0,324.9,12.681,19.96,3.66368,1.10868,2.88357,1.90719,575.881,-9999.0,10.82,45.65
201203301630,201203301700,2.35628,0.0,226.4,11.167,19.46,3.58807,0.741994,2.86239,1.6604,457.159,-9999.0,10.93,50.63
201203301700,201203301730,1.9157,0.0,135.6,9.185,18.79,3.48529,1.11242,2.83107,1.208,331.685,-9999.0,11.02,57.66
201203301730,201203301800,1.91347,0.0,51.15,7.248,17.53,3.2893,0.97923,2.76422,0.539811,201.604,-9999.0,11.1,63.84
201203301800,201203301830,2.58575,0.0,18.38,5.475,16.37,3.11241,0.183283,2.70289,0.20987,69.1431,-9999.0,11.17,70.6
201203301830,201203301900,2.7018,0.0,2.256,3.529,14.84,2.88243,-0.095917,2.61836,0.026933,0.0157569,-9999.0,11.21,79.1
201203301900,201203301930,1.41604,0.0,0.33,2.309,13.52,2.6896,1.05098,2.54591,0.003985,0.0,-9999.0,11.24,85.1
201203301930,201203302000,-9999.0,1.0,0.33,1.364,12.67,2.56948,0.441265,2.50216,0.004012,0.0,-9999.0,11.26,90.7
201203302000,201203302030,-9999.0,1.0,0.33,1.017,12.32,2.52302,0.320894,2.48951,0.004039,0.0,-9999.0,11.26,92.9
201203302030,201203302100,-9999.0,1.0,0.33,0.833,11.84,2.4582,0.362368,2.46868,0.004066,0.0,-9999.0,11.25,94.0
201203302100,201203302130,-9999.0,1.0,0.329,0.569,11.11,2.35866,0.237876,2.43201,0.004081,0.0,-9999.0,11.23,95.7
201203302130,201203302200,-9999.0,1.0,0.228,0.173,10.09,2.22066,0.191737,2.37669,0.002848,0.0,-9999.0,11.2,98.6
201203302200,201203302230,-9999.0,1.0,0.085,0.992,10.21,2.24083,0.27413,2.39368,0.001069,0.0,-9999.0,11.16,92.0351
201203302230,201203302300,-9999.0,1.0,0.288,0.985,9.36,2.12837,0.059427,2.34885,0.003644,0.0,-9999.0,11.12,91.6263
201203302300,201203302330,-9999.0,1.0,0.305,1.298,9.12,2.09949,-0.069033,2.34287,0.003884,0.0,-9999.0,11.08,88.787
201203302330,201203310000,-9999.0,1.0,0.329,0.408,8.54,2.02548,-0.037745,2.315,0.004216,0.0,-9999.0,11.04,96.3347
201203310000,201203310030,-9999.0,1.0,0.326,0.522,8.42,2.01288,0.031259,2.31667,0.004205,0.0,-9999.0,11.0,95.2704
201203310030,201203310100,-9999.0,1.0,0.33,0.566,7.9,1.94783,0.006848,2.28241,0.004251,0.0,-9999.0,10.96,94.6938
201203310100,201203310130,-9999.0,1.0,0.33,0.915,7.45,1.89262,-0.158353,2.25256,0.004246,0.0,-9999.0,10.93,91.1449
201203310130,201203310200,-9999.0,1.0,0.33,0.965,7.67,1.92418,-0.109392,2.26617,0.004241,0.0,-9999.0,10.89,90.7998
201203310200,201203310230,5.39224,0.0,0.329,1.124,7.68,1.92859,-3.49341,2.26615,0.004223,0.0,-9999.0,10.85,89.2938
201203310230,201203310300,-9999.0,1.0,0.33,0.662,6.509,1.78178,-0.065593,2.18924,0.004231,0.0,-9999.0,10.82,93.171
201203310300,201203310330,-9999.0,1.0,0.324,0.0,4.523,1.54286,0.080695,2.05768,0.004149,0.0,-9999.0,10.78,100.0
201203310330,201203310400,-9999.0,1.0,0.288,0.0,4.273,1.51605,0.061116,2.04045,0.003684,0.0,-9999.0,10.74,100.0
201203310400,201203310430,-9999.0,1.0,0.275,0.0,4.708,1.56972,-0.159019,2.06874,0.003514,0.0,-9999.0,10.7,100.0
201203310430,201203310500,-9999.0,1.0,0.331,0.0,4.856,1.58989,-0.155697,2.07793,0.004224,0.0,-9999.0,10.65,100.0
201203310500,201203310530,-9999.0,1.0,0.331,0.0,4.735,1.57798,-0.27265,2.0693,0.004219,0.0,-9999.0,10.61,100.0
201203310530,201203310600,5.54741,0.0,1.405,0.0,4.644,1.56966,-3.93306,2.06266,0.017838,0.0,-9999.0,10.56,100.0
201203310600,201203310630,-9999.0,1.0,30.14,0.0,4.219,1.5219,0.149611,2.03386,0.357023,62.1519,-9999.0,10.52,100.0
201203310630,201203310700,-9999.0,1.0,118.5,0.0,5.215,1.64355,0.689257,2.09918,1.16611,194.515,-9999.0,10.47,100.0
201203310700,201203310730,0.03343,0.0,214.5,0.0,7.14,1.88892,1.83697,2.2245,1.78307,324.796,-9999.0,10.42,100.0
201203310730,201203310800,-9999.0,2.0,334.3,0.0,8.63,2.09051,1.35298,2.31991,2.32827,450.695,-9999.0,10.37,100.0
201203310800,201203310830,-9999.0,1.0,422.9,0.177,10.4,2.34132,2.13016,2.43165,2.62945,570.058,-9999.0,10.32,98.6
201203310830,201203310900,-1.78982,0.0,523.8,1.881,12.59,2.66764,4.25008,2.56738,2.90253,680.843,-9999.0,10.28,87.1
201203310900,201203310930,-9999.0,2.0,608.6,4.765,14.69,2.99707,2.8231,2.69462,3.08964,781.155,-9999.0,10.24,71.5
201203310930,201203311000,-9999.0,2.0,674.0,8.0,16.45,3.28554,3.15424,2.7989,3.21341,869.276,-9999.0,10.21,57.26
201203311000,201203311030,-9999.0,1.0,730.0,10.832,17.71,3.49979,1.97897,2.87206,3.12397,943.7,-9999.0,10.2,46.57
201203311030,201203311100,-9999.0,1.0,777.0,12.404,18.6,3.65588,2.02266,2.92283,2.83998,1003.15,-9999.0,10.2,42.14
201203311100,201203311130,-9999.0,1.0,807.0,12.714,18.97,3.72495,2.37383,2.94327,2.80011,1046.62,-9999.0,10.22,42.05
201203311130,201203311200,0.592079,0.0,820.0,12.884,19.66,3.85004,2.70161,2.98189,2.77173,1073.35,-9999.0,10.27,43.74
201203311200,201203311230,1.35891,0.0,814.0,14.624,20.57,4.01542,2.04695,3.03259,2.40352,1082.89,-9999.0,10.34,39.64
201203311230,201203311300,0.968121,0.0,795.0,15.64,21.29,4.14942,2.52804,3.07211,2.19346,1075.08,-9999.0,10.41,38.24
201203311300,201203311330,-9999.0,1.0,759.0,15.178,21.5,4.19345,2.4522,3.08293,2.24967,1050.05,-9999.0,10.49,40.83
201203311330,201203311400,-9999.0,1.0,714.0,17.111,22.14,4.31522,1.65464,3.11756,1.88369,1008.23,-9999.0,10.57,35.85
201203311400,201203311430,0.793169,0.0,654.1,17.145,22.02,4.30023,2.80488,3.10999,1.83714,950.338,-9999.0,10.65,35.25
201203311430,201203311500,-9999.0,1.0,580.8,16.461,21.59,4.22927,2.39769,3.0852,1.88247,877.358,-9999.0,10.74,36.18
201203311500,201203311530,-9999.0,1.0,500.2,15.803,21.27,4.17825,1.11951,3.06644,1.89525,790.542,-9999.0,10.84,37.52
201203311530,201203311600,1.98459,0.0,408.3,14.289,20.71,4.08438,1.47095,3.03417,1.96626,691.375,-9999.0,10.95,41.53
201203311600,201203311630,-0.39009,0.0,310.7,13.429,20.32,4.02116,3.80364,3.01131,1.84152,581.555,-9999.0,11.06,43.71
201203311630,201203311700,-9999.0,1.0,217.5,12.432,20.01,3.97229,1.83331,2.9929,1.59979,462.96,-9999.0,11.16,46.88
201203311700,201203311730,-9999.0,1.0,129.5,11.506,19.45,3.87938,1.6316,2.96022,1.17241,337.619,-9999.0,11.24,49.1
201203311730,201203311800,1.86889,0.0,51.93,9.726,18.39,3.69985,1.32789,2.89863,0.571289,207.678,-9999.0,11.32,54.03
201203311800,201203311830,3.69167,0.0,19.71,7.218,16.81,3.43441,-0.677709,2.80596,0.232584,75.3583,-9999.0,11.38,62.31
201203311830,201203311900,3.75355,0.0,2.414,4.782,15.13,3.15908,-0.932419,2.70578,0.029626,0.303434,-9999.0,11.42,72.2
201203311900,201203311930,3.82655,0.0,0.327,3.101,13.76,2.94137,-1.16033,2.62266,0.004028,0.0,-9999.0,11.45,80.3
201203311930,201203312000,-9999.0,1.0,0.324,2.202,12.69,2.77617,0.596919,2.55679,0.003986,0.0,-9999.0,11.46,85.0
201203312000,201203312030,-9999.0,1.0,0.327,1.362,12.49,2.74908,0.614993,2.54379,0.004018,0.0,-9999.0,11.46,90.6
201203312030,201203312100,-9999.0,1.0,0.326,1.041,12.04,2.68321,0.515714,2.5154,0.004001,0.0,-9999.0,11.45,92.6
201203312100,201203312130,-9999.0,1.0,0.312,0.742,10.87,2.50828,0.378024,2.44226,0.003824,0.0,-9999.0,11.43,94.3
201203312130,201203312200,-9999.0,1.0,0.271,0.612,10.24,2.41769,0.417635,2.40223,0.003318,0.0,-9999.0,11.41,95.1
201203312200,201203312230,-9999.0,1.0,0.293,0.476,9.92,2.37392,0.152535,2.38146,0.003583,0.0,-9999.0,11.37,96.1
201203312230,201203312300,0.966338,0.0,0.299,0.43,9.17,2.26773,1.20517,2.33353,0.003652,0.0,-9999.0,11.33,96.3
201203312300,201203312330,-9999.0,1.0,0.311,0.293,8.17,2.12808,0.067771,2.26939,0.003793,0.0,-9999.0,11.29,97.3
201203312330,201204010000,-9999.0,1.0,0.3,0.199,8.41,2.16532,0.437967,2.28399,0.003655,0.0,-9999.0,11.24,98.2
201204010000,201204010030,-2.04609,0.0,0.191,0.066,8.27,2.14869,4.12759,2.2744,0.002324,0.0,-9999.0,11.19,99.4
201204010030,201204010100,-9999.0,1.0,0.26,0.011,7.79,2.0842,0.202737,2.24313,0.00316,0.0,-9999.0,11.14,99.9
201204010100,201204010130,-9999.0,1.0,0.177,0.07,6.934,1.9688,-0.053274,2.18759,0.002149,0.0,-9999.0,11.08,99.3
201204010130,201204010200,-9999.0,1.0,0.207,0.0,6.579,1.92345,-0.079398,2.16407,0.00251,0.0,-9999.0,11.03,100.0
201204010200,201204010230,-9999.0,1.0,0.138,0.228,6.495,1.91498,-0.085799,2.15801,0.001671,0.0,-9999.0,10.97,97.649
201204010230,201204010300,-9999.0,1.0,0.052,0.0,6.069,1.86059,-0.128469,2.12983,0.000629,0.0,-9999.0,10.92,100.0
201204010300,201204010330,-9999.0,1.0,0.018,0.0,5.897,1.84045,-0.144175,2.11806,0.000218,0.0,-9999.0,10.86,100.0
201204010330,201204010400,-1.89827,0.0,0.006,0.0,6.244,1.88966,3.78005,2.13987,7.2e-05,0.0,-9999.0,10.8,100.0
201204010400,201204010430,1.61102,0.0,0.021,0.358,6.225,1.88992,0.27123,2.13801,0.000253,0.0,-9999.0,10.74,96.2296
201204010430,201204010500,7.01456,0.0,0.107,1.089,7.19,2.02502,-5.02611,2.19943,0.001288,0.0,-9999.0,10.68,89.2767
201204010500,201204010530,2.1021,0.0,0.054,0.712,6.636,1.95148,-0.170857,2.16321,0.000649,0.0,-9999.0,10.62,92.7108
201204010530,201204010600,-9999.0,1.0,1.26,0.853,6.786,1.975,-0.045955,2.17221,0.015085,0.0,-9999.0,10.56,91.3602
201204010600,201204010630,4.89053,0.0,15.37,0.715,6.76,1.96941,-2.94081,2.16989,0.177939,68.2807,-9999.0,10.5,92.7516
201204010630,201204010700,1.38889,0.0,103.0,0.28,6.731,1.96342,0.560256,2.16737,0.99485,200.566,-9999.0,10.45,97.1534
201204010700,201204010730,-0.55813,0.0,222.7,0.364,7.99,2.13757,2.64757,2.24713,1.75475,330.701,-9999.0,10.4,96.6023
201204010730,201204010800,-0.088,0.0,330.5,1.162,9.96,2.42409,2.40147,2.37046,2.23355,456.46,-9999.0,10.35,90.5107
201204010800,201204010830,-2.28591,0.0,378.9,0.805,11.57,2.66879,4.78799,2.46937,2.40593,575.691,-9999.0,10.31,94.1
201204010830,201204010900,-9999.0,2.0,540.5,3.052,13.59,2.98954,2.38081,2.59137,2.85989,686.352,-9999.0,10.28,80.4
201204010900,201204010930,-9999.0,2.0,622.3,5.457,15.62,3.32549,2.8742,2.71134,3.03564,786.552,-9999.0,10.25,69.26
201204010930,201204011000,-9999.0,1.0,691.7,7.072,17.34,3.61938,2.78352,2.81077,3.1643,874.576,-9999.0,10.23,64.29
201204011000,201204011030,-9999.0,1.0,750.0,9.057,18.13,3.75506,1.91683,2.85533,3.26035,948.917,-9999.0,10.22,56.49
201204011030,201204011100,-9999.0,1.0,799.0,11.859,19.46,3.98962,2.58397,2.92998,2.8321,1008.3,-9999.0,10.23,47.57
201204011100,201204011130,0.63512,0.0,828.0,14.002,20.67,4.20635,2.99972,2.9968,2.32838,1051.72,-9999.0,10.27,42.56
201204011130,201204011200,-0.868825,0.0,829.0,13.791,20.94,4.25175,4.54251,3.01087,2.37363,1078.42,-9999.0,10.33,44.36
201204011200,201204011230,-9999.0,1.0,830.0,15.213,21.69,4.38634,3.04275,3.0513,2.05196,1087.95,-9999.0,10.41,41.38
201204011230,201204011300,-9999.0,1.0,815.0,17.242,22.26,4.48822,2.96398,3.08156,1.64542,1080.15,-9999.0,10.5,35.83
201204011300,201204011330,-9999.0,1.0,769.0,15.403,22.45,4.51919,2.78427,3.09097,1.96947,1055.15,-9999.0,10.6,43.33
201204011330,201204011400,-9999.0,1.0,747.0,14.967,22.32,4.49017,2.82515,3.08297,2.04076,1013.38,-9999.0,10.69,44.5
201204011400,201204011430,-9999.0,1.0,636.9,14.707,21.92,4.41094,2.54201,3.06022,2.00763,955.547,-9999.0,10.78,44.12
201204011430,201204011500,-9999.0,1.0,617.5,12.584,20.8,4.1998,2.68099,2.99769,2.42087,882.649,-9999.0,10.88,48.79
201204011500,201204011530,-9999.0,1.0,518.2,11.674,20.16,4.07892,2.14635,2.96124,2.44868,795.929,-9999.0,11.0,50.58
201204011530,201204011600,-9999.0,1.0,421.9,9.351,19.34,3.92709,2.61068,2.91443,2.51827,696.873,-9999.0,11.12,58.35
201204011600,201204011630,1.62047,0.0,323.4,7.889,18.35,3.7474,1.75959,2.85756,2.17787,587.175,-9999.0,11.24,62.62
201204011630,201204011700,-9999.0,1.0,224.6,7.212,17.91,3.66641,2.69272,2.83162,1.73586,468.712,-9999.0,11.35,64.87
201204011700,201204011730,-9999.0,1.0,129.6,5.58,16.94,3.49478,1.70701,2.77507,1.16739,343.511,-9999.0,11.44,71.1
201204011730,201204011800,1.68013,0.0,47.34,4.182,15.86,3.30777,1.38084,2.71154,0.497696,213.714,-9999.0,11.51,76.8
201204011800,201204011830,-9999.0,1.0,18.14,2.674,14.68,3.10834,0.632901,2.6414,0.202578,81.5416,-9999.0,11.57,84.0
201204011830,201204011900,-9999.0,1.0,2.43,1.865,14.08,3.00728,0.856777,2.60503,0.02806,0.860666,-9999.0,11.61,88.4
201204011900,201204011930,0.9199,0.0,0.33,1.35,13.71,2.94447,1.87072,2.58221,0.003824,0.0,-9999.0,11.63,91.4
201204011930,201204012000,-9999.0,1.0,0.33,1.041,13.1,2.84415,0.769797,2.54492,0.003819,0.0,-9999.0,11.63,93.1
201204012000,201204012030,-9999.0,1.0,0.33,0.676,12.38,2.72816,0.575991,2.50077,0.003814,0.0,-9999.0,11.63,95.3
201204012030,201204012100,-9999.0,1.0,0.33,0.429,11.79,2.63417,0.542758,2.46425,0.003809,0.0,-9999.0,11.62,96.9
201204012100,201204012130,-9999.0,1.0,0.325,0.304,11.1,2.52653,0.427862,2.42142,0.003746,0.0,-9999.0,11.6,97.7
201204012130,201204012200,-9999.0,1.0,0.257,0.176,10.37,2.41497,0.566798,2.37587,0.002959,0.0,-9999.0,11.57,98.6
201204012200,201204012230,-9999.0,1.0,0.178,0.06,9.66,2.30856,0.202241,2.33127,0.002047,0.0,-9999.0,11.54,99.5
201204012230,201204012300,-9999.0,1.0,0.186,0.183,9.37,2.26431,0.180371,2.31256,0.002136,0.0,-9999.0,11.5,98.4435
201204012300,201204012330,-9999.0,1.0,0.184,0.054,8.97,2.20485,0.21809,2.28696,0.00211,0.0,-9999.0,11.45,99.5322
201204012330,201204020000,-9999.0,1.0,0.093,0.189,8.68,2.16158,0.313237,2.26817,0.001065,0.0,-9999.0,11.4,98.3191
201204020000,201204020030,-9999.0,1.0,0.167,0.136,8.91,2.1917,0.168501,2.28184,0.00191,0.0,-9999.0,11.34,98.8046
201204020030,201204020100,-9999.0,1.0,0.112,0.327,9.06,2.21061,-0.103679,2.29147,0.001289,0.0,-9999.0,11.29,97.1683
201204020100,201204020130,-9999.0,1.0,0.073,0.0,8.77,2.16735,0.120016,2.27369,0.000845,0.0,-9999.0,11.23,100.0
201204020130,201204020200,-9999.0,1.0,0.051,0.032,7.9,2.04446,0.161938,2.21955,0.000594,0.0,-9999.0,11.17,99.7
201204020200,201204020230,-9999.0,1.0,0.002,0.039,6.707,1.88213,-0.228932,2.14458,2.3e-05,0.0,-9999.0,11.11,99.6
201204020230,201204020300,-9999.0,1.0,0.001,0.0,6.854,1.89952,-0.206643,2.15426,1.2e-05,0.0,-9999.0,11.06,100.0
201204020300,201204020330,-9999.0,1.0,0.0,0.0,7.47,1.97966,0.090392,2.19351,0.0,0.0,-9999.0,11.0,100.0
201204020330,201204020400,-9999.0,1.0,0.0,0.021,7.74,2.01402,0.055784,2.21081,0.0,0.0,-9999.0,10.94,99.8
201204020400,201204020430,1.55185,0.0,0.007,0.16,6.924,1.9027,0.419541,2.15977,8.4e-05,0.0,-9999.0,10.88,98.4
201204020430,201204020500,0.915734,0.0,0.064,0.066,6.029,1.78425,0.957569,2.1034,0.000773,0.0,-9999.0,10.82,99.3
201204020500,201204020530,-9999.0,1.0,0.068,0.0,6.093,1.79054,-0.713812,2.10786,0.000826,0.0,-9999.0,10.76,100.0
201204020530,201204020600,-9999.0,1.0,2.029,0.009,6.083,1.78735,-0.716606,2.10761,0.024647,0.602548,-9999.0,10.7,99.9
201204020600,201204020630,-9999.0,1.0,30.94,0.019,6.235,1.80494,-0.605939,2.11765,0.350581,78.8608,-9999.0,10.64,99.8
201204020630,201204020700,0.635415,0.0,113.3,0.07,6.951,1.89609,1.32984,2.16327,1.0722,210.958,-9999.0,10.58,99.3
201204020700,201204020730,-9999.0,1.0,208.3,0.459,9.0,2.17178,1.36616,2.29147,1.65934,340.833,-9999.0,10.52,96.0
201204020730,201204020800,-9999.0,2.0,300.1,1.709,11.37,2.51067,1.85474,2.4365,2.07477,466.263,-9999.0,10.47,87.3
201204020800,201204020830,-9999.0,2.0,249.5,2.176,11.91,2.58852,1.70902,2.46919,1.8631,585.102,-9999.0,10.42,84.4
201204020830,201204020900,-9999.0,2.0,267.6,2.552,12.94,2.74203,1.83333,2.5308,1.94441,695.317,-9999.0,10.38,82.9
201204020900,201204020930,-9999.0,1.0,492.1,3.564,14.27,2.94597,4.24341,2.60924,2.66283,795.022,-9999.0,10.34,78.1
201204020930,201204021000,-9999.0,1.0,338.5,3.782,14.77,3.02198,3.41439,2.63845,2.21977,882.512,-9999.0,10.32,77.5
201204021000,201204021030,-9999.0,2.0,475.3,5.211,16.36,3.27538,2.30705,2.73004,2.61956,956.288,-9999.0,10.32,72.0
201204021030,201204021100,-0.014372,0.0,367.7,5.009,16.31,3.26366,3.03551,2.72719,2.3177,1015.09,-9999.0,10.34,73.0
201204021100,201204021130,-0.658549,0.0,869.0,6.775,17.69,3.48825,3.84316,2.80526,3.28102,1057.91,-9999.0,10.37,66.54
201204021130,201204021200,-9999.0,1.0,939.0,8.607,18.82,3.675,3.65528,2.86818,3.35309,1084.01,-9999.0,10.42,60.4
201204021200,201204021230,-9999.0,1.0,624.8,9.313,19.13,3.72382,3.26486,2.88521,2.92349,1092.96,-9999.0,10.48,57.97
201204021230,201204021300,-9999.0,1.0,536.7,10.532,19.68,3.81398,2.98002,2.9153,2.62869,1084.59,-9999.0,10.55,54.07
201204021300,201204021330,1.03342,0.0,499.2,10.528,19.72,3.8167,2.38574,2.91736,2.55281,1059.05,-9999.0,10.63,54.2
201204021330,201204021400,-9999.0,1.0,606.0,13.344,21.15,4.06058,2.68965,2.9947,2.08605,1016.78,-9999.0,10.72,46.85
201204021400,201204021430,-9999.0,1.0,429.4,12.334,20.49,3.94119,2.35717,2.95895,2.05275,958.496,-9999.0,10.81,48.84
201204021430,201204021500,0.0384227,0.0,641.2,14.094,21.46,4.10602,3.5839,3.01092,1.94838,885.2,-9999.0,10.91,44.92
201204021500,201204021530,-9999.0,1.0,558.2,13.466,21.7,4.14368,2.57874,3.02351,2.00362,798.144,-9999.0,11.01,48.14
201204021530,201204021600,-9999.0,1.0,414.8,11.542,20.96,4.00979,2.46418,2.98376,2.16533,698.82,-9999.0,11.12,53.49
201204021600,201204021630,0.906486,0.0,322.6,10.861,20.57,3.93782,2.59694,2.96262,2.04348,588.926,-9999.0,11.22,55.17
201204021630,201204021700,1.83017,0.0,224.7,9.593,19.74,3.79105,1.56907,2.91755,1.7809,470.342,-9999.0,11.32,58.32
201204021700,201204021730,1.7502,0.0,129.3,8.098,18.81,3.62948,1.53343,2.86662,1.24468,345.097,-9999.0,11.41,62.72
201204021730,201204021800,2.95948,0.0,58.2,6.863,17.91,3.47547,0.212957,2.81687,0.672413,215.335,-9999.0,11.48,66.57
201204021800,201204021830,3.09456,0.0,21.12,5.832,17.02,3.3256,-0.031296,2.76724,0.274287,83.276,-9999.0,11.54,69.95
201204021830,201204021900,2.73416,0.0,2.437,4.389,15.7,3.10969,0.170123,2.6928,0.033909,1.09722,-9999.0,11.59,75.4
201204021900,201204021930,3.05132,0.0,0.324,3.321,14.66,2.94285,-0.271484,2.63346,0.004565,0.0,-9999.0,11.62,80.1
201204021930,201204022000,1.92821,0.0,0.321,2.629,13.67,2.78732,0.734301,2.57641,0.004546,0.0,-9999.0,11.63,83.2
201204022000,201204022030,1.67999,0.0,0.317,1.868,12.84,2.65913,0.884781,2.52818,0.004511,0.0,-9999.0,11.64,87.4
201204022030,201204022100,2.62699,0.0,0.239,1.389,12.47,2.60121,-0.106789,2.50665,0.003419,0.0,-9999.0,11.63,90.4
201204022100,201204022130,-9999.0,1.0,0.228,1.238,12.04,2.53508,0.571517,2.48153,0.003278,0.0,-9999.0,11.61,91.2
201204022130,201204022200,2.98731,0.0,0.239,0.993,11.53,2.45816,-0.577974,2.45158,0.003452,0.0,-9999.0,11.59,92.7
201204022200,201204022230,3.39441,0.0,0.176,0.799,10.96,2.37376,-1.05106,2.41795,0.002555,0.0,-9999.0,11.56,93.9
201204022230,201204022300,5.49906,0.0,0.038,0.896,11.05,2.38393,-3.14792,2.42351,0.000555,0.0,-9999.0,11.52,93.2
201204022300,201204022330,1.86282,0.0,0.002,1.39,11.41,2.43273,0.526237,2.44507,2.9e-05,0.0,-9999.0,11.48,89.7
201204022330,201204030000,-9999.0,1.0,0.017,1.272,10.52,2.3038,0.51358,2.39239,0.000251,0.0,-9999.0,11.43,90.0
201204030000,201204030030,-9999.0,1.0,0.004,0.897,10.21,2.25797,0.349666,2.37409,5.9e-05,0.0,-9999.0,11.39,92.8
201204030030,201204030100,-9999.0,1.0,0.002,0.654,10.06,2.23467,0.235089,2.36536,3e-05,0.0,-9999.0,11.34,94.7
201204030100,201204030130,-9999.0,1.0,0.001,0.412,9.79,2.19501,0.243268,2.34942,1.5e-05,0.0,-9999.0,11.29,96.6
201204030130,201204030200,-9999.0,1.0,0.0,0.3,10.25,2.25597,0.394623,2.37721,0.0,0.0,-9999.0,11.23,97.6
201204030200,201204030230,-9999.0,1.0,0.0,0.219,10.73,2.32034,0.562051,2.40603,0.0,0.0,-9999.0,11.18,98.3
201204030230,201204030300,-9999.0,1.0,0.0,0.273,10.17,2.23986,0.184403,2.37292,0.0,0.0,-9999.0,11.13,97.8
201204030300,201204030330,-9999.0,1.0,0.006,0.221,9.96,2.20847,0.28071,2.36063,9.1e-05,0.0,-9999.0,11.08,98.2
201204030330,201204030400,-9999.0,1.0,0.017,0.187,9.23,2.10695,0.071001,2.3171,0.00026,0.0,-9999.0,11.03,98.4
201204030400,201204030430,-9999.0,1.0,0.004,0.045,8.76,2.04193,0.143673,2.28903,6.1e-05,0.0,-9999.0,10.99,99.6
201204030430,201204030500,-9999.0,1.0,0.022,0.0,8.59,2.0172,0.191763,2.27905,0.00034,0.0,-9999.0,10.94,100.0
201204030500,201204030530,-9999.0,1.0,0.057,0.0,8.65,2.02282,0.197761,2.28298,0.000884,0.0,-9999.0,10.9,100.0
201204030530,201204030600,-9999.0,1.0,1.552,0.0,8.82,2.04296,0.103971,2.29353,0.024022,1.33838,-9999.0,10.85,100.0
201204030600,201204030630,3.23652,0.0,19.51,0.0,9.14,2.08311,-1.12604,2.31309,0.28191,84.9857,-9999.0,10.81,100.0
201204030630,201204030700,-3.55454,0.0,58.18,0.0,9.67,2.15181,5.71988,2.3451,0.733755,216.925,-9999.0,10.77,100.0
201204030700,201204030730,-9999.0,1.0,117.9,0.064,10.52,2.26532,2.40882,2.39586,1.24466,346.644,-9999.0,10.74,99.5
201204030730,201204030800,-9999.0,2.0,258.6,0.675,12.04,2.47613,1.59522,2.4852,1.9802,471.923,-9999.0,10.7,95.2
201204030800,201204030830,-9999.0,2.0,443.1,3.284,15.04,2.91613,3.86487,2.65677,2.5046,590.62,-9999.0,10.67,80.8
201204030830,201204030900,-9999.0,1.0,545.6,6.586,17.05,3.22425,4.14643,2.76831,2.6931,700.703,-9999.0,10.65,66.13
201204030900,201204030930,-9999.0,1.0,620.1,7.949,17.93,3.36028,3.34754,2.81623,2.80134,800.289,-9999.0,10.63,61.33
201204030930,201204031000,-0.235621,0.0,686.8,9.298,18.7,3.48022,3.4045,2.85768,2.88248,887.673,-9999.0,10.62,56.9
201204031000,201204031030,1.16037,0.0,768.0,9.892,18.93,3.51347,2.03227,2.86991,2.96633,961.361,-9999.0,10.62,54.8
201204031030,201204031100,-9999.0,1.0,759.0,10.999,19.42,3.58909,2.82185,2.89591,2.65302,1020.09,-9999.0,10.65,51.25
201204031100,201204031130,-9999.0,1.0,813.0,12.104,19.82,3.65036,2.6559,2.91696,2.37508,1062.86,-9999.0,10.69,47.67
201204031130,201204031200,1.04444,0.0,815.0,14.198,20.97,3.83599,2.37775,2.97708,1.85366,1088.93,-9999.0,10.76,42.82
201204031200,201204031230,1.68748,0.0,655.9,14.451,21.3,3.88656,1.7702,2.99402,1.73236,1097.87,-9999.0,10.84,42.97
201204031230,201204031300,3.48713,0.0,483.7,15.104,21.47,3.91048,-0.012824,3.00261,1.51419,1089.51,-9999.0,10.94,41.01
201204031300,201204031330,2.7596,0.0,429.1,14.932,21.4,3.89432,0.703084,2.9988,1.50202,1064.0,-9999.0,11.04,41.43
201204031330,201204031400,0.725646,0.0,710.0,15.062,21.69,3.93824,2.76773,3.01353,1.62101,1021.78,-9999.0,11.13,41.96
201204031400,201204031430,1.03743,0.0,392.0,13.957,20.96,3.81239,2.36691,2.97566,1.6274,963.566,-9999.0,11.23,43.76
201204031430,201204031500,1.49337,0.0,391.4,12.136,20.03,3.65535,1.79909,2.92705,1.95466,890.358,-9999.0,11.32,48.21
201204031500,201204031530,0.680134,0.0,401.1,12.866,20.26,3.68867,2.63587,2.93893,1.82924,803.407,-9999.0,11.42,45.87
201204031530,201204031600,-9999.0,1.0,254.1,11.686,19.65,3.58528,1.96534,2.90684,1.74163,704.202,-9999.0,11.52,48.94
201204031600,201204031630,-9999.0,1.0,230.0,11.861,19.41,3.54242,1.81525,2.8941,1.64694,594.439,-9999.0,11.61,47.4
201204031630,201204031700,2.83669,0.0,141.4,11.319,18.66,3.41837,0.284519,2.85433,1.34664,475.998,-9999.0,11.69,47.4
201204031700,201204031730,1.72595,0.0,64.91,10.521,18.17,3.33688,1.33591,2.82816,0.837858,350.903,-9999.0,11.77,49.58
201204031730,201204031800,2.65998,0.0,36.18,8.966,17.46,3.22188,0.317719,2.79005,0.5323,221.297,-9999.0,11.82,55.07
201204031800,201204031830,-0.026195,0.0,13.15,5.76,16.36,3.04878,2.87614,2.73046,0.214332,89.3956,-9999.0,11.87,69.05
201204031830,201204031900,-9999.0,1.0,0.777,4.55,15.7,2.94532,0.571453,2.69438,0.013472,2.03977,-9999.0,11.9,74.5
201204031900,201204031930,-9999.0,1.0,0.301,3.908,15.28,2.87902,0.493986,2.67131,0.005252,0.0,-9999.0,11.93,77.5
201204031930,201204032000,-9999.0,1.0,0.246,3.485,15.1,2.8489,0.4712,2.66144,0.004311,0.0,-9999.0,11.94,79.7
201204032000,201204032030,-9999.0,1.0,0.301,2.474,14.79,2.79976,0.457811,2.64436,0.005294,0.0,-9999.0,11.94,85.3
201204032030,201204032100,-9999.0,1.0,0.318,1.589,14.53,2.75833,0.470061,2.63002,0.005615,0.0,-9999.0,11.94,90.4
201204032100,201204032130,-9999.0,1.0,0.327,1.071,13.99,2.67656,0.250447,2.60004,0.005796,0.0,-9999.0,11.93,93.3
201204032130,201204032200,-9999.0,1.0,0.327,1.202,13.43,2.593,0.112659,2.5688,0.005819,0.0,-9999.0,11.92,92.2
201204032200,201204032230,-9999.0,1.0,0.33,0.978,13.06,2.5374,0.269582,2.54811,0.005896,0.0,-9999.0,11.91,93.5
201204032230,201204032300,-9999.0,1.0,0.329,0.441,12.7,2.48375,0.227502,2.52792,0.005901,0.0,-9999.0,11.89,97.0
201204032300,201204032330,-9999.0,1.0,0.33,0.348,12.5,2.4529,0.282427,2.51675,0.005942,0.0,-9999.0,11.88,97.6
201204032330,201204040000,-9999.0,1.0,0.33,0.288,12.41,2.4375,0.074531,2.51181,0.005965,0.0,-9999.0,11.86,98.0
201204040000,201204040030,-9999.0,1.0,0.33,0.158,12.36,2.42769,0.224769,2.50914,0.005988,0.0,-9999.0,11.84,98.9
201204040030,201204040100,-9999.0,1.0,0.33,0.029,12.38,2.4276,0.224545,2.51281,0.005993,0.0,-9999.0,11.82,99.8
201204040100,201204040130,-9999.0,1.0,0.33,2.666,12.39,2.42613,0.070463,2.51592,0.005998,0.0,-9999.0,11.8,81.4826
201204040130,201204040200,-9999.0,1.0,0.33,2.842,12.43,2.42879,0.22315,2.52074,0.006004,0.0,-9999.0,11.78,80.3083
201204040200,201204040230,-9999.0,1.0,0.329,2.973,12.46,2.43007,0.251058,2.52499,0.005991,0.0,-9999.0,11.76,79.4425
201204040230,201204040300,-9999.0,1.0,0.328,3.503,12.44,2.42443,0.220619,2.52639,0.005978,0.0,-9999.0,11.74,75.7424
201204040300,201204040330,-9999.0,1.0,0.138,3.072,12.56,2.43813,0.241454,2.53577,0.00252,0.0,-9999.0,11.72,78.8962
201204040330,201204040400,-9999.0,1.0,0.202,2.982,12.5,2.42696,0.257154,2.5349,0.00369,0.0,-9999.0,11.7,79.4356
201204040400,201204040430,-9999.0,1.0,0.312,2.805,12.33,2.4007,0.044244,2.52774,0.005701,0.0,-9999.0,11.68,80.4389
201204040430,201204040500,-9999.0,1.0,0.33,2.647,12.15,2.37323,0.08059,2.51997,0.006035,0.0,-9999.0,11.67,81.3205
201204040500,201204040530,-9999.0,1.0,0.33,2.496,11.87,2.33235,0.100149,2.5064,0.00604,0.0,-9999.0,11.65,82.0584
201204040530,201204040600,-9999.0,1.0,1.645,2.263,11.79,2.31876,0.128543,2.5043,0.029939,2.36529,-9999.0,11.62,83.6443
201204040600,201204040630,-9999.0,1.0,15.58,1.917,11.76,2.31195,0.105201,2.50508,0.265313,91.074,-9999.0,11.6,86.1174
201204040630,201204040700,-9999.0,1.0,58.87,1.53,11.75,2.30784,2.96285,2.507,0.8346,222.849,-9999.0,11.58,88.9135
201204040700,201204040730,-9999.0,1.0,99.3,1.37,11.74,2.30374,2.80244,2.50893,1.21787,352.407,-9999.0,11.54,90.0694
201204040730,201204040800,-9999.0,1.0,153.8,1.819,12.61,2.41895,1.01359,2.5616,1.59624,477.532,-9999.0,11.51,87.5463
201204040800,201204040830,-9999.0,1.0,131.8,2.738,13.81,2.58238,1.75259,2.63258,1.4605,596.081,-9999.0,11.49,82.6638
201204040830,201204040900,-9999.0,1.0,331.3,1.628,15.4,2.80588,3.19157,2.72446,2.2921,706.028,-9999.0,11.46,90.7
201204040900,201204040930,-1.57496,0.0,188.6,3.181,15.99,2.88829,4.3,2.75989,1.78734,805.49,-9999.0,11.44,82.5
201204040930,201204041000,-1.12891,0.0,379.7,4.175,16.74,2.99507,3.93335,2.80392,2.41281,892.766,-9999.0,11.44,78.1
201204041000,201204041030,0.364332,0.0,588.6,7.024,18.36,3.23424,2.61606,2.89469,2.75159,966.362,-9999.0,11.45,66.74
201204041030,201204041100,-0.466889,0.0,619.4,8.522,18.69,3.28052,3.48087,2.91528,2.78999,1025.02,-9999.0,11.48,60.47
201204041100,201204041130,1.08077,0.0,658.2,11.46,19.65,3.42383,2.03694,2.96937,2.3982,1067.74,-9999.0,11.52,49.93
201204041130,201204041200,1.13105,0.0,398.0,13.167,20.3,3.52048,2.05604,3.00666,1.77114,1093.78,-9999.0,11.57,44.74
201204041200,201204041230,3.43702,0.0,517.5,13.368,20.78,3.59115,-0.199508,3.03484,1.83258,1102.7,-9999.0,11.63,45.53
201204041230,201204041300,0.571147,0.0,211.7,12.725,20.46,3.53685,2.62729,3.02103,1.52434,1094.35,-9999.0,11.7,47.12
201204041300,201204041330,1.17935,0.0,239.8,8.745,18.87,3.28803,1.83916,2.93941,2.02523,1068.88,-9999.0,11.78,59.89
201204041330,201204041400,-9999.0,1.0,383.7,7.543,18.48,3.22502,2.37384,2.92128,2.44403,1026.71,-9999.0,11.86,64.55
201204041400,201204041430,-9999.0,1.0,320.5,8.74,18.99,3.29825,2.3504,2.95167,2.29205,968.564,-9999.0,11.93,60.21
201204041430,201204041500,2.80969,0.0,381.7,9.706,19.6,3.3872,0.2802,2.98728,2.44528,895.447,-9999.0,11.99,57.46
201204041500,201204041530,0.370002,0.0,390.6,10.152,19.78,3.41063,2.73663,2.99983,2.43109,808.604,-9999.0,12.05,56.0
201204041530,201204041600,0.902247,0.0,373.9,10.637,20.02,3.44328,2.22775,3.01557,2.28697,709.522,-9999.0,12.11,54.58
201204041600,201204041630,1.87764,0.0,330.5,10.527,19.82,3.40842,1.22702,3.00786,2.21796,599.896,-9999.0,12.17,54.49
201204041630,201204041700,1.946,0.0,211.7,10.253,19.57,3.36611,1.12787,2.99742,1.88771,481.601,-9999.0,12.23,54.98
201204041700,201204041730,-9999.0,1.0,93.3,8.789,18.53,3.20504,0.952559,2.94415,1.19147,356.662,-9999.0,12.28,58.82
201204041730,201204041800,-9999.0,1.0,59.94,7.909,17.65,3.07045,0.692574,2.89885,0.864381,227.216,-9999.0,12.34,60.84
201204041800,201204041830,4.03154,0.0,21.49,7.168,16.94,2.96277,-1.25402,2.86239,0.363924,95.4785,-9999.0,12.38,62.88
201204041830,201204041900,3.03302,0.0,2.948,6.161,15.92,2.81227,-0.368138,2.80806,0.05452,3.27227,-9999.0,12.4,65.95
201204041900,201204041930,1.99277,0.0,0.164,5.44,15.25,2.71393,0.597804,2.77286,0.003078,0.0,-9999.0,12.42,68.62
201204041930,201204042000,-9999.0,1.0,0.028,4.814,14.63,2.62398,0.320876,2.74014,0.000526,0.0,-9999.0,12.42,71.1
201204042000,201204042030,-9999.0,1.0,0.012,3.856,13.88,2.51754,0.138698,2.69956,0.000226,0.0,-9999.0,12.42,75.7
201204042030,201204042100,-9999.0,1.0,0.029,3.024,13.37,2.44524,0.074798,2.67253,0.000546,0.0,-9999.0,12.4,80.3
201204042100,201204042130,-9999.0,1.0,0.048,2.273,12.77,2.36189,0.131448,2.63997,0.000904,0.0,-9999.0,12.38,84.6
201204042130,201204042200,-9999.0,1.0,0.136,1.696,11.99,2.25626,0.038659,2.59641,0.002563,0.0,-9999.0,12.35,87.9
201204042200,201204042230,-9999.0,1.0,0.232,1.221,11.32,2.16683,0.023534,2.55894,0.004375,0.0,-9999.0,12.32,90.9
201204042230,201204042300,-9999.0,1.0,0.222,0.901,11.14,2.14113,0.008699,2.55061,0.00419,0.0,-9999.0,12.28,93.2
201204042300,201204042330,-9999.0,1.0,0.095,0.634,11.08,2.13083,0.000384,2.54947,0.001796,0.0,-9999.0,12.24,95.2
201204042330,201204050000,-9999.0,1.0,0.13,0.688,11.11,2.13199,-0.002311,2.55374,0.002459,0.0,-9999.0,12.2,94.8
201204050000,201204050030,-9999.0,1.0,0.145,0.526,9.95,1.98418,-0.210191,2.4858,0.002745,0.0,-9999.0,12.15,95.7
201204050030,201204050100,-9999.0,1.0,0.075,0.278,9.75,1.95714,-0.15407,2.47596,0.001421,0.0,-9999.0,12.1,97.7
201204050100,201204050130,-9999.0,1.0,0.049,0.124,10.13,2.00141,-0.041996,2.50161,0.000929,0.0,-9999.0,12.05,99.0
201204050130,201204050200,-9999.0,1.0,0.031,0.173,10.13,1.99891,0.006426,2.50402,0.000589,0.0,-9999.0,12.0,98.6
201204050200,201204050230,-9999.0,1.0,0.086,0.159,9.93,1.97182,-0.018258,2.49417,0.001634,0.0,-9999.0,11.95,98.7
201204050230,201204050300,-9999.0,1.0,0.175,0.165,9.38,1.9025,-0.101936,2.4627,0.003326,0.0,-9999.0,11.9,98.6
201204050300,201204050330,-9999.0,1.0,0.133,0.516,9.44,1.90734,-0.251798,2.46877,0.00253,0.0,-9999.0,11.85,95.6424
201204050330,201204050400,-9999.0,1.0,0.128,0.025,10.03,1.97663,-0.054527,2.50752,0.002437,0.0,-9999.0,11.8,99.8
201204050400,201204050430,-9999.0,1.0,0.185,0.113,10.37,2.0159,0.15886,2.53079,0.003525,0.0,-9999.0,11.75,99.1
201204050430,201204050500,-9999.0,1.0,0.162,0.154,10.68,2.05171,0.144331,2.5522,0.003089,0.0,-9999.0,11.7,98.8
201204050500,201204050530,-9999.0,1.0,0.145,0.384,10.61,2.04045,0.033231,2.55035,0.002768,0.0,-9999.0,11.65,97.0
201204050530,201204050600,-9999.0,1.0,1.93,0.49,10.72,2.05149,-0.027257,2.55953,0.036547,3.68326,-9999.0,11.61,96.2
201204050600,201204050630,-9999.0,1.0,26.92,0.657,11.32,2.12377,-0.192314,2.59861,0.45464,97.1241,-9999.0,11.57,95.1
201204050630,201204050700,-9999.0,1.0,114.9,1.005,12.13,2.22377,1.72306,2.65019,1.40419,228.73,-9999.0,11.53,92.9
201204050700,201204050730,-9999.0,1.0,241.0,2.604,14.08,2.47571,2.21278,2.76915,2.1105,358.122,-9999.0,11.5,83.8
201204050730,201204050800,-9999.0,1.0,347.8,4.196,15.71,2.69328,2.43174,2.86714,2.45773,483.086,-9999.0,11.47,76.5
201204050800,201204050830,-9999.0,1.0,447.8,5.651,17.03,2.87339,1.63933,2.94579,2.6811,601.484,-9999.0,11.44,70.9
201204050830,201204050900,-9999.0,1.0,511.3,6.442,17.94,2.99858,2.57417,3.00026,2.79232,711.29,-9999.0,11.41,68.68
201204050900,201204050930,-9999.0,1.0,543.1,6.993,18.59,3.08784,2.90643,3.03969,2.84281,810.624,-9999.0,11.4,67.36
201204050930,201204051000,-9999.0,1.0,604.3,8.444,19.44,3.20692,3.25926,3.09002,2.92676,897.788,-9999.0,11.4,62.62
201204051000,201204051030,-9999.0,1.0,440.9,9.124,19.62,3.22903,1.99288,3.10294,2.68002,971.291,-9999.0,11.41,60.06
201204051030,201204051100,0.250433,0.0,857.0,10.609,20.43,3.34358,2.80065,3.1506,2.93531,1029.87,-9999.0,11.44,55.83
201204051100,201204051130,-9999.0,1.0,799.0,11.808,20.91,3.41018,2.32399,3.17989,2.49025,1072.53,-9999.0,11.48,52.27
201204051130,201204051200,-9999.0,1.0,793.0,12.001,21.16,3.44286,2.34734,3.19655,2.42796,1098.54,-9999.0,11.54,52.23
201204051200,201204051230,-0.089444,0.0,431.8,12.069,21.57,3.49939,3.25219,3.22188,2.12878,1107.45,-9999.0,11.61,53.15
201204051230,201204051300,-9999.0,1.0,594.7,11.305,21.77,3.5247,2.41533,3.23578,2.51539,1099.12,-9999.0,11.7,56.65
201204051300,201204051330,-9999.0,1.0,674.4,9.721,21.4,3.46514,2.14445,3.21871,3.02958,1073.67,-9999.0,11.79,61.87
201204051330,201204051400,-9999.0,1.0,449.1,8.462,20.62,3.34569,2.65571,3.17896,2.7166,1031.56,-9999.0,11.88,65.18
201204051400,201204051430,-9999.0,1.0,638.3,12.996,21.53,3.47545,1.86441,3.23186,2.06837,973.49,-9999.0,11.97,49.43
201204051430,201204051500,-9999.0,2.0,585.5,16.553,22.05,3.54819,2.12774,3.26319,1.27014,900.466,-9999.0,12.07,37.6
201204051500,201204051530,-9999.0,1.0,421.0,12.948,21.87,3.51684,2.02736,3.25647,1.91787,813.735,-9999.0,12.17,50.65
201204051530,201204051600,-9999.0,1.0,351.0,11.157,21.42,3.44573,2.24441,3.23495,2.23075,714.78,-9999.0,12.27,56.29
201204051600,201204051630,0.550921,0.0,281.5,11.129,21.17,3.4045,2.54227,3.22426,2.07169,605.294,-9999.0,12.36,55.73
201204051630,201204051700,0.555229,0.0,172.0,11.082,20.62,3.31976,2.47659,3.19691,1.67725,487.15,-9999.0,12.45,54.4
201204051700,201204051730,-9999.0,1.0,99.5,9.88,19.72,3.18549,0.840144,3.14969,1.30406,362.371,-9999.0,12.53,57.02
201204051730,201204051800,-9999.0,1.0,40.34,8.035,18.41,2.9955,0.402912,3.07845,0.657045,233.092,-9999.0,12.59,62.07
201204051800,201204051830,1.98669,0.0,18.59,5.727,17.24,2.82904,0.683567,3.01398,0.332585,101.523,-9999.0,12.64,70.9
201204051830,201204051900,3.06064,0.0,1.987,3.664,16.27,2.69317,-0.492715,2.96016,0.038437,4.79464,-9999.0,12.68,80.2
201204051900,201204051930,1.79264,0.0,0.33,2.431,15.39,2.57188,0.683019,2.9109,0.00644,0.0,-9999.0,12.7,86.1
201204051930,201204052000,2.13948,0.0,0.33,1.694,14.43,2.44244,0.236732,2.85618,0.006446,0.0,-9999.0,12.71,89.7
201204052000,201204052030,-9999.0,1.0,0.33,1.283,13.66,2.33999,-0.056609,2.81225,0.006451,0.0,-9999.0,12.7,91.8
201204052030,201204052100,-9999.0,1.0,0.33,0.891,13.38,2.30126,-0.108286,2.79779,0.006456,0.0,-9999.0,12.69,94.2
201204052100,201204052130,4.81151,0.0,0.321,0.65,13.14,2.26789,-2.57132,2.78571,0.006285,0.0,-9999.0,12.67,95.7
201204052130,201204052200,-9999.0,1.0,0.317,0.288,12.41,2.1737,-0.049181,2.74333,0.006212,0.0,-9999.0,12.64,98.0
201204052200,201204052230,-9999.0,1.0,0.312,0.07,11.91,2.10931,-0.01221,2.71482,0.006119,0.0,-9999.0,12.61,99.5
201204052230,201204052300,-9999.0,1.0,0.285,0.04,11.3,2.03254,-0.030881,2.67917,0.005595,0.0,-9999.0,12.57,99.7
201204052300,201204052330,-9999.0,1.0,0.313,0.0,10.99,1.99272,-0.06568,2.66214,0.006149,0.0,-9999.0,12.53,100.0
201204052330,201204060000,-9999.0,1.0,0.304,0.0,10.32,1.91091,-0.027388,2.62215,0.005977,0.0,-9999.0,12.48,100.0
201204060000,201204060030,-9999.0,1.0,0.287,0.0,10.16,1.88969,-0.193341,2.61438,0.005648,0.0,-9999.0,12.44,100.0
201204060030,201204060100,-9999.0,1.0,0.145,0.0,10.02,1.87092,-0.220378,2.59321,0.002833,0.0,-9999.0,12.39,100.0
201204060100,201204060130,-9999.0,1.0,0.134,0.0,9.72,1.83384,-0.202375,2.56196,0.002597,0.0,-9999.0,12.33,100.0
201204060130,201204060200,-9999.0,1.0,0.058,0.0,10.07,1.87173,-0.219917,2.57189,0.001115,0.0,-9999.0,12.28,100.0
201204060200,201204060230,-9999.0,1.0,0.222,0.0,9.87,1.84617,-0.237575,2.5471,0.004231,0.0,-9999.0,12.23,100.0
201204060230,201204060300,-9999.0,1.0,0.155,0.0,9.55,1.8071,-0.285444,2.51488,0.002931,0.0,-9999.0,12.17,100.0
201204060300,201204060330,-9999.0,1.0,0.034,0.0,9.56,1.80583,-0.286587,2.50341,0.000638,0.0,-9999.0,12.12,100.0
201204060330,201204060400,-9999.0,1.0,0.087,0.19,10.24,1.88137,-0.051461,2.53338,0.001618,0.0,-9999.0,12.07,98.4745
201204060400,201204060430,-9999.0,1.0,0.08,0.091,10.78,1.94167,-0.092836,2.55409,0.001476,0.0,-9999.0,12.02,99.3
201204060430,201204060500,-9999.0,1.0,0.051,0.349,10.77,1.93789,-0.095987,2.54102,0.000933,0.0,-9999.0,11.97,97.3
201204060500,201204060530,-9999.0,1.0,0.09,0.399,10.21,1.87035,-0.150771,2.49466,0.001632,0.0,-9999.0,11.92,96.8
201204060530,201204060600,-9999.0,1.0,1.32,0.623,10.21,1.86783,-0.069547,2.48237,0.02359,6.57212,-9999.0,11.88,95.0
201204060600,201204060630,-9999.0,1.0,12.12,0.506,10.08,1.85042,-0.073293,2.46225,0.20438,107.527,-9999.0,11.85,95.9
201204060630,201204060700,-9999.0,1.0,38.36,0.543,10.76,1.92631,0.235663,2.4906,0.574625,238.922,-9999.0,11.81,95.8
201204060700,201204060730,-9999.0,1.0,59.58,0.826,11.96,2.06514,1.97807,2.54867,0.817034,368.031,-9999.0,11.78,94.1
201204060730,201204060800,-0.2826,0.0,179.4,1.648,13.57,2.25812,2.51274,2.62849,1.71402,492.645,-9999.0,11.75,89.4
201204060800,201204060830,-9999.0,1.0,133.3,3.311,15.33,2.47656,1.37187,2.71395,1.42582,610.632,-9999.0,11.73,81.0
201204060830,201204060900,-9999.0,1.0,240.2,4.595,16.29,2.59708,2.43235,2.75289,1.97562,719.974,-9999.0,11.71,75.2
201204060900,201204060930,-1.78554,0.0,216.8,6.848,17.89,2.8045,4.43335,2.82488,1.86245,818.798,-9999.0,11.7,66.6
201204060930,201204061000,-9999.0,1.0,382.2,7.489,18.56,2.89058,2.0774,2.84573,2.41436,905.415,-9999.0,11.7,64.98
201204061000,201204061030,-9999.0,1.0,362.3,7.131,18.78,2.91633,2.05403,2.84254,2.34923,978.342,-9999.0,11.71,67.11
201204061030,201204061100,2.22197,0.0,293.4,8.555,19.61,3.0251,0.589264,2.87062,2.12571,1036.33,-9999.0,11.74,62.53
201204061100,201204061130,-1.35751,0.0,340.4,8.921,19.6,3.0196,4.16456,2.85516,2.26279,1078.39,-9999.0,11.77,60.9
201204061130,201204061200,-9999.0,1.0,443.1,10.801,20.43,3.12927,1.61383,2.88213,2.33926,1103.8,-9999.0,11.81,55.03
201204061200,201204061230,-9999.0,1.0,403.8,10.071,20.46,3.12912,1.79703,2.86846,2.39722,1112.13,-9999.0,11.86,58.15
201204061230,201204061300,-0.023254,0.0,524.3,9.996,20.39,3.1152,2.90013,2.8498,2.66821,1103.23,-9999.0,11.92,58.28
201204061300,201204061330,-9999.0,1.0,381.8,9.404,20.03,3.06163,1.94952,2.81679,2.33205,1077.26,-9999.0,11.98,59.87
201204061330,201204061400,-9999.0,1.0,511.5,9.699,20.33,3.09842,1.6891,2.81653,2.62308,1034.65,-9999.0,12.04,59.37
201204061400,201204061430,0.175748,0.0,418.1,9.639,20.47,3.11333,2.69935,2.80823,2.40283,976.146,-9999.0,12.11,59.97
201204061430,201204061500,-0.277774,0.0,353.5,8.948,20.1,3.05852,3.11254,2.77501,2.21771,902.741,-9999.0,12.18,61.98
201204061500,201204061530,0.165074,0.0,408.5,8.584,19.73,3.00412,2.62951,2.74191,2.3561,815.692,-9999.0,12.26,62.68
201204061530,201204061600,-9999.0,1.0,282.9,8.413,19.57,2.97839,1.44257,2.71914,1.96667,716.488,-9999.0,12.33,63.06
201204061600,201204061630,-9999.0,1.0,256.8,7.792,19.1,2.91124,1.61316,2.68139,1.85795,606.828,-9999.0,12.4,64.77
201204061630,201204061700,-9999.0,1.0,289.6,7.382,18.86,2.87524,1.4445,2.65494,1.96574,488.587,-9999.0,12.47,66.12
201204061700,201204061730,1.71935,0.0,211.3,7.535,19.0,2.88985,0.990123,2.64694,1.64487,363.788,-9999.0,12.53,65.72
201204061730,201204061800,1.78064,0.0,108.8,6.029,18.22,2.78284,0.848849,2.59458,1.06716,234.567,-9999.0,12.59,71.2
201204061800,201204061830,2.26949,0.0,54.62,4.495,17.2,2.64639,0.257133,2.53059,0.624665,103.134,-9999.0,12.63,77.1
201204061830,201204061900,2.06984,0.0,9.25,2.921,15.96,2.48485,0.333597,2.45573,0.123742,5.25759,-9999.0,12.66,83.9
201204061900,201204061930,2.10372,0.0,0.33,1.664,14.93,2.35709,0.198039,2.39106,0.004531,0.0,-9999.0,12.69,90.2
201204061930,201204062000,-9999.0,1.0,0.33,1.019,14.42,2.29507,-0.045811,2.35219,0.004479,0.0,-9999.0,12.7,93.8
201204062000,201204062030,-9999.0,1.0,0.314,0.798,13.98,2.24213,-0.231701,2.31692,0.004213,0.0,-9999.0,12.7,95.0
201204062030,201204062100,-9999.0,1.0,0.289,0.705,13.69,2.2077,-0.281158,2.28922,0.003833,0.0,-9999.0,12.69,95.5
201204062100,201204062130,-9999.0,1.0,0.281,0.487,13.23,2.15314,-0.245381,2.25324,0.003683,0.0,-9999.0,12.67,96.8
201204062130,201204062200,-9999.0,1.0,0.271,0.282,12.88,2.11211,-0.219364,2.22283,0.00351,0.0,-9999.0,12.65,98.1
201204062200,201204062230,-9999.0,1.0,0.25,0.03,12.87,2.11151,-0.219432,2.20926,0.003199,0.0,-9999.0,12.63,99.8
201204062230,201204062300,-9999.0,1.0,0.228,0.073,12.67,2.08844,-0.242313,2.18643,0.002882,0.0,-9999.0,12.59,99.5
201204062300,201204062330,-9999.0,1.0,0.259,0.086,12.36,2.05256,-0.219379,2.15833,0.003233,0.0,-9999.0,12.56,99.4
201204062330,201204070000,-9999.0,1.0,0.267,1.441,12.08,2.02041,-0.171897,2.13181,0.003291,0.0,-9999.0,12.52,89.7832
201204070000,201204070030,7.37074,0.0,0.229,1.143,11.54,1.95845,-5.38274,2.09279,0.002787,0.0,-9999.0,12.48,91.6036
201204070030,201204070100,-9999.0,1.0,0.084,0.827,11.24,1.9246,-0.189124,2.06558,0.00101,0.0,-9999.0,12.44,93.8044
201204070100,201204070130,-9999.0,1.0,0.002,0.583,11.33,1.93543,-0.200831,2.05732,2.4e-05,0.0,-9999.0,12.39,95.6527
201204070130,201204070200,-9999.0,1.0,0.022,0.0,10.9,1.88697,-0.234849,2.02406,0.000258,0.0,-9999.0,12.35,100.0
201204070200,201204070230,-0.35084,0.0,0.047,0.0,10.79,1.87503,2.27287,2.0063,0.000543,0.0,-9999.0,12.3,100.0
201204070230,201204070300,1.80388,0.0,0.024,0.0,11.1,1.91075,0.147495,2.00856,0.000274,0.0,-9999.0,12.26,100.0
201204070300,201204070330,2.66462,0.0,0.085,0.0,11.23,1.92613,-0.700429,2.00212,0.000955,0.0,-9999.0,12.22,100.0
201204070330,201204070400,0.31599,0.0,0.121,0.0,10.9,1.88906,1.61854,1.97408,0.001341,0.0,-9999.0,12.19,100.0
201204070400,201204070430,-0.240651,0.0,0.215,0.0,10.6,1.85566,2.14838,1.94757,0.002347,0.0,-9999.0,12.16,100.0
201204070430,201204070500,2.58829,0.0,0.326,0.0,10.2,1.81133,-0.716434,1.91654,0.003507,0.0,-9999.0,12.13,100.0
201204070500,201204070530,2.946,0.0,0.319,0.0,9.84,1.77186,-1.10621,1.88752,0.003382,0.0,-9999.0,12.09,100.0
201204070530,201204070600,2.18388,0.0,3.587,0.0,10.14,1.80565,-0.315972,1.88919,0.037025,8.65824,-9999.0,12.06,100.0
201204070600,201204070630,-9999.0,1.0,23.86,0.0,9.92,1.7817,-0.20613,1.86683,0.226698,113.49,-9999.0,12.03,100.0
201204070630,201204070700,-9999.0,1.0,108.3,0.0,9.44,1.72933,1.74576,1.83267,0.815348,244.706,-9999.0,11.99,100.0
201204070700,201204070730,2.99154,0.0,175.5,0.0,10.18,1.81161,-1.11767,1.85419,1.15035,373.64,-9999.0,11.95,100.0
201204070730,201204070800,-9999.0,1.0,324.8,0.0,11.35,1.94472,1.87199,1.89409,1.72002,498.084,-9999.0,11.9,100.0
201204070800,201204070830,-9999.0,1.0,482.6,0.602,13.85,2.24129,2.38221,1.9899,2.18024,615.911,-9999.0,11.86,96.2
201204070830,201204070900,-9999.0,1.0,577.4,3.137,15.95,2.50299,2.45919,2.06458,2.41293,725.103,-9999.0,11.83,82.7
201204070900,201204070930,-9999.0,1.0,665.6,5.933,17.53,2.707,2.81592,2.11495,2.611,823.793,-9999.0,11.8,70.4
201204070930,201204071000,-9999.0,1.0,823.0,7.508,18.41,2.82342,3.49907,2.1356,2.93661,910.292,-9999.0,11.79,64.56
201204071000,201204071030,-9999.0,1.0,502.8,9.358,18.98,2.90001,1.71603,2.14331,2.19377,983.12,-9999.0,11.78,57.37
201204071030,201204071100,-9999.0,1.0,731.0,11.055,19.65,2.99079,1.82493,2.15441,2.62433,1041.03,-9999.0,11.79,51.7
201204071100,201204071130,-9999.0,2.0,944.0,12.613,20.36,3.08797,0.92558,2.16644,2.89024,1083.03,-9999.0,11.83,47.26
201204071130,201204071200,-9999.0,2.0,961.0,13.31,20.94,3.16827,2.78944,2.173,2.87155,1108.41,-9999.0,11.88,46.3
201204071200,201204071230,-9999.0,1.0,497.8,11.87,20.26,3.07604,1.25241,2.1324,1.999,1116.73,-9999.0,11.95,50.06
201204071230,201204071300,-9999.0,1.0,825.0,12.144,20.51,3.11102,2.61771,2.12653,2.72301,1107.84,-9999.0,12.03,49.69
201204071300,201204071330,1.16683,0.0,666.5,12.301,20.59,3.12283,1.72539,2.11428,2.37553,1081.9,-9999.0,12.1,49.29
201204071330,201204071400,1.49232,0.0,588.9,11.48,20.28,3.08131,1.36991,2.08775,2.24636,1039.35,-9999.0,12.18,51.76
201204071400,201204071430,-9999.0,1.0,523.4,10.147,19.4,2.96283,1.53181,2.0405,2.16063,980.927,-9999.0,12.26,54.97
201204071430,201204071500,-9999.0,1.0,626.0,10.399,19.62,2.99335,2.51774,2.0336,2.40362,907.622,-9999.0,12.34,54.48
201204071500,201204071530,-0.627546,0.0,511.5,10.03,19.49,2.97661,3.41396,2.01396,2.11616,820.691,-9999.0,12.44,55.74
201204071530,201204071600,-0.481512,0.0,437.7,9.537,19.19,2.93701,3.23902,1.98826,1.89174,721.623,-9999.0,12.53,57.12
201204071600,201204071630,-9999.0,1.0,308.4,7.92,18.4,2.83224,1.79944,1.94505,1.45731,612.111,-9999.0,12.62,62.59
201204071630,201204071700,-9999.0,1.0,257.5,6.72,17.84,2.75895,1.63411,1.9103,1.25956,494.031,-9999.0,12.7,67.12
201204071700,201204071730,1.38595,0.0,153.0,6.564,17.66,2.73604,1.22233,1.88937,0.821777,369.402,-9999.0,12.77,67.52
201204071730,201204071800,1.83888,0.0,93.5,5.522,17.16,2.67139,0.720895,1.8571,0.532855,240.357,-9999.0,12.82,71.8
201204071800,201204071830,2.22263,0.0,33.5,4.782,16.48,2.58406,0.271031,1.81854,0.20543,109.103,-9999.0,12.86,74.5
201204071830,201204071900,-9999.0,1.0,3.235,3.783,15.34,2.43947,0.136036,1.76361,0.020508,7.14186,-9999.0,12.89,78.3
201204071900,201204071930,-9999.0,1.0,0.33,2.644,14.41,2.3239,0.053956,1.71637,0.002053,0.0,-9999.0,12.91,83.9
201204071930,201204072000,2.18092,0.0,0.33,1.736,13.66,2.23233,0.040852,1.67581,0.002001,0.0,-9999.0,12.91,88.9
201204072000,201204072030,1.10908,0.0,0.33,1.2,13.21,2.1783,1.07036,1.64629,0.001949,0.0,-9999.0,12.9,92.1
201204072030,201204072100,-9999.0,1.0,0.317,0.934,13.09,2.16442,-0.097431,1.62881,0.001823,0.0,-9999.0,12.89,93.8
201204072100,201204072130,-9999.0,1.0,0.285,0.748,12.67,2.11459,-0.15506,1.60068,0.001594,0.0,-9999.0,12.86,94.9
201204072130,201204072200,-9999.0,1.0,0.31,0.631,12.0,2.03571,-0.162099,1.5638,0.001686,0.0,-9999.0,12.83,95.5
201204072200,201204072230,-9999.0,1.0,0.29,0.424,11.6,1.9894,-0.237425,1.53676,0.001532,0.0,-9999.0,12.79,96.9
201204072230,201204072300,-9999.0,1.0,0.168,0.189,11.41,1.96783,-0.285655,1.51733,0.000861,0.0,-9999.0,12.75,98.6
201204072300,201204072330,-9999.0,1.0,0.065,0.08,11.32,1.95793,-0.293314,1.50152,0.000323,0.0,-9999.0,12.71,99.4
201204072330,201204080000,1.4493,0.0,0.045,0.068,11.44,1.9724,0.567772,1.49308,0.000217,0.0,-9999.0,12.66,99.5
201204080000,201204080030,2.87096,0.0,0.1,0.162,11.41,1.96945,-0.855902,1.47939,0.000466,0.0,-9999.0,12.61,98.8
201204080030,201204080100,1.68209,0.0,0.105,0.148,11.36,1.96419,0.329068,1.47665,0.000486,0.0,-9999.0,12.57,98.9
201204080100,201204080130,-9999.0,1.0,0.103,0.0,11.49,1.97985,-0.280411,1.48012,0.000474,0.0,-9999.0,12.53,100.0
201204080130,201204080200,-9999.0,1.0,0.012,3.486,12.15,2.05791,-0.156305,1.50175,5.5e-05,0.0,-9999.0,12.49,75.3983
201204080200,201204080230,-9999.0,1.0,0.001,3.962,12.52,2.10247,-0.110049,1.51332,5e-06,0.0,-9999.0,12.45,72.708
201204080230,201204080300,-9999.0,1.0,0.004,3.385,12.44,2.09349,-0.118793,1.50956,1.8e-05,0.0,-9999.0,12.42,76.5609
201204080300,201204080330,-9999.0,1.0,0.001,2.667,12.34,2.08216,-0.162367,1.50513,4e-06,0.0,-9999.0,12.39,81.4128
201204080330,201204080400,1.48981,0.0,0.002,2.96,12.6,2.11376,0.644234,1.51292,9e-06,0.0,-9999.0,12.36,79.7163
201204080400,201204080430,0.686315,0.0,0.0,3.613,12.87,2.14677,1.47451,1.52101,0.0,0.0,-9999.0,12.33,75.6813
201204080430,201204080500,-9999.0,1.0,0.025,3.845,12.59,2.11372,-0.095235,1.51049,0.000111,0.0,-9999.0,12.3,73.6374
201204080500,201204080530,-9999.0,1.0,0.2,3.863,12.3,2.07968,-0.160973,1.49963,0.000879,0.0,-9999.0,12.28,73.0026
201204080530,201204080600,-9999.0,1.0,1.759,3.823,12.1,2.05649,-0.117667,1.4918,0.007678,10.9909,-9999.0,12.25,72.9285
201204080600,201204080630,-9999.0,1.0,15.51,3.641,12.04,2.04995,-0.109135,1.48873,0.066914,119.41,-9999.0,12.23,74.1166
201204080630,201204080700,-0.885453,0.0,38.63,3.642,12.17,2.06592,2.98345,1.49212,0.164092,250.442,-9999.0,12.2,74.3317
201204080700,201204080730,-0.04988,0.0,71.0,3.594,12.47,2.10224,2.17746,1.50124,0.295892,379.195,-9999.0,12.18,75.1656
201204080730,201204080800,1.7652,0.0,86.1,3.546,13.11,2.17993,0.42489,1.52173,0.354558,503.466,-9999.0,12.16,76.5046
201204080800,201204080830,-9999.0,1.0,156.4,0.0,13.76,2.25998,1.58815,1.54236,0.623003,621.128,-9999.0,12.14,100.0
201204080830,201204080900,-9999.0,1.0,220.8,0.598,14.6,2.36491,1.98292,1.56904,0.85361,730.167,-9999.0,12.12,96.4
201204080900,201204080930,-9999.0,1.0,160.3,1.593,15.57,2.48824,1.85816,1.59963,0.630212,828.719,-9999.0,12.11,91.0
201204080930,201204081000,-9999.0,1.0,212.2,2.832,16.17,2.56597,2.35682,1.61791,0.813598,915.098,-9999.0,12.11,84.6
201204081000,201204081030,-9999.0,1.0,271.1,4.019,16.65,2.62893,1.76027,1.63219,1.01184,987.824,-9999.0,12.12,78.8
201204081030,201204081100,-9999.0,1.0,311.8,5.182,17.32,2.71747,1.76829,1.65239,1.14086,1045.65,-9999.0,12.14,73.8
201204081100,201204081130,-0.441298,0.0,332.3,6.586,17.89,2.79373,3.11092,1.66924,1.20064,1087.6,-9999.0,12.16,67.88
201204081130,201204081200,-9999.0,1.0,495.0,8.495,18.37,2.85865,1.74099,1.68313,1.68654,1112.94,-9999.0,12.19,59.8
201204081200,201204081230,-9999.0,1.0,377.2,9.847,18.95,2.93764,1.93841,1.7,1.32774,1121.24,-9999.0,12.22,55.06
201204081230,201204081300,0.272267,0.0,166.0,9.14,18.32,2.8535,2.44404,1.67922,0.624604,1112.37,-9999.0,12.26,56.61
201204081300,201204081330,0.603579,0.0,194.2,5.107,16.5,2.61369,1.93057,1.62061,0.719061,1086.46,-9999.0,12.31,72.8
201204081330,201204081400,-0.612834,0.0,235.0,7.488,17.05,2.68635,3.20315,1.63696,0.852767,1043.98,-9999.0,12.35,61.49
201204081400,201204081430,-9999.0,1.0,395.5,6.719,17.64,2.76503,1.87521,1.65443,1.35353,985.633,-9999.0,12.39,66.71
201204081430,201204081500,-9999.0,1.0,413.9,7.472,18.05,2.82043,1.8282,1.66612,1.4005,912.431,-9999.0,12.43,63.92
201204081500,201204081530,-9999.0,1.0,368.3,6.76,17.67,2.77053,1.89078,1.65306,1.25698,825.622,-9999.0,12.47,66.57
201204081530,201204081600,2.05648,0.0,476.8,7.916,17.96,2.80993,0.629854,1.66098,1.56531,726.692,-9999.0,12.51,61.56
201204081600,201204081630,1.92524,0.0,410.8,8.719,18.51,2.88452,0.817983,1.67693,1.36802,617.334,-9999.0,12.55,59.1
201204081630,201204081700,2.17571,0.0,269.4,8.315,17.7,2.77678,0.48644,1.65054,0.932093,499.419,-9999.0,12.59,58.96
201204081700,201204081730,0.643195,0.0,176.4,8.153,17.4,2.73769,1.98968,1.63998,0.625199,374.964,-9999.0,12.63,58.99
201204081730,201204081800,1.18368,0.0,57.23,6.976,16.53,2.62401,1.3626,1.61139,0.209838,246.099,-9999.0,12.67,62.92
201204081800,201204081830,1.50025,0.0,18.21,5.907,15.73,2.52103,0.966917,1.58479,0.067224,115.029,-9999.0,12.7,66.96
201204081830,201204081900,1.99355,0.0,5.267,3.696,15.05,2.43475,0.406869,1.56184,0.019396,9.274,-9999.0,12.72,78.4
201204081900,201204081930,1.28693,0.0,0.33,2.683,14.26,2.33579,1.03623,1.53517,0.001209,0.0,-9999.0,12.72,83.5
201204081930,201204082000,2.40268,0.0,0.33,1.985,13.17,2.20156,-0.185619,1.49844,0.0012,0.0,-9999.0,12.72,86.9
201204082000,201204082030,1.83305,0.0,0.321,1.258,12.46,2.11598,0.315791,1.47392,0.001159,0.0,-9999.0,12.71,91.3
201204082030,201204082100,1.8775,0.0,0.288,0.88,11.94,2.05429,0.221902,1.45559,0.001032,0.0,-9999.0,12.7,93.7
201204082100,201204082130,2.01476,0.0,0.181,0.585,11.19,1.96636,0.013437,1.42946,0.000644,0.0,-9999.0,12.68,95.6
201204082130,201204082200,1.76976,0.0,0.158,0.353,10.41,1.87654,0.184988,1.40212,0.000558,0.0,-9999.0,12.65,97.2
201204082200,201204082230,1.68483,0.0,0.213,0.228,9.62,1.78735,0.196224,1.37426,0.000747,0.0,-9999.0,12.61,98.1
201204082230,201204082300,1.69147,0.0,0.096,0.082,9.37,1.75983,0.166922,1.36474,0.000334,0.0,-9999.0,12.56,99.3
201204082300,201204082330,1.65814,0.0,0.003,0.21,9.24,1.74582,0.188845,1.35932,1e-05,0.0,-9999.0,12.51,98.2
201204082330,201204090000,2.09509,0.0,0.0,0.437,9.4,1.76414,-0.232416,1.36383,0.0,0.0,-9999.0,12.46,96.3
201204090000,201204090030,1.28206,0.0,0.0,0.566,9.7,1.7983,0.609499,1.3731,0.0,0.0,-9999.0,12.4,95.3
201204090030,201204090100,1.47501,0.0,0.0,0.656,9.83,1.81347,0.429536,1.37655,0.0,0.0,-9999.0,12.34,94.6
201204090100,201204090130,0.938913,0.0,0.0,0.787,10.02,1.83552,0.98432,1.38202,0.0,0.0,-9999.0,12.29,93.6
201204090130,201204090200,1.02562,0.0,0.0,0.766,9.62,1.79074,0.860662,1.36746,0.0,0.0,-9999.0,12.24,93.6
201204090200,201204090230,1.63511,0.0,0.039,0.718,9.36,1.76205,0.227509,1.35765,0.000129,0.0,-9999.0,12.18,93.9
201204090230,201204090300,1.45482,0.0,0.061,0.6,9.64,1.79397,0.434838,1.3662,0.0002,0.0,-9999.0,12.13,95.0
201204090300,201204090330,1.1481,0.0,0.0,0.962,11.05,1.95636,0.876329,1.41269,0.0,0.0,-9999.0,12.08,92.7
201204090330,201204090400,1.69695,0.0,0.0,1.009,11.16,1.96977,0.338842,1.41535,0.0,0.0,-9999.0,12.03,92.4
201204090400,201204090430,1.78896,0.0,0.0,0.999,10.62,1.9074,0.195906,1.39631,0.0,0.0,-9999.0,11.98,92.2
201204090430,201204090500,1.18592,0.0,0.0,1.093,10.16,1.85498,0.755925,1.37987,0.0,0.0,-9999.0,11.93,91.2
201204090500,201204090530,1.31764,0.0,0.179,0.809,9.3,1.7582,0.543768,1.34982,0.000562,0.0,-9999.0,11.89,93.1
201204090530,201204090600,1.24568,0.0,6.314,0.432,8.45,1.66473,0.537145,1.31989,0.019633,15.6552,-9999.0,11.85,96.1
201204090600,201204090630,1.00088,0.0,33.49,0.229,8.22,1.64014,0.761352,1.31106,0.102529,129.659,-9999.0,11.8,97.9
201204090630,201204090700,0.778021,0.0,49.5,0.293,8.74,1.69744,1.03318,1.3279,0.149669,260.464,-9999.0,11.76,97.4
201204090700,201204090730,0.390012,0.0,177.6,0.668,9.83,1.82228,1.52435,1.36387,0.516316,388.918,-9999.0,11.71,94.5
201204090730,201204090800,-0.205834,0.0,424.1,2.597,12.77,2.17266,2.40471,1.46015,1.16028,512.824,-9999.0,11.66,82.4
201204090800,201204090830,-9999.0,1.0,527.3,4.763,14.9,2.44316,2.58955,1.52747,1.40454,630.061,-9999.0,11.62,71.9
201204090830,201204090900,-9999.0,1.0,640.5,6.948,15.98,2.5871,2.71091,1.56035,1.66091,738.624,-9999.0,11.58,61.75
201204090900,201204090930,-1.3134,0.0,560.0,8.254,16.34,2.63861,3.87183,1.57045,1.46368,836.656,-9999.0,11.55,55.59
201204090930,201204091000,-1.46437,0.0,795.0,8.946,16.24,2.62959,4.01366,1.56621,1.98614,922.478,-9999.0,11.54,51.56
201204091000,201204091030,-1.25117,0.0,850.0,10.066,16.94,2.72691,3.87545,1.58675,2.0932,994.623,-9999.0,11.54,47.87
201204091030,201204091100,-1.53652,0.0,583.0,10.475,17.13,2.75676,4.18402,1.59146,1.48502,1051.86,-9999.0,11.55,46.4
201204091100,201204091130,-1.43021,0.0,600.6,10.61,17.3,2.78406,4.09895,1.59553,1.51424,1093.2,-9999.0,11.59,46.29
201204091130,201204091200,-1.28348,0.0,565.1,11.179,17.92,2.87282,4.01995,1.61329,1.41818,1117.94,-9999.0,11.65,45.58
201204091200,201204091230,-0.508421,0.0,655.3,11.851,18.21,2.91717,3.27883,1.62091,1.59864,1125.66,-9999.0,11.72,43.35
201204091230,201204091300,-1.11824,0.0,613.1,11.525,17.89,2.87777,3.85942,1.61005,1.50139,1116.23,-9999.0,11.79,43.79
201204091300,201204091330,-1.05456,0.0,747.0,12.286,18.45,2.95956,3.85783,1.62581,1.76051,1089.8,-9999.0,11.86,42.15
201204091330,201204091400,-9999.0,1.0,512.8,13.215,18.37,2.95311,2.13098,1.62223,1.23412,1046.83,-9999.0,11.94,37.46
201204091400,201204091430,-9999.0,1.0,384.5,12.946,18.19,2.93279,1.8396,1.61564,0.945392,988.061,-9999.0,12.01,38.04
201204091430,201204091500,-0.662483,0.0,234.6,6.226,14.25,2.40939,3.04522,1.49276,0.596758,914.489,-9999.0,12.09,61.69
201204091500,201204091530,-0.257237,0.0,138.4,3.287,10.09,1.89938,2.2308,1.3569,0.354248,827.376,-9999.0,12.17,73.4
201204091530,201204091600,-0.542572,0.0,64.07,2.311,8.51,1.72045,2.36756,1.30307,0.164382,728.213,-9999.0,12.23,79.2
201204091600,201204091630,0.471921,0.0,34.44,1.315,7.36,1.59561,1.24755,1.26312,0.087907,618.696,-9999.0,12.28,87.2
201204091630,201204091700,1.17616,0.0,55.71,1.419,7.37,1.59918,0.546672,1.26255,0.140339,500.699,-9999.0,12.32,86.2
201204091700,201204091730,0.305365,0.0,135.8,1.637,7.67,1.63462,1.44798,1.27184,0.334994,376.241,-9999.0,12.33,84.4
201204091730,201204091800,0.158843,0.0,59.19,1.96,7.89,1.66156,1.61769,1.27837,0.14608,247.452,-9999.0,12.32,81.6
201204091800,201204091830,0.37754,0.0,30.55,2.306,8.06,1.68312,1.41757,1.28319,0.07491,116.536,-9999.0,12.3,78.6
201204091830,201204091900,2.41187,0.0,3.248,2.485,8.23,1.70484,-0.598099,1.28799,0.007908,9.90731,-9999.0,12.27,77.2
201204091900,201204091930,-9999.0,1.0,0.056,2.694,8.3,1.71539,-0.233797,1.28941,0.000135,0.0,-9999.0,12.23,75.4
201204091930,201204092000,-9999.0,1.0,0.0,3.139,8.59,1.75103,-0.251068,1.29821,0.0,0.0,-9999.0,12.19,71.9
201204092000,201204092030,-9999.0,1.0,0.0,3.095,8.49,1.7423,-0.213735,1.29391,0.0,0.0,-9999.0,12.14,72.1
201204092030,201204092100,-9999.0,1.0,0.0,3.393,8.69,1.76791,-0.220316,1.29966,0.0,0.0,-9999.0,12.09,69.83
201204092100,201204092130,-9999.0,1.0,0.0,3.425,8.59,1.75912,-0.24361,1.29537,0.0,0.0,-9999.0,12.04,69.34
201204092130,201204092200,-9999.0,1.0,0.0,3.474,8.41,1.74117,-0.212164,1.28841,0.0,0.0,-9999.0,11.98,68.52
201204092200,201204092230,-9999.0,1.0,0.0,3.486,8.13,1.71189,-0.348904,1.27808,0.0,0.0,-9999.0,11.93,67.8
201204092230,201204092300,-9999.0,1.0,0.0,3.579,7.79,1.67601,-0.440654,1.26573,0.0,0.0,-9999.0,11.87,66.17
201204092300,201204092330,-9999.0,1.0,0.0,3.987,7.5,1.64599,-0.459839,1.25503,0.0,0.0,-9999.0,11.82,61.56
201204092330,201204100000,-9999.0,1.0,0.0,4.139,7.34,1.63062,-0.355054,1.24872,0.0,0.0,-9999.0,11.76,59.65
201204100000,201204100030,-9999.0,1.0,0.002,4.075,7.03,1.59866,-0.518862,1.23733,4e-06,0.0,-9999.0,11.71,59.42
201204100030,201204100100,-9999.0,1.0,0.008,3.845,6.644,1.55861,-0.454558,1.22845,1.7e-05,0.0,-9999.0,11.64,60.68
201204100100,201204100130,-9999.0,1.0,0.0,1.535,10.437,2.00089,-0.192273,1.35987,0.0,0.0,-9999.0,11.58,-9999.0
201204100130,201204100200,-9999.0,1.0,0.0,3.116,6.083,1.50236,-0.325982,1.21757,0.0,0.0,-9999.0,11.52,66.88
201204100200,201204100230,-9999.0,1.0,0.0,1.534,10.422,2.00511,-0.184995,1.36868,0.0,0.0,-9999.0,11.46,-9999.0
201204100230,201204100300,-9999.0,1.0,0.0,1.533,10.412,2.00691,-0.19166,1.373,0.0,0.0,-9999.0,11.39,-9999.0
201204100300,201204100330,-9999.0,1.0,0.002,1.534,10.404,2.00895,-0.200577,1.37738,4e-06,0.0,-9999.0,11.33,-9999.0
201204100330,201204100400,-9999.0,1.0,0.0,1.534,10.398,2.01123,-0.201494,1.38183,0.0,0.0,-9999.0,11.26,-9999.0
201204100400,201204100430,-9999.0,1.0,0.0,1.534,10.392,2.01351,-0.193354,1.38627,0.0,0.0,-9999.0,11.2,-9999.0
201204100430,201204100500,-9999.0,1.0,0.0,1.535,10.386,2.01579,-0.206224,1.39071,0.0,0.0,-9999.0,11.13,-9999.0
201204100500,201204100530,-9999.0,1.0,0.168,1.535,10.38,2.01807,-0.197476,1.39516,0.000365,0.0,-9999.0,11.07,-9999.0
201204100530,201204100600,-9999.0,1.0,13.49,1.598,10.438,2.02827,-0.185649,1.40176,0.029303,18.7221,-9999.0,11.0,-9999.0
201204100600,201204100630,-9999.0,1.0,106.9,3.549,12.985,2.3572,0.909443,1.49168,0.231735,135.482,-9999.0,10.94,-9999.0
201204100630,201204100700,-9999.0,1.0,226.9,5.326,15.11,2.64752,1.85678,1.56606,0.490448,266.094,-9999.0,10.88,-9999.0
201204100700,201204100730,-9999.0,1.0,343.9,7.444,17.076,2.92798,2.09401,1.6341,0.741299,394.359,-9999.0,10.82,-9999.0
201204100730,201204100800,-9999.0,1.0,456.7,5.986,7.89,1.73362,0.604235,1.33172,0.981907,518.082,-9999.0,10.76,43.8
201204100800,201204100830,-1.24706,0.0,532.4,6.266,8.17,1.76888,3.12353,1.34597,1.14311,635.147,-9999.0,10.71,42.28
201204100830,201204100900,-2.40946,0.0,616.3,6.746,8.56,1.81756,4.32709,1.36414,1.32114,743.551,-9999.0,10.65,39.48
201204100900,201204100930,-0.11146,0.0,691.3,7.274,9.09,1.88375,2.0846,1.38727,1.48,841.438,-9999.0,10.61,37.04
201204100930,201204101000,-1.27177,0.0,767.0,7.406,9.3,1.91199,3.26868,1.39917,1.63994,927.134,-9999.0,10.57,36.8
201204101000,201204101030,-0.192423,0.0,828.0,7.982,10.03,2.00459,2.266,1.42936,1.76892,999.172,-9999.0,10.54,35.15
201204101030,201204101100,-0.880004,0.0,860.0,8.378,10.72,2.09413,3.02706,1.45812,1.83748,1056.32,-9999.0,10.52,35.0
201204101100,201204101130,-0.144516,0.0,886.0,8.728,11.26,2.16614,2.35029,1.48164,1.89361,1097.6,-9999.0,10.53,34.67
201204101130,201204101200,-0.844117,0.0,875.0,8.748,11.29,2.17318,3.05596,1.48743,1.87282,1122.31,-9999.0,10.56,34.65
201204101200,201204101230,-0.534023,0.0,887.0,9.396,12.07,2.27791,2.83036,1.51933,1.89991,1130.02,-9999.0,10.61,33.34
201204101230,201204101300,0.633828,0.0,868.0,9.695,12.39,2.3235,1.69928,1.53527,1.86237,1120.6,-9999.0,10.66,32.65
201204101300,201204101330,-9999.0,1.0,791.0,10.47,13.29,2.44758,2.62692,1.57125,1.69562,1094.21,-9999.0,10.71,31.43
201204101330,201204101400,-9999.0,1.0,767.0,10.509,13.51,2.48106,2.13211,1.5838,1.64684,1051.31,-9999.0,10.76,32.15
201204101400,201204101430,-9999.0,2.0,677.0,11.341,14.2,2.57952,2.37171,1.6125,1.44777,992.62,-9999.0,10.82,29.99
201204101430,201204101500,-9999.0,1.0,540.7,11.92,14.69,2.65154,2.57564,1.63434,1.15837,919.156,-9999.0,10.9,28.71
201204101500,201204101530,-9999.0,1.0,455.3,11.985,14.77,2.66663,1.75991,1.6422,0.980953,832.171,-9999.0,11.0,28.69
201204101530,201204101600,-9999.0,1.0,354.2,11.871,14.52,2.63543,0.926176,1.63873,0.769411,733.154,-9999.0,11.1,28.22
201204101600,201204101630,-9999.0,2.0,170.0,11.521,14.35,2.61546,0.216198,1.63796,0.374148,623.798,-9999.0,11.19,29.57
201204101630,201204101700,-9999.0,1.0,248.4,11.752,14.71,2.66979,2.25644,1.6555,0.544482,505.975,-9999.0,11.27,29.81
201204101700,201204101730,0.708027,0.0,164.8,12.001,15.12,2.73173,1.94872,1.6748,0.363013,381.701,-9999.0,11.34,30.19
201204101730,201204101800,1.62418,0.0,72.3,11.623,14.85,2.69731,1.00645,1.6706,0.160414,253.101,-9999.0,11.39,31.2
201204101800,201204101830,2.12394,0.0,22.05,10.504,14.06,2.58999,0.423794,1.6481,0.049122,122.377,-9999.0,11.41,34.57
201204101830,201204101900,2.04193,0.0,5.818,7.542,12.37,2.36159,0.326385,1.59296,0.012982,12.3814,-9999.0,11.43,47.54
201204101900,201204101930,2.34907,0.0,0.139,5.469,10.88,2.16732,-0.136209,1.5436,0.000311,0.0,-9999.0,11.44,58.02
201204101930,201204102000,3.65344,0.0,0.001,4.748,9.97,2.05307,-1.53322,1.51463,2e-06,0.0,-9999.0,11.44,61.27
201204102000,201204102030,1.01383,0.0,0.0,3.962,8.94,1.92634,1.00229,1.48058,0.0,0.0,-9999.0,11.43,65.36
201204102030,201204102100,1.77606,0.0,0.001,3.614,7.84,1.79451,0.130195,1.44318,2e-06,0.0,-9999.0,11.41,65.95
201204102100,201204102130,-9999.0,1.0,0.0,3.366,6.787,1.67214,-0.499986,1.40686,0.0,0.0,-9999.0,11.37,65.92
201204102130,201204102200,-9999.0,1.0,0.0,2.616,5.933,1.5761,-0.565473,1.37767,0.0,0.0,-9999.0,11.34,71.9
201204102200,201204102230,-9999.0,1.0,0.0,2.14,5.308,1.50797,-0.746043,1.3571,0.0,0.0,-9999.0,11.29,76.0
201204102230,201204102300,1.86623,0.0,0.0,2.025,5.006,1.4766,-0.231912,1.34913,0.0,0.0,-9999.0,11.25,76.8
201204102300,201204102330,-9999.0,1.0,0.0,1.697,4.245,1.39573,-1.09698,1.32259,0.0,0.0,-9999.0,11.19,79.5
201204102330,201204110000,0.93641,0.0,0.0,1.593,4.204,1.3933,0.624906,1.32486,0.0,0.0,-9999.0,11.14,80.7
201204110000,201204110030,3.33305,0.0,0.0,1.524,3.951,1.36817,-1.79384,1.31852,0.0,0.0,-9999.0,11.08,81.2
201204110030,201204110100,3.56219,0.0,0.0,1.287,3.402,1.31209,-2.07296,1.29998,0.0,0.0,-9999.0,11.02,83.5
201204110100,201204110130,2.63645,0.0,0.0,0.997,2.849,1.25668,-1.19706,1.28103,0.0,0.0,-9999.0,10.95,86.7
201204110130,201204110200,3.2227,0.0,0.0,0.92,3.037,1.27781,-1.76391,1.29257,0.0,0.0,-9999.0,10.89,87.9
201204110200,201204110230,2.25228,0.0,0.0,0.902,3.007,1.27651,-0.794415,1.29511,0.0,0.0,-9999.0,10.82,88.1
201204110230,201204110300,-9999.0,1.0,0.013,0.742,2.428,1.21907,-1.66278,1.27475,2.9e-05,0.0,-9999.0,10.76,89.8
201204110300,201204110330,4.23681,0.0,0.064,0.644,2.657,1.24408,-2.8079,1.28805,0.000145,0.0,-9999.0,10.7,91.3
201204110330,201204110400,3.89734,0.0,0.0,0.653,2.538,1.23368,-2.47767,1.28679,0.0,0.0,-9999.0,10.63,91.1
201204110400,201204110430,3.12403,0.0,0.0,0.582,1.248,1.1074,-1.82062,1.23587,0.0,0.0,-9999.0,10.56,91.3
201204110430,201204110500,3.36637,0.0,0.0,0.42,0.357,1.02461,-2.14063,1.20126,0.0,0.0,-9999.0,10.5,93.3
201204110500,201204110530,3.66307,0.0,0.464,0.338,0.86,1.07329,-2.39116,1.22636,0.001058,0.0,-9999.0,10.43,94.8
201204110530,201204110600,2.2422,0.0,16.97,0.348,1.257,1.11292,-0.932971,1.24696,0.038697,22.0208,-9999.0,10.37,94.8
201204110600,201204110630,2.54723,0.0,109.8,0.547,2.457,1.23403,-1.12602,1.30197,0.249968,141.256,-9999.0,10.3,92.5
201204110630,201204110700,3.24192,0.0,225.5,1.491,4.495,1.45302,-1.62389,1.39208,0.512209,271.672,-9999.0,10.24,82.3
201204110700,201204110730,1.89554,0.0,336.4,2.972,6.702,1.70969,-0.054453,1.488,0.762515,399.743,-9999.0,10.18,69.73
201204110730,201204110800,2.32961,0.0,441.4,4.748,9.12,2.0129,-0.233724,1.5909,0.998618,523.28,-9999.0,10.12,58.99
201204110800,201204110830,3.8135,0.0,539.1,5.993,11.3,2.30527,-1.47928,1.68241,1.21762,640.169,-9999.0,10.07,55.26
201204110830,201204110900,1.98874,0.0,626.5,7.282,13.39,2.60134,0.580611,1.76879,1.41309,748.409,-9999.0,10.03,52.62
201204110900,201204110930,-0.009753,0.0,707.0,9.794,15.86,2.96883,2.8634,1.86792,1.59282,846.148,-9999.0,9.99,45.67
201204110930,201204111000,0.632622,0.0,772.0,10.604,16.16,3.01838,2.25921,1.88444,1.73178,931.715,-9999.0,9.97,42.29
201204111000,201204111030,-9999.0,1.0,825.0,10.737,15.57,2.93326,3.75979,1.86744,1.84791,1003.65,-9999.0,9.96,39.32
201204111030,201204111100,-9999.0,1.0,862.0,11.252,15.93,2.99173,3.639,1.8863,1.92284,1060.71,-9999.0,9.98,37.86
201204111100,201204111130,-9999.0,2.0,918.0,12.186,17.05,3.16773,2.93105,1.93375,2.0267,1101.93,-9999.0,10.01,37.33
201204111130,201204111200,0.840293,0.0,769.0,12.329,17.59,3.25627,2.23292,1.95932,1.70936,1126.59,-9999.0,10.08,38.72
201204111200,201204111230,1.97796,0.0,755.0,11.877,17.61,3.26387,1.10146,1.96548,1.68849,1134.29,-9999.0,10.17,41.04
201204111230,201204111300,2.11946,0.0,409.3,11.585,17.72,3.28563,0.976753,1.97503,0.931258,1124.89,-9999.0,10.26,42.89
201204111300,201204111330,1.52148,0.0,583.4,11.041,17.99,3.33277,1.61044,1.99058,1.32368,1098.54,-9999.0,10.36,46.49
201204111330,201204111400,3.35668,0.0,727.0,10.766,17.49,3.25838,-0.279799,1.97723,1.64594,1055.7,-9999.0,10.45,46.15
201204111400,201204111430,-9999.0,1.0,704.0,10.705,17.3,3.23296,2.61236,1.97544,1.5973,997.103,-9999.0,10.54,45.81
201204111430,201204111500,-9999.0,1.0,611.8,10.336,17.21,3.22323,3.0325,1.97741,1.39583,923.75,-9999.0,10.65,47.38
201204111500,201204111530,0.768076,0.0,447.1,9.134,16.55,3.1245,2.20965,1.95749,1.02691,836.896,-9999.0,10.78,51.51
201204111530,201204111600,2.14219,0.0,385.3,8.122,16.14,3.06521,0.791137,1.94694,0.887304,738.028,-9999.0,10.9,55.74
201204111600,201204111630,0.636073,0.0,231.1,7.432,15.5,2.971,2.22602,1.92722,0.534897,628.837,-9999.0,11.02,57.81
201204111630,201204111700,0.485638,0.0,163.3,6.496,14.81,2.87016,2.29963,1.90518,0.379018,511.192,-9999.0,11.12,61.45
201204111700,201204111730,1.35668,0.0,114.0,6.188,14.42,2.81532,1.38677,1.89478,0.265195,387.104,-9999.0,11.21,62.34
201204111730,201204111800,2.24112,0.0,76.6,6.268,14.07,2.76674,0.465184,1.88582,0.178541,258.699,-9999.0,11.28,60.98
201204111800,201204111830,3.05432,0.0,24.2,5.454,13.45,2.67848,-0.416246,1.86579,0.056538,128.172,-9999.0,11.33,64.65
201204111830,201204111900,2.02151,0.0,3.167,4.472,12.78,2.58392,0.542874,1.84338,0.00741,15.0917,-9999.0,11.37,69.72
201204111900,201204111930,-9999.0,1.0,0.291,3.822,12.25,2.51066,0.22872,1.82641,0.000682,0.0,-9999.0,11.4,73.2
201204111930,201204112000,-9999.0,1.0,0.182,3.413,11.83,2.4538,0.247113,1.81378,0.000427,0.0,-9999.0,11.41,75.4
201204112000,201204112030,-9999.0,1.0,0.115,2.975,11.58,2.42147,0.230239,1.80811,0.00027,0.0,-9999.0,11.42,78.2
201204112030,201204112100,-9999.0,1.0,0.041,2.665,11.45,2.40625,0.180456,1.80742,9.6e-05,0.0,-9999.0,11.42,80.3
201204112100,201204112130,-9999.0,1.0,0.016,2.488,11.36,2.39671,0.153072,1.80838,3.8e-05,0.0,-9999.0,11.41,81.5
201204112130,201204112200,-9999.0,1.0,0.015,2.292,11.22,2.38008,0.143888,1.80719,3.5e-05,0.0,-9999.0,11.39,82.8
201204112200,201204112230,-9999.0,1.0,0.002,2.219,11.27,2.39034,0.153719,1.81406,5e-06,0.0,-9999.0,11.37,83.4
201204112230,201204112300,-9999.0,1.0,0.003,2.18,11.37,2.40774,0.171654,1.82306,7e-06,0.0,-9999.0,11.35,83.8
201204112300,201204112330,2.31487,0.0,0.0,2.206,11.36,2.40952,0.114974,1.82739,0.0,0.0,-9999.0,11.33,83.6
201204112330,201204120000,-9999.0,1.0,0.0,2.398,11.64,2.45279,0.222452,1.84412,0.0,0.0,-9999.0,11.31,82.5
201204120000,201204120030,-9999.0,1.0,0.0,2.349,11.68,2.46179,0.230041,1.85062,0.0,0.0,-9999.0,11.29,82.9
201204120030,201204120100,-9999.0,1.0,0.0,2.496,11.74,2.47371,0.223119,1.85522,0.0,0.0,-9999.0,11.27,81.9
201204120100,201204120130,-0.40198,0.0,0.002,2.334,11.67,2.46688,2.87924,1.85426,5e-06,0.0,-9999.0,11.25,83.0
201204120130,201204120200,-9999.0,1.0,0.0,2.512,11.75,2.4817,0.230313,1.85973,0.0,0.0,-9999.0,11.23,81.8
201204120200,201204120230,-9999.0,1.0,0.0,2.594,11.83,2.49658,0.251929,1.8652,0.0,0.0,-9999.0,11.21,81.3
201204120230,201204120300,-9999.0,1.0,0.012,2.557,11.94,2.51589,0.270975,1.87197,3.1e-05,0.0,-9999.0,11.19,81.7
201204120300,201204120330,3.57252,0.0,0.011,2.499,12.01,2.52942,-1.0439,1.87702,2.9e-05,0.0,-9999.0,11.18,82.2
201204120330,201204120400,-9999.0,1.0,0.0,2.431,12.2,2.56062,0.298347,1.88722,0.0,0.0,-9999.0,11.16,82.9
201204120400,201204120430,-9999.0,1.0,0.0,2.243,12.18,2.56104,0.312814,1.88843,0.0,0.0,-9999.0,11.15,84.2
201204120430,201204120500,3.72715,0.0,0.0,1.845,12.06,2.54674,-1.18354,1.88533,0.0,0.0,-9999.0,11.13,86.9
201204120500,201204120530,3.42599,0.0,0.097,1.112,11.67,2.49296,-0.924644,1.87054,0.000269,0.0,-9999.0,11.12,91.9
201204120530,201204120600,3.65955,0.0,2.806,0.716,11.42,2.45984,-1.18418,1.86173,0.007877,25.5949,-9999.0,11.11,94.7
201204120600,201204120630,2.01255,0.0,8.35,0.826,11.46,2.46886,0.470436,1.8655,0.023736,146.982,-9999.0,11.1,93.9
201204120630,201204120700,2.17895,0.0,19.57,1.505,11.76,2.51593,0.341912,1.88055,0.056201,277.196,-9999.0,11.09,89.1
201204120700,201204120730,-0.90415,0.0,30.34,1.854,12.13,2.57378,3.47129,1.89862,0.08799,405.07,-9999.0,11.08,86.9
201204120730,201204120800,-0.80709,0.0,45.16,2.023,12.45,2.62477,3.41491,1.9145,0.132009,528.417,-9999.0,11.07,86.0
201204120800,201204120830,-9999.0,1.0,39.31,2.133,12.51,2.63716,0.549411,1.91916,0.11663,645.125,-9999.0,11.06,85.3
201204120830,201204120900,-9999.0,1.0,71.5,1.397,12.09,2.57788,0.840075,1.90306,0.212243,753.199,-9999.0,11.06,90.1
201204120900,201204120930,-9999.0,1.0,115.5,1.303,12.14,2.58866,1.11944,1.90728,0.341369,850.788,-9999.0,11.06,90.8
201204120930,201204121000,-9999.0,1.0,111.9,1.742,12.65,2.66852,1.12635,1.93144,0.334894,936.223,-9999.0,11.06,88.1
201204121000,201204121030,-9999.0,1.0,142.2,1.34,12.57,2.65989,1.58147,1.93006,0.425387,1008.04,-9999.0,11.06,90.8
201204121030,201204121100,0.402439,0.0,193.7,1.562,12.75,2.69056,2.25973,1.93992,0.574475,1065.02,-9999.0,11.06,89.4
201204121100,201204121130,0.472033,0.0,285.1,2.34,13.52,2.81191,2.28535,1.97519,0.826983,1106.17,-9999.0,11.07,84.9
201204121130,201204121200,-9999.0,1.0,122.5,1.675,13.11,2.75244,1.22623,1.95966,0.381253,1130.8,-9999.0,11.08,88.9
201204121200,201204121230,-9999.0,1.0,99.4,0.336,12.6,2.67818,1.21788,1.93967,0.315848,1138.49,-9999.0,11.1,97.7
201204121230,201204121300,-9999.0,1.0,167.0,0.167,13.21,2.77489,1.82013,1.96819,0.520507,1129.1,-9999.0,11.13,98.9
201204121300,201204121330,-9999.0,1.0,169.5,0.283,13.73,2.85905,2.11269,1.99271,0.532886,1102.79,-9999.0,11.15,98.2
201204121330,201204121400,-9999.0,1.0,296.4,0.991,14.24,2.94273,2.70972,2.01671,0.893139,1060.02,-9999.0,11.17,93.9
201204121400,201204121430,-9999.0,1.0,582.5,3.791,15.59,3.16257,2.93536,2.07618,1.60942,1001.51,-9999.0,11.19,78.6
201204121430,201204121500,-0.685458,0.0,486.0,6.073,16.58,3.32883,3.84126,2.11988,1.39082,928.269,-9999.0,11.22,67.82
201204121500,201204121530,-0.437282,0.0,592.9,7.196,17.19,3.43459,3.67286,2.14748,1.65133,841.55,-9999.0,11.26,63.32
201204121530,201204121600,-9999.0,1.0,503.2,10.89,17.53,3.49608,2.69262,2.16382,1.44812,742.834,-9999.0,11.32,45.67
201204121600,201204121630,-9999.0,1.0,406.0,10.455,17.44,3.48536,2.51661,2.1624,1.21812,633.811,-9999.0,11.39,47.54
201204121630,201204121700,1.19684,0.0,281.6,11.22,17.53,3.50499,2.09284,2.16842,0.895266,516.347,-9999.0,11.45,44.02
201204121700,201204121730,0.626587,0.0,133.1,11.061,16.96,3.4135,2.59536,2.14705,0.459451,392.451,-9999.0,11.51,42.79
201204121730,201204121800,1.37997,0.0,70.8,10.751,16.49,3.33933,1.78686,2.12966,0.255813,264.243,-9999.0,11.57,42.71
201204121800,201204121830,1.58463,0.0,40.3,9.003,15.84,3.23595,1.50472,2.10451,0.149921,133.917,-9999.0,11.6,49.99
201204121830,201204121900,1.54423,0.0,6.787,6.261,14.58,3.03488,1.3924,2.05292,0.026083,18.0822,-9999.0,11.63,62.29
201204121900,201204121930,-9999.0,1.0,0.168,6.114,13.33,2.83997,0.387275,2.00083,0.000655,0.0,-9999.0,11.65,60.06
201204121930,201204122000,-9999.0,1.0,0.0,5.819,12.52,2.71742,0.34228,1.96732,0.0,0.0,-9999.0,11.66,59.92
201204122000,201204122030,-9999.0,1.0,0.006,5.271,11.61,2.58169,0.110116,1.92892,2.4e-05,0.0,-9999.0,11.66,61.45
201204122030,201204122100,-9999.0,1.0,0.002,4.183,10.42,2.40728,0.088056,1.87732,8e-06,0.0,-9999.0,11.65,66.89
201204122100,201204122130,-9999.0,1.0,0.0,3.602,10.32,2.3956,0.109772,1.87475,0.0,0.0,-9999.0,11.62,71.3
201204122130,201204122200,-9999.0,1.0,0.0,2.09,9.33,2.25489,0.02772,1.83141,0.0,0.0,-9999.0,11.59,82.2
201204122200,201204122230,-9999.0,1.0,0.001,1.044,8.5,2.14004,-0.10384,1.79493,4e-06,0.0,-9999.0,11.55,90.6
201204122230,201204122300,1.55605,0.0,0.008,0.755,7.86,2.05377,0.601459,1.76692,3.3e-05,0.0,-9999.0,11.52,92.9
201204122300,201204122330,-0.295391,0.0,0.0,0.867,7.26,1.97437,2.38684,1.74054,0.0,0.0,-9999.0,11.47,91.5
201204122330,201204130000,-9999.0,1.0,0.0,0.727,6.317,1.85092,-0.508702,1.69759,0.0,0.0,-9999.0,11.42,92.4
201204130000,201204130030,-9999.0,1.0,0.0,0.35,6.154,1.83182,-0.529195,1.69157,0.0,0.0,-9999.0,11.37,96.3
201204130030,201204130100,-9999.0,1.0,0.0,0.344,5.894,1.80016,-0.637326,1.68087,0.0,0.0,-9999.0,11.32,96.3
201204130100,201204130130,-9999.0,1.0,0.0,0.385,5.385,1.73672,-0.489208,1.6581,0.0,0.0,-9999.0,11.26,95.7
201204130130,201204130200,-9999.0,1.0,0.0,0.438,5.35,1.7344,-0.540114,1.65814,0.0,0.0,-9999.0,11.2,95.1
201204130200,201204130230,-9999.0,1.0,0.0,0.5,4.819,1.66918,-0.733004,1.63408,0.0,0.0,-9999.0,11.13,94.2
201204130230,201204130300,0.33902,0.0,0.053,0.474,5.344,1.73793,1.55342,1.6613,0.000239,0.0,-9999.0,11.07,94.7
201204130300,201204130330,1.79598,0.0,0.075,0.621,5.449,1.75359,0.110269,1.66812,0.000341,0.0,-9999.0,11.0,93.1
201204130330,201204130400,-9999.0,1.0,0.05,0.636,5.17,1.71994,-0.594403,1.65629,0.000229,0.0,-9999.0,10.93,92.8
201204130400,201204130430,-9999.0,1.0,0.0,0.577,5.017,1.70255,-0.754179,1.65055,0.0,0.0,-9999.0,10.87,93.4
201204130430,201204130500,-9999.0,1.0,0.0,0.661,4.949,1.696,-0.708181,1.64894,0.0,0.0,-9999.0,10.8,92.4
201204130500,201204130530,-9999.0,1.0,0.525,0.732,4.819,1.68159,-0.720405,1.64429,0.002472,0.0,-9999.0,10.73,91.5
201204130530,201204130600,3.41935,0.0,14.52,0.849,4.6,1.656,-1.59622,1.63524,0.068105,32.3831,-9999.0,10.67,90.0
201204130600,201204130630,-9999.0,1.0,90.2,0.914,4.697,1.67028,-0.759589,1.64169,0.400305,157.004,-9999.0,10.6,89.3
201204130630,201204130700,-9999.0,1.0,196.8,1.845,6.848,1.95491,-0.920358,1.74808,0.811422,286.971,-9999.0,10.54,81.4
201204130700,201204130730,0.21534,0.0,315.7,2.845,9.66,2.35722,2.19794,1.88342,1.20858,414.529,-9999.0,10.48,76.3
201204130730,201204130800,-0.15692,0.0,305.4,3.149,11.63,2.65953,2.81293,1.97658,1.18438,537.494,-9999.0,10.42,77.0
201204130800,201204130830,1.46375,0.0,521.0,3.523,12.88,2.86056,1.35068,2.03549,1.78644,653.762,-9999.0,10.36,76.3
201204130830,201204130900,-9999.0,1.0,599.6,4.821,14.76,3.17225,2.84072,2.12165,1.9814,761.346,-9999.0,10.32,71.3
201204130900,201204130930,-9999.0,1.0,661.3,7.296,16.25,3.42904,3.49249,2.18918,2.12727,858.402,-9999.0,10.29,60.52
201204130930,201204131000,-0.40533,0.0,756.0,8.008,16.4,3.4591,3.67892,2.19794,2.33239,943.272,-9999.0,10.27,57.08
201204131000,201204131030,-1.03897,0.0,820.0,10.279,16.92,3.55368,4.38387,2.22273,2.46442,1014.5,-9999.0,10.28,46.7
201204131030,201204131100,-0.800846,0.0,882.0,12.233,17.83,3.71831,4.26859,2.26413,2.58111,1070.87,-9999.0,10.31,40.11
201204131100,201204131130,-9999.0,1.0,722.0,13.014,18.23,3.79415,2.71446,2.28352,2.28407,1111.42,-9999.0,10.36,37.87
201204131130,201204131200,-9999.0,1.0,603.2,12.477,18.44,3.83642,3.44073,2.2948,2.04041,1135.46,-9999.0,10.44,41.21
201204131200,201204131230,-9999.0,1.0,542.0,11.763,18.67,3.88252,3.54084,2.30691,1.90748,1142.56,-9999.0,10.54,45.37
201204131230,201204131300,0.924092,0.0,599.3,11.571,18.41,3.84031,2.63586,2.2982,2.05099,1132.62,-9999.0,10.65,45.38
201204131300,201204131330,-9999.0,1.0,975.0,11.695,18.84,3.92273,0.647483,2.31884,2.7807,1105.8,-9999.0,10.76,46.26
201204131330,201204131400,-9999.0,1.0,879.0,11.358,18.71,3.90387,4.0884,2.31567,2.62693,1062.56,-9999.0,10.86,47.38
201204131400,201204131430,-9999.0,1.0,756.0,11.61,18.67,3.90131,3.38576,2.31632,2.40767,1003.63,-9999.0,10.97,46.08
201204131430,201204131500,-9999.0,1.0,492.9,10.427,17.98,3.78135,3.25832,2.28911,1.83105,930.038,-9999.0,11.11,49.43
201204131500,201204131530,1.43028,0.0,598.9,9.481,18.0,3.78949,2.0951,2.29229,2.0967,843.03,-9999.0,11.26,54.08
201204131530,201204131600,1.8669,0.0,481.5,9.999,18.06,3.80486,1.67037,2.2972,1.81937,744.098,-9999.0,11.41,51.75
201204131600,201204131630,-9999.0,1.0,325.6,9.029,17.77,3.75719,2.65028,2.287,1.37647,634.935,-9999.0,11.54,55.63
201204131630,201204131700,-9999.0,1.0,214.9,7.33,16.89,3.60453,2.59556,2.25099,0.995754,517.409,-9999.0,11.65,61.92
201204131700,201204131730,2.60084,0.0,151.8,6.191,16.26,3.49766,0.709619,2.22554,0.746615,393.53,-9999.0,11.74,66.52
201204131730,201204131800,3.44321,0.0,105.9,5.576,15.65,3.39525,-0.209319,2.20071,0.546318,265.418,-9999.0,11.82,68.65
201204131800,201204131830,-9999.0,1.0,54.75,5.267,15.37,3.35073,0.777671,2.19042,0.298498,135.264,-9999.0,11.87,69.85
201204131830,201204131900,-9999.0,1.0,7.12,3.953,14.2,3.15433,0.516283,2.13985,0.041008,18.8972,-9999.0,11.91,75.6
201204131900,201204131930,4.74316,0.0,0.36,2.756,12.83,2.9292,-1.86515,2.0792,0.002103,0.0,-9999.0,11.93,81.4
201204131930,201204132000,2.49811,0.0,0.324,2.338,12.15,2.82148,0.296097,2.0497,0.001906,0.0,-9999.0,11.95,83.5
201204132000,201204132030,2.57037,0.0,0.237,1.893,11.66,2.74524,0.164581,2.02882,0.001404,0.0,-9999.0,11.95,86.2
201204132030,201204132100,1.71254,0.0,0.198,1.507,10.71,2.59709,0.905465,1.98597,0.001181,0.0,-9999.0,11.94,88.3
201204132100,201204132130,3.26494,0.0,0.072,1.017,10.52,2.56997,-0.667904,1.97891,0.000432,0.0,-9999.0,11.91,92.0
201204132130,201204132200,1.79671,0.0,0.032,0.868,10.14,2.51338,0.755606,1.96273,0.000193,0.0,-9999.0,11.88,93.0
201204132200,201204132230,1.2006,0.0,0.006,0.643,9.53,2.42201,1.27847,1.93534,3.7e-05,0.0,-9999.0,11.85,94.6
201204132230,201204132300,3.3297,0.0,0.006,0.445,9.3,2.38944,-0.876509,1.92614,3.7e-05,0.0,-9999.0,11.81,96.2
201204132300,201204132330,2.36996,0.0,0.0,0.481,9.68,2.44999,0.132999,1.94646,0.0,0.0,-9999.0,11.76,96.0
201204132330,201204140000,2.49207,0.0,0.001,0.552,9.34,2.40043,-0.028746,1.93193,6e-06,0.0,-9999.0,11.72,95.3
201204140000,201204140030,2.36881,0.0,0.001,0.497,8.76,2.31508,0.025393,1.90559,6e-06,0.0,-9999.0,11.67,95.6
201204140030,201204140100,1.81902,0.0,0.002,0.371,8.23,2.23839,0.512641,1.88722,1.3e-05,0.0,-9999.0,11.62,96.6
201204140100,201204140130,2.91997,0.0,0.0,0.289,8.5,2.28084,-0.552749,1.9082,0.0,0.0,-9999.0,11.57,97.4
201204140130,201204140200,4.54438,0.0,0.0,0.335,8.12,2.22667,-2.22129,1.89698,0.0,0.0,-9999.0,11.52,96.9
201204140200,201204140230,2.90001,0.0,0.0,0.235,8.64,2.30648,-0.510564,1.93051,0.0,0.0,-9999.0,11.48,97.9
201204140230,201204140300,3.75437,0.0,0.0,0.265,9.03,2.36781,-1.3141,1.95765,0.0,0.0,-9999.0,11.43,97.7
201204140300,201204140330,3.17944,0.0,0.0,0.442,9.58,2.45457,-0.667936,1.9928,0.0,0.0,-9999.0,11.39,96.3
201204140330,201204140400,3.48255,0.0,0.0,0.637,9.39,2.42774,-0.992236,1.99121,0.0,0.0,-9999.0,11.35,94.6
201204140400,201204140430,3.19277,0.0,0.0,0.496,9.07,2.38113,-0.73986,1.98299,0.0,0.0,-9999.0,11.31,95.7
201204140430,201204140500,4.65307,0.0,0.056,0.426,9.45,2.44193,-2.15003,2.00993,0.000408,0.0,-9999.0,11.27,96.4
201204140500,201204140530,4.33575,0.0,0.147,0.599,9.92,2.51753,-1.77085,2.04145,0.001088,0.0,-9999.0,11.23,95.1
201204140530,201204140600,-9999.0,1.0,2.685,1.106,10.34,2.58626,0.085085,2.07053,0.020082,36.6024,-9999.0,11.2,91.2
201204140600,201204140630,1.74103,0.0,16.91,1.208,10.36,2.59205,0.885137,2.07957,0.12481,162.619,-9999.0,11.17,90.4
201204140630,201204140700,3.61282,0.0,53.22,1.185,10.39,2.59943,-0.980098,2.08913,0.372269,292.378,-9999.0,11.14,90.6
201204140700,201204140730,3.61321,0.0,78.4,1.473,10.89,2.68213,-0.913651,2.12247,0.531444,419.731,-9999.0,11.12,88.7
201204140730,201204140800,2.09401,0.0,106.6,1.926,11.49,2.78235,0.685884,2.16089,0.697676,542.498,-9999.0,11.09,85.8
201204140800,201204140830,1.55326,0.0,130.6,2.76,12.29,2.91751,1.33386,2.20935,0.831597,658.581,-9999.0,11.07,80.7
201204140830,201204140900,1.90445,0.0,161.6,3.401,13.0,3.04009,1.07915,2.25327,0.991803,765.991,-9999.0,11.06,77.3
201204140900,201204140930,0.824057,0.0,199.9,4.242,13.56,3.13894,2.23692,2.28971,1.17274,862.892,-9999.0,11.05,72.7
201204140930,201204141000,0.740871,0.0,221.8,5.324,14.25,3.26181,2.41548,2.33261,1.27297,947.625,-9999.0,11.05,67.24
201204141000,201204141030,1.81921,0.0,258.5,6.096,14.79,3.36006,1.41306,2.3681,1.42539,1018.74,-9999.0,11.05,63.78
201204141030,201204141100,1.16719,0.0,307.6,7.386,15.34,3.46131,2.14284,2.40411,1.60903,1075.02,-9999.0,11.06,57.64
201204141100,201204141130,0.513817,0.0,276.3,7.674,15.66,3.52225,2.84314,2.42884,1.50775,1115.51,-9999.0,11.08,56.88
201204141130,201204141200,0.870849,0.0,232.5,7.223,15.64,3.52216,2.48683,2.4369,1.34964,1139.5,-9999.0,11.11,59.36
201204141200,201204141230,-0.141348,0.0,173.9,6.194,15.33,3.46989,3.46023,2.43055,1.10533,1146.6,-9999.0,11.14,64.45
201204141230,201204141300,-0.23357,0.0,151.0,3.732,14.16,3.2656,3.3973,2.38073,1.0029,1136.67,-9999.0,11.17,76.9
201204141300,201204141330,-9999.0,1.0,176.9,2.916,13.86,3.21632,2.39606,2.37423,1.13537,1109.89,-9999.0,11.21,81.6
201204141330,201204141400,-9999.0,1.0,199.6,3.361,13.44,3.14645,2.48405,2.36139,1.24563,1066.72,-9999.0,11.24,78.2
201204141400,201204141430,0.85056,0.0,245.0,2.791,13.61,3.1791,2.24872,2.37878,1.44069,1007.89,-9999.0,11.27,82.1
201204141430,201204141500,1.26909,0.0,214.3,4.225,14.19,3.2839,1.91166,2.41732,1.32512,934.412,-9999.0,11.3,73.9
201204141500,201204141530,-9999.0,1.0,133.7,4.264,14.33,3.3119,1.84582,2.43329,0.951462,847.544,-9999.0,11.33,73.9
201204141530,201204141600,-9999.0,1.0,134.1,3.166,13.77,3.21654,1.81523,2.41308,0.961046,748.772,-9999.0,11.36,79.9
201204141600,201204141630,1.30583,0.0,136.6,2.742,13.6,3.18998,1.80476,2.41289,0.981917,639.784,-9999.0,11.4,82.4
201204141630,201204141700,2.67448,0.0,81.2,3.044,13.79,3.22642,0.464976,2.4315,0.659284,522.446,-9999.0,11.43,80.7
201204141700,201204141730,1.68551,0.0,39.0,3.215,13.85,3.24016,1.46527,2.44334,0.354432,398.765,-9999.0,11.46,79.7
201204141730,201204141800,1.85646,0.0,31.61,3.132,13.6,3.19944,1.26361,2.43886,0.296089,270.859,-9999.0,11.48,79.9
201204141800,201204141830,3.16234,0.0,13.58,3.007,12.98,3.0946,-0.122905,2.41453,0.135466,140.915,-9999.0,11.51,79.9
201204141830,201204141900,2.54865,0.0,2.352,2.156,12.37,2.99272,0.411856,2.39027,0.02457,22.1602,-9999.0,11.52,85.0
201204141900,201204141930,2.48291,0.0,0.316,1.623,11.57,2.86012,0.373769,2.35516,0.00336,0.0,-9999.0,11.53,88.1
201204141930,201204142000,1.85532,0.0,0.255,1.219,11.13,2.78941,0.94586,2.33923,0.002741,0.0,-9999.0,11.54,90.8
201204142000,201204142030,2.34531,0.0,0.159,1.1,10.96,2.76392,0.4362,2.338,0.001728,0.0,-9999.0,11.54,91.6
201204142030,201204142100,-9999.0,1.0,0.175,1.773,9.708,2.56227,0.005931,2.27601,0.001922,0.0,-9999.0,11.54,-9999.0
201204142100,201204142130,-9999.0,1.0,0.123,1.775,9.701,2.56366,0.014549,2.28352,0.001365,0.0,-9999.0,11.53,-9999.0
201204142130,201204142200,-9999.0,1.0,0.155,1.776,9.692,2.56472,0.015844,2.29092,0.001738,0.0,-9999.0,11.51,-9999.0
201204142200,201204142230,-9999.0,1.0,0.162,1.777,9.681,2.56546,0.022686,2.2982,0.001836,0.0,-9999.0,11.5,-9999.0
201204142230,201204142300,-9999.0,1.0,0.301,0.659,10.46,2.69475,0.122972,2.35049,0.003444,0.0,-9999.0,11.47,94.8
201204142300,201204142330,1.51776,0.0,0.197,0.899,10.45,2.69574,1.21297,2.35798,0.002277,0.0,-9999.0,11.45,92.9
201204142330,201204150000,-9999.0,1.0,0.052,1.78,9.644,2.56701,0.021183,2.31979,0.000607,0.0,-9999.0,11.43,-9999.0
201204150000,201204150030,-9999.0,1.0,0.029,1.78,9.63,2.56725,0.02366,2.32687,0.000342,0.0,-9999.0,11.41,-9999.0
201204150030,201204150100,-9999.0,1.0,0.019,1.78,9.616,2.56749,0.018545,2.33396,0.000226,0.0,-9999.0,11.39,-9999.0
201204150100,201204150130,-9999.0,1.0,0.008,1.78,9.603,2.56789,0.019467,2.34109,9.6e-05,0.0,-9999.0,11.36,-9999.0
201204150130,201204150200,-9999.0,1.0,0.002,1.618,11.03,2.80548,0.204301,2.43172,2.4e-05,0.0,-9999.0,11.34,87.7
201204150200,201204150230,-9999.0,1.0,0.0,1.4,11.09,2.81828,0.215154,2.44335,0.0,0.0,-9999.0,11.32,89.4
201204150230,201204150300,-9999.0,1.0,0.0,1.317,11.2,2.83956,0.235493,2.45789,0.0,0.0,-9999.0,11.3,90.1
201204150300,201204150330,-9999.0,1.0,0.0,1.076,11.18,2.83893,0.235642,2.46493,0.0,0.0,-9999.0,11.27,91.9
201204150330,201204150400,-9999.0,1.0,0.0,1.744,9.526,2.56788,0.014853,2.37597,0.0,0.0,-9999.0,11.25,-9999.0
201204150400,201204150430,-9999.0,1.0,0.041,1.732,9.51,2.56777,-0.02632,2.3829,0.000522,0.0,-9999.0,11.23,-9999.0
201204150430,201204150500,-9999.0,1.0,0.048,1.719,9.494,2.56765,-0.008876,2.38981,0.000616,0.0,-9999.0,11.21,-9999.0
201204150500,201204150530,-9999.0,1.0,0.238,1.706,9.479,2.5677,-0.018725,2.39678,0.003081,0.0,-9999.0,11.19,-9999.0
201204150530,201204150600,-9999.0,1.0,3.999,1.717,9.479,2.57017,-0.017315,2.40465,0.051471,41.0723,-9999.0,11.17,-9999.0
201204150600,201204150630,-9999.0,1.0,17.05,1.714,9.49,2.57443,0.03692,2.41318,0.210799,168.181,-9999.0,11.16,-9999.0
201204150630,201204150700,-9999.0,1.0,27.65,0.651,10.58,2.75691,0.203808,2.48658,0.331898,297.728,-9999.0,11.14,94.9
201204150700,201204150730,-9999.0,1.0,34.22,0.596,10.47,2.74114,0.245649,2.48806,0.404766,424.872,-9999.0,11.13,95.3
201204150730,201204150800,-9999.0,1.0,40.78,0.463,10.28,2.71206,0.22086,2.48467,0.475476,547.439,-9999.0,11.11,96.3
201204150800,201204150830,-1.53552,0.0,49.45,0.412,10.24,2.708,4.28732,2.49027,0.564586,663.331,-9999.0,11.1,96.7
201204150830,201204150900,-9999.0,1.0,66.28,0.337,10.24,2.71059,1.37158,2.49828,0.722826,770.566,-9999.0,11.09,97.3
201204150900,201204150930,-9999.0,1.0,80.6,0.326,10.31,2.72488,1.70274,2.51056,0.847947,867.308,-9999.0,11.08,97.4
201204150930,201204151000,0.984641,0.0,62.41,0.365,10.36,2.73585,1.79145,2.52164,0.698783,951.903,-9999.0,11.07,97.1
201204151000,201204151030,4.36231,0.0,48.2,0.327,10.37,2.74015,-1.58215,2.53029,0.569223,1022.9,-9999.0,11.06,97.4
201204151030,201204151100,0.884032,0.0,58.92,0.265,10.38,2.74444,1.90021,2.53895,0.676634,1079.09,-9999.0,11.05,97.9
201204151100,201204151130,0.758261,0.0,87.7,0.202,10.38,2.74706,2.02871,2.54699,0.928327,1119.51,-9999.0,11.05,98.4
201204151130,201204151200,1.38326,0.0,120.3,0.179,10.58,2.78341,1.43354,2.56738,1.17035,1143.47,-9999.0,11.05,98.6
201204151200,201204151230,-9999.0,1.0,160.9,0.157,10.97,2.8524,2.31357,2.59955,1.42212,1150.55,-9999.0,11.04,98.8
201204151230,201204151300,-9999.0,1.0,196.6,0.161,11.29,2.91007,2.4623,2.62745,1.61081,1140.64,-9999.0,11.03,98.8
201204151300,201204151330,0.795914,0.0,254.9,0.179,11.72,2.98744,2.18538,2.66216,1.86311,1113.9,-9999.0,11.03,98.7
201204151330,201204151400,0.435053,0.0,394.1,0.319,12.51,3.12946,2.65876,2.71896,2.28779,1070.8,-9999.0,11.04,97.8
201204151400,201204151430,1.18557,0.0,280.8,1.396,13.2,3.25617,2.00787,2.76953,1.97223,1012.07,-9999.0,11.05,90.8
201204151430,201204151500,1.77718,0.0,250.5,2.895,13.42,3.29914,1.45034,2.79151,1.87161,938.712,-9999.0,11.07,81.2
201204151500,201204151530,1.19464,0.0,127.0,2.924,13.41,3.30045,2.03461,2.79952,1.26503,851.986,-9999.0,11.11,81.0
201204151530,201204151600,2.64117,0.0,87.8,3.036,13.05,3.23829,0.540467,2.78606,0.984241,753.375,-9999.0,11.15,79.8
201204151600,201204151630,3.40158,0.0,84.9,2.914,13.04,3.23954,-0.218263,2.794,0.966242,644.565,-9999.0,11.2,80.6
201204151630,201204151700,1.24246,0.0,60.28,3.317,12.89,3.21551,1.92281,2.79326,0.747666,527.419,-9999.0,11.24,77.7
201204151700,201204151730,2.57658,0.0,27.23,2.969,12.63,3.17175,0.555182,2.7856,0.383161,403.941,-9999.0,11.28,79.7
201204151730,201204151800,3.40971,0.0,23.43,2.557,12.36,3.12638,-0.312831,2.77716,0.336945,276.244,-9999.0,11.31,82.2
201204151800,201204151830,3.64756,0.0,9.69,2.21,12.15,3.09189,-0.577127,2.77236,0.148396,146.512,-9999.0,11.33,84.4
201204151830,201204151900,1.69644,0.0,4.29,1.913,11.71,3.01688,1.31544,2.75283,0.067705,25.6824,-9999.0,11.35,86.1
201204151900,201204151930,0.279927,0.0,0.195,1.737,11.26,2.94079,2.67221,2.73235,0.003155,0.0,-9999.0,11.36,87.0
201204151930,201204152000,-9999.0,1.0,0.058,1.435,10.77,2.85851,0.270251,2.70897,0.000946,0.0,-9999.0,11.37,88.9
201204152000,201204152030,-9999.0,1.0,0.019,1.157,10.51,2.81644,0.18727,2.7002,0.000312,0.0,-9999.0,11.37,90.9
201204152030,201204152100,-9999.0,1.0,0.003,1.051,10.46,2.8105,0.19941,2.705,5e-05,0.0,-9999.0,11.36,91.7
201204152100,201204152130,-9999.0,1.0,0.001,0.9,10.47,2.81485,0.197589,2.71371,1.7e-05,0.0,-9999.0,11.35,92.9
201204152130,201204152200,-9999.0,1.0,0.0,0.772,10.45,2.81405,0.191857,2.72046,0.0,0.0,-9999.0,11.34,93.9
201204152200,201204152230,2.19779,0.0,0.0,0.769,10.38,2.80465,0.649203,2.7239,0.0,0.0,-9999.0,11.32,93.9
201204152230,201204152300,-9999.0,1.0,0.001,0.729,10.35,2.80212,0.112854,2.72996,1.7e-05,0.0,-9999.0,11.3,94.2
201204152300,201204152330,-9999.0,1.0,0.005,0.587,10.25,2.78758,0.139186,2.73136,8.6e-05,0.0,-9999.0,11.28,95.3
201204152330,201204160000,-9999.0,1.0,0.0,0.471,10.15,2.77305,0.12922,2.73271,0.0,0.0,-9999.0,11.27,96.2
201204160000,201204160030,3.28147,0.0,0.001,0.393,10.01,2.7517,-0.474735,2.73134,1.7e-05,0.0,-9999.0,11.25,96.8
201204160030,201204160100,2.32142,0.0,0.0,0.304,9.85,2.727,0.465923,2.74138,0.0,0.0,-9999.0,11.23,97.5
201204160100,201204160130,-2.20835,0.0,0.0,0.229,9.71,2.70575,4.97906,2.75261,0.0,0.0,-9999.0,11.21,98.1
201204160130,201204160200,-9999.0,1.0,0.0,0.144,9.63,2.6947,0.071923,2.76782,0.0,0.0,-9999.0,11.19,98.8
201204160200,201204160230,-9999.0,1.0,0.0,0.095,9.56,2.68534,0.064734,2.78362,0.0,0.0,-9999.0,11.17,99.2
201204160230,201204160300,-9999.0,1.0,0.0,0.071,9.49,2.67599,0.054105,2.79935,0.0,0.0,-9999.0,11.15,99.4
201204160300,201204160330,-9999.0,1.0,0.0,0.059,9.41,2.66495,0.042211,2.81431,0.0,0.0,-9999.0,11.13,99.5
201204160330,201204160400,-9999.0,1.0,0.0,0.047,9.32,2.65222,0.031944,2.82846,0.0,0.0,-9999.0,11.11,99.6
201204160400,201204160430,-9999.0,1.0,0.0,0.035,9.3,2.6513,0.022399,2.84753,0.0,0.0,-9999.0,11.09,99.7
201204160430,201204160500,-9999.0,1.0,0.0,0.0,9.3,2.65375,0.009136,2.86802,0.0,0.0,-9999.0,11.07,100.0
201204160500,201204160530,-9999.0,1.0,0.426,2.347,9.3,2.6562,0.000983,2.88851,0.010363,0.0,-9999.0,11.05,79.9691
201204160530,201204160600,-9999.0,1.0,8.16,2.767,9.14,2.63165,-0.087862,2.89729,0.191815,45.7454,-9999.0,11.04,76.1366
201204160600,201204160630,-9999.0,1.0,35.99,1.852,9.14,2.63407,0.143443,2.9177,0.718434,173.688,-9999.0,11.01,84.0282
201204160630,201204160700,-9999.0,1.0,74.3,0.0,9.44,2.6873,1.82533,2.96037,1.23851,303.019,-9999.0,10.99,100.0
201204160700,201204160730,-9999.0,1.0,108.0,3.498,12.421,3.21702,1.52337,3.19966,1.58559,429.951,-9999.0,10.97,-9999.0
201204160730,201204160800,-9999.0,1.0,396.3,7.09,15.381,3.78072,2.95089,3.43296,2.8295,552.314,-9999.0,10.95,-9999.0
201204160800,201204160830,-9999.0,1.0,358.6,3.612,13.72,3.46496,1.26075,3.33806,2.76873,668.014,-9999.0,10.93,77.0
201204160830,201204160900,-9999.0,1.0,512.5,4.659,14.18,3.55555,3.4661,3.39403,3.08648,775.07,-9999.0,10.91,71.2
201204160900,201204160930,-9999.0,1.0,442.0,6.116,15.14,3.74406,3.57441,3.48625,2.99511,871.651,-9999.0,10.9,64.47
201204160930,201204161000,-9999.0,1.0,578.9,7.058,15.36,3.79047,3.23884,3.52553,3.22536,956.105,-9999.0,10.9,59.57
201204161000,201204161030,2.44172,0.0,503.9,7.219,14.9,3.70418,1.12628,3.51559,3.1476,1026.99,-9999.0,10.92,57.41
201204161030,201204161100,0.750127,0.0,557.2,8.935,15.84,3.89199,2.96136,3.60749,3.24673,1083.08,-9999.0,10.94,50.37
201204161100,201204161130,-9999.0,1.0,672.0,9.12,16.17,3.96112,3.21241,3.65529,3.39979,1123.43,-9999.0,10.98,50.4
201204161130,201204161200,-9999.0,1.0,642.5,9.261,16.51,4.03277,3.58574,3.70403,3.39423,1147.35,-9999.0,11.04,50.71
201204161200,201204161230,-0.376794,0.0,567.1,9.105,16.51,4.03644,4.19952,3.72809,3.33263,1154.42,-9999.0,11.11,51.54
201204161230,201204161300,0.025192,0.0,818.0,10.304,17.0,4.13908,3.87523,3.78824,3.3289,1144.53,-9999.0,11.19,46.84
201204161300,201204161330,0.942065,0.0,620.2,9.548,16.94,4.13066,2.95289,3.8081,3.44304,1117.84,-9999.0,11.26,50.55
201204161330,201204161400,0.109658,0.0,522.2,9.373,16.74,4.09389,3.7586,3.81745,3.34672,1074.8,-9999.0,11.33,50.84
201204161400,201204161430,-9999.0,1.0,799.0,10.263,17.27,4.2054,3.90237,3.88129,3.42663,1016.17,-9999.0,11.41,47.95
201204161430,201204161500,-9999.0,1.0,489.3,9.616,17.18,4.19082,3.78999,3.89894,3.34785,942.936,-9999.0,11.49,50.95
201204161500,201204161530,-9999.0,1.0,278.0,8.201,16.22,4.00004,3.17017,3.8503,2.89706,856.354,-9999.0,11.58,55.54
201204161530,201204161600,0.248086,0.0,109.7,6.544,15.21,3.80239,3.4032,3.79597,2.00123,757.907,-9999.0,11.68,62.15
201204161600,201204161630,1.78337,0.0,133.1,4.384,14.18,3.60438,1.71707,3.73812,2.22127,649.279,-9999.0,11.77,72.9
201204161630,201204161700,1.1576,0.0,150.0,4.493,13.62,3.49977,2.26276,3.71617,2.3679,532.328,-9999.0,11.84,71.2
201204161700,201204161730,3.85625,0.0,118.1,4.585,13.51,3.48187,-0.449055,3.72993,2.14753,409.055,-9999.0,11.9,70.4
201204161730,201204161800,2.86524,0.0,60.08,4.307,13.35,3.45443,0.521364,3.73948,1.50213,281.571,-9999.0,11.94,71.9
201204161800,201204161830,3.0843,0.0,41.69,4.928,13.24,3.43657,0.289118,3.75297,1.19964,152.055,-9999.0,11.97,67.62
201204161830,201204161900,-9999.0,1.0,17.48,5.051,13.06,3.40542,0.44963,3.76054,0.627299,29.4167,-9999.0,11.98,66.42
201204161900,201204161930,-9999.0,1.0,0.401,4.557,12.49,3.30083,0.349069,3.73521,0.017628,0.0,-9999.0,12.0,68.55
201204161930,201204162000,-9999.0,1.0,0.088,2.806,11.85,3.18447,0.283392,3.70304,0.003946,0.0,-9999.0,12.0,79.8
201204162000,201204162030,-9999.0,1.0,0.147,1.816,11.14,3.05693,0.234927,3.66378,0.00669,0.0,-9999.0,12.0,86.3
201204162030,201204162100,2.12263,0.0,0.202,1.506,10.7,2.97991,0.893339,3.64691,0.009328,0.0,-9999.0,11.98,88.3
201204162100,201204162130,3.53234,0.0,0.262,1.153,10.14,2.88226,-0.594392,3.61881,0.012274,0.0,-9999.0,11.97,90.7
201204162130,201204162200,3.64807,0.0,0.234,0.907,9.77,2.81929,-0.760527,3.60679,0.011131,0.0,-9999.0,11.94,92.5
201204162200,201204162230,4.1216,0.0,0.131,0.835,9.77,2.82181,-1.23141,3.62752,0.006332,0.0,-9999.0,11.92,93.1
201204162230,201204162300,-9999.0,1.0,0.195,0.814,9.4,2.75931,0.08859,3.6148,0.009555,0.0,-9999.0,11.89,93.1
201204162300,201204162330,-9999.0,1.0,0.219,0.627,9.17,2.72165,0.010595,3.61436,0.010881,0.0,-9999.0,11.86,94.6
201204162330,201204170000,1.7087,0.0,0.14,0.433,9.29,2.745,1.1207,3.6458,0.007062,0.0,-9999.0,11.82,96.3
201204170000,201204170030,1.43063,0.0,0.071,0.292,9.23,2.73697,1.39278,3.66075,0.003635,0.0,-9999.0,11.78,97.5
201204170030,201204170100,2.57721,0.0,0.076,0.216,8.82,2.6682,0.190384,3.64306,0.003944,0.0,-9999.0,11.75,98.1
201204170100,201204170130,1.89413,0.0,0.114,0.121,8.39,2.59672,0.814303,3.62289,0.005993,0.0,-9999.0,11.71,98.9
201204170130,201204170200,2.21915,0.0,0.06,0.117,7.88,2.51253,0.419229,3.59446,0.003199,0.0,-9999.0,11.67,98.9
201204170200,201204170230,3.35793,0.0,0.13,0.082,7.25,2.40964,-0.805784,3.55368,0.007016,0.0,-9999.0,11.63,99.2
201204170230,201204170300,3.69587,0.0,0.088,0.331,7.48,2.44897,-1.11012,3.59537,0.004814,0.0,-9999.0,11.58,96.8059
201204170300,201204170330,2.68807,0.0,0.011,0.268,7.24,2.41032,-0.134104,3.59155,0.00061,0.0,-9999.0,11.53,97.3707
201204170330,201204170400,1.49026,0.0,0.002,0.109,6.923,2.3593,1.02136,3.57985,0.000112,0.0,-9999.0,11.49,98.9089
201204170400,201204170430,4.29357,0.0,0.008,0.155,6.833,2.34572,-1.79282,3.5902,0.000455,0.0,-9999.0,11.44,98.4368
201204170430,201204170500,1.40457,0.0,0.001,0.0,6.859,2.3511,1.10134,3.61199,5.8e-05,0.0,-9999.0,11.39,100.0
201204170500,201204170530,3.52897,0.0,1.205,0.0,6.357,2.27071,-1.09065,3.58089,0.06911,0.0,-9999.0,11.33,100.0
201204170530,201204170600,2.21574,0.0,12.77,0.0,5.113,2.07545,0.055351,3.47339,0.641656,54.5185,-9999.0,11.28,100.0
201204170600,201204170630,2.64369,0.0,97.6,0.0,5.874,2.19565,-0.268348,3.56962,2.55042,183.457,-9999.0,11.23,100.0
201204170630,201204170700,2.75913,0.0,199.6,0.511,8.03,2.55118,-0.082977,3.80707,3.37,312.525,-9999.0,11.17,95.2511
201204170700,201204170730,0.488388,0.0,307.6,0.58,10.06,2.90776,2.48099,4.02938,3.80622,439.125,-9999.0,11.12,95.3
201204170730,201204170800,0.187516,0.0,410.6,2.366,11.88,3.24447,3.05214,4.22887,4.06471,561.092,-9999.0,11.06,83.0
201204170800,201204170830,-9999.0,1.0,482.2,4.264,13.75,3.606,3.33663,4.43122,4.20423,676.34,-9999.0,11.01,72.9
201204170830,201204170900,-9999.0,1.0,620.6,6.284,14.87,3.83042,3.03432,4.56073,4.38686,782.895,-9999.0,10.97,62.85
201204170900,201204170930,-9999.0,1.0,733.0,7.682,16.07,4.07646,3.32118,4.6974,4.50122,878.934,-9999.0,10.94,57.95
201204170930,201204171000,-0.454738,0.0,446.7,7.359,15.77,4.01683,4.29579,4.69292,4.22597,962.816,-9999.0,10.92,58.94
201204171000,201204171030,0.145166,0.0,165.0,5.944,14.68,3.79777,3.52973,4.61227,3.34524,1033.1,-9999.0,10.92,64.43
201204171030,201204171100,-0.12045,0.0,430.2,6.898,15.33,3.93089,3.89802,4.69816,4.24923,1088.6,-9999.0,10.93,60.41
201204171100,201204171130,0.043039,0.0,546.5,8.217,16.17,4.10496,3.8675,4.80237,4.43298,1128.34,-9999.0,10.95,55.31
201204171130,201204171200,0.65432,0.0,600.1,8.639,16.63,4.20239,3.3306,4.87033,4.51293,1151.66,-9999.0,10.98,54.37
201204171200,201204171230,-9999.0,1.0,1007.0,9.535,17.29,4.3428,3.51417,4.95755,4.78392,1158.16,-9999.0,11.02,51.7
201204171230,201204171300,-9999.0,1.0,899.0,9.874,17.57,4.4041,4.03953,5.00872,4.76102,1147.71,-9999.0,11.07,50.86
201204171300,201204171330,1.03343,0.0,544.7,9.626,17.28,4.34487,3.06118,5.00544,4.52897,1120.52,-9999.0,11.12,51.21
201204171330,201204171400,0.623732,0.0,501.6,10.041,17.2,4.33007,3.46079,5.02213,4.48115,1077.02,-9999.0,11.18,48.85
201204171400,201204171430,0.883991,0.0,477.7,10.435,17.41,4.37653,3.23623,5.0669,4.28099,1017.99,-9999.0,11.25,47.54
201204171430,201204171500,1.46657,0.0,570.6,10.743,17.72,4.44446,2.70527,5.12152,4.25154,944.41,-9999.0,11.33,47.04
201204171500,201204171530,-9999.0,1.0,643.6,9.032,17.204,4.33716,3.67223,5.09567,4.72085,857.555,-9999.0,11.41,-9999.0
201204171530,201204171600,-9999.0,1.0,580.8,10.242,18.38,4.59014,3.85427,5.23518,4.56313,758.908,-9999.0,11.49,51.56
201204171600,201204171630,1.68908,0.0,350.8,9.919,17.86,4.48074,2.51274,5.20918,4.37336,650.156,-9999.0,11.57,51.53
201204171630,201204171700,1.97329,0.0,197.6,9.587,17.11,4.32353,2.11218,5.15947,3.86944,533.159,-9999.0,11.65,50.88
201204171700,201204171730,2.07771,0.0,235.9,9.614,17.18,4.34039,2.02136,5.19082,4.07494,409.921,-9999.0,11.72,50.96
201204171730,201204171800,1.26102,0.0,154.9,9.484,17.24,4.35517,2.85009,5.22122,3.65001,282.549,-9999.0,11.79,51.81
201204171800,201204171830,5.37313,0.0,67.03,8.371,16.55,4.2119,-1.36866,5.17569,2.60431,153.223,-9999.0,11.83,55.56
201204171830,201204171900,1.8227,0.0,17.44,6.582,15.21,3.93662,1.9737,5.06163,1.07465,30.3564,-9999.0,11.87,61.93
201204171900,201204171930,-9999.0,1.0,0.555,5.125,14.03,3.70003,0.190589,4.96097,0.042978,0.0,-9999.0,11.9,68.01
201204171930,201204172000,-9999.0,1.0,0.113,4.055,13.15,3.5276,0.008262,4.88971,0.008887,0.0,-9999.0,11.91,73.2
201204172000,201204172030,-9999.0,1.0,0.053,3.365,12.57,3.41622,0.027382,4.84928,0.004209,0.0,-9999.0,11.92,76.9
201204172030,201204172100,-9999.0,1.0,0.006,3.299,12.47,3.39849,0.033516,4.8605,0.000481,0.0,-9999.0,11.93,77.2
201204172100,201204172130,-9999.0,1.0,0.002,2.883,12.11,3.33076,0.052291,4.84296,0.000162,0.0,-9999.0,11.92,79.6
201204172130,201204172200,-9999.0,1.0,0.0,2.73,11.97,3.30552,0.055675,4.84935,0.0,0.0,-9999.0,11.91,80.5
201204172200,201204172230,-9999.0,1.0,0.0,2.967,12.18,3.34739,0.057689,4.89459,0.0,0.0,-9999.0,11.89,79.1
201204172230,201204172300,-9999.0,1.0,0.0,2.691,11.83,3.28191,0.034894,4.87735,0.0,0.0,-9999.0,11.86,80.6
201204172300,201204172330,-9999.0,1.0,0.0,2.444,11.42,3.20556,-0.025008,4.85281,0.0,0.0,-9999.0,11.84,81.9
201204172330,201204180000,-9999.0,1.0,0.0,2.411,11.3,3.18442,-0.043088,4.86073,0.0,0.0,-9999.0,11.81,82.0
201204180000,201204180030,-9999.0,1.0,0.0,2.34,11.1,3.14828,-0.023605,4.85933,0.0,0.0,-9999.0,11.78,82.3
201204180030,201204180100,-9999.0,1.0,0.0,2.373,11.06,3.14227,-0.039088,4.8505,0.0,0.0,-9999.0,11.75,82.0
201204180100,201204180130,-9999.0,1.0,0.0,2.518,11.22,3.17386,-0.041183,4.86459,0.0,0.0,-9999.0,11.71,81.1
201204180130,201204180200,-9999.0,1.0,0.0,2.495,11.16,3.16406,-0.005626,4.85348,0.0,0.0,-9999.0,11.68,81.2
201204180200,201204180230,-9999.0,1.0,0.0,2.624,11.14,3.1618,0.013795,4.84695,0.0,0.0,-9999.0,11.65,80.2
201204180230,201204180300,-9999.0,1.0,0.0,2.707,11.01,3.13884,0.009632,4.82781,0.0,0.0,-9999.0,11.61,79.4
201204180300,201204180330,-9999.0,1.0,0.0,2.927,11.13,3.16291,0.031299,4.83732,0.0,0.0,-9999.0,11.58,77.9
201204180330,201204180400,-9999.0,1.0,0.0,2.515,10.58,3.06141,0.050737,4.7699,0.0,0.0,-9999.0,11.54,80.3
201204180400,201204180430,-9999.0,1.0,0.0,1.812,9.46,2.85746,0.075085,4.63583,0.0,0.0,-9999.0,11.51,84.7
201204180430,201204180500,-9999.0,1.0,0.0,1.248,8.95,2.76727,0.072517,4.57197,0.0,0.0,-9999.0,11.48,89.1
201204180500,201204180530,-9999.0,1.0,0.914,1.537,10.387,3.0299,0.04412,4.73495,0.076755,0.0,-9999.0,11.44,-9999.0
201204180530,201204180600,-9999.0,1.0,8.7,1.547,10.417,3.0369,0.040708,4.73418,0.65498,59.8129,-9999.0,11.41,-9999.0
201204180600,201204180630,-9999.0,1.0,25.61,2.497,11.25,3.19462,0.068704,4.8256,1.57404,188.843,-9999.0,11.37,81.3
201204180630,201204180700,-1.00535,0.0,50.92,3.18,11.78,3.29729,4.32272,4.88174,2.45466,317.688,-9999.0,11.34,77.0
201204180700,201204180730,-9999.0,1.0,108.7,3.66,12.11,3.36251,1.72136,4.91491,3.51086,444.071,-9999.0,11.3,74.1
201204180730,201204180800,-3.37012,0.0,136.2,4.058,12.44,3.42828,6.79315,4.94792,3.8011,565.828,-9999.0,11.27,71.9
201204180800,201204180830,1.37231,0.0,141.9,4.515,12.78,3.49656,2.10547,4.98191,3.85075,680.877,-9999.0,11.24,69.43
201204180830,201204180900,-2.82971,0.0,275.7,5.214,13.25,3.59124,6.38277,5.03028,4.55409,787.249,-9999.0,11.22,65.76
201204180900,201204180930,-0.63169,0.0,435.1,6.635,14.43,3.83077,4.37226,5.15686,4.90091,883.124,-9999.0,11.21,59.65
201204180930,201204181000,-9999.0,1.0,316.1,7.107,14.51,3.84892,3.49892,5.16139,4.66675,966.861,-9999.0,11.2,57.0
201204181000,201204181030,-9999.0,1.0,256.0,7.833,15.0,3.95145,3.1623,5.21087,4.48269,1037.03,-9999.0,11.2,54.08
201204181030,201204181100,-1.51238,0.0,297.8,8.475,15.19,3.99264,5.38041,5.22735,4.61444,1092.42,-9999.0,11.22,50.92
201204181100,201204181130,-9999.0,1.0,387.4,8.795,15.53,4.0653,4.32693,5.2601,4.81558,1132.1,-9999.0,11.24,50.17
201204181130,201204181200,-9999.0,1.0,820.0,10.265,16.77,4.32928,4.39112,5.3896,5.07695,1155.38,-9999.0,11.26,46.26
201204181200,201204181230,-0.079071,0.0,933.0,12.137,17.94,4.584,4.39775,5.50974,4.21847,1161.86,-9999.0,11.29,40.99
201204181230,201204181300,-9999.0,1.0,897.0,13.081,18.4,4.68689,4.32117,5.55389,3.81057,1151.44,-9999.0,11.33,38.21
201204181300,201204181330,-9999.0,1.0,874.0,13.884,18.79,4.77511,4.59261,5.59046,3.49295,1124.29,-9999.0,11.37,36.0
201204181330,201204181400,-9999.0,1.0,790.0,14.237,19.06,4.83725,4.77919,5.61434,3.34228,1080.87,-9999.0,11.41,35.47
201204181400,201204181430,-9999.0,1.0,771.0,14.228,19.07,4.84174,4.3156,5.61109,3.33348,1021.94,-9999.0,11.48,35.55
201204181430,201204181500,-9999.0,1.0,681.6,14.206,19.11,4.85291,3.84295,5.61097,3.3111,948.487,-9999.0,11.57,35.81
201204181500,201204181530,-9999.0,2.0,419.0,13.908,18.85,4.79739,3.7867,5.57957,3.28635,861.782,-9999.0,11.69,36.13
201204181530,201204181600,-9999.0,1.0,447.5,13.298,18.59,4.74203,3.84098,5.54808,3.51119,763.304,-9999.0,11.81,37.93
201204181600,201204181630,2.69645,0.0,201.9,13.19,18.45,4.71332,1.72667,5.52911,3.18148,654.739,-9999.0,11.92,37.89
201204181630,201204181700,2.69485,0.0,125.6,11.964,17.57,4.52259,1.58673,5.43197,3.15686,537.943,-9999.0,12.02,40.46
201204181700,201204181730,3.20115,0.0,205.9,12.845,18.03,4.62527,1.15832,5.47633,3.28655,414.917,-9999.0,12.11,37.9
201204181730,201204181800,4.02739,0.0,66.13,12.515,17.82,4.58141,0.300254,5.44986,2.40137,287.764,-9999.0,12.17,38.69
201204181800,201204181830,4.75101,0.0,19.37,10.957,16.83,4.36865,-0.582545,5.34028,1.24066,158.66,-9999.0,12.22,42.86
201204181830,201204181900,5.48527,0.0,7.11,9.839,15.91,4.17418,-1.4637,5.23703,0.546259,34.3622,-9999.0,12.25,45.59
201204181900,201204181930,-9999.0,1.0,0.574,7.81,14.62,3.90608,0.899463,5.09221,0.048442,0.0,-9999.0,12.27,53.08
201204181930,201204182000,-9999.0,1.0,0.109,7.138,13.75,3.72954,0.673663,4.99198,0.009264,0.0,-9999.0,12.29,54.63
201204182000,201204182030,2.94429,0.0,0.194,5.836,12.91,3.56205,0.604538,4.89418,0.016467,0.0,-9999.0,12.29,60.82
201204182030,201204182100,5.02643,0.0,0.122,5.103,12.72,3.52584,-1.50543,4.86864,0.010367,0.0,-9999.0,12.29,65.31
201204182100,201204182130,1.51388,0.0,0.032,4.129,11.48,3.28424,1.81518,4.72447,0.002723,0.0,-9999.0,12.28,69.54
201204182130,201204182200,-9999.0,1.0,0.086,3.168,10.17,3.03646,0.133775,4.5704,0.007312,0.0,-9999.0,12.25,74.5
201204182200,201204182230,-9999.0,1.0,0.095,2.725,9.46,2.90616,0.088927,4.48412,0.008076,0.0,-9999.0,12.23,77.0
201204182230,201204182300,-9999.0,1.0,0.161,2.073,8.64,2.75846,0.250892,4.38443,0.013672,0.0,-9999.0,12.19,81.5
201204182300,201204182330,-9999.0,1.0,0.084,2.035,8.69,2.76873,0.238567,4.38607,0.007142,0.0,-9999.0,12.16,81.9
201204182330,201204190000,1.96397,0.0,0.064,1.963,8.4,2.71801,0.9045,4.34795,0.005443,0.0,-9999.0,12.12,82.2
201204190000,201204190030,7.00343,0.0,0.031,1.827,8.02,2.65174,-4.18992,4.29916,0.002638,0.0,-9999.0,12.07,83.0
201204190030,201204190100,-9999.0,1.0,0.01,2.124,8.37,2.71517,0.182232,4.33605,0.000851,0.0,-9999.0,12.03,80.7
201204190100,201204190130,-9999.0,1.0,0.047,1.783,7.58,2.57688,0.095725,4.23898,0.003998,0.0,-9999.0,11.98,82.9
201204190130,201204190200,-9999.0,1.0,0.155,1.32,6.645,2.41713,-0.109169,4.12401,0.013164,0.0,-9999.0,11.93,86.5
201204190200,201204190230,-9999.0,1.0,0.19,0.923,6.1,2.32659,-0.148961,4.05485,0.016128,0.0,-9999.0,11.89,90.2
201204190230,201204190300,-9999.0,1.0,0.249,0.774,5.777,2.27409,-0.277052,4.01204,0.021117,0.0,-9999.0,11.84,91.6
201204190300,201204190330,3.69469,0.0,0.323,0.697,5.712,2.26443,-1.20889,4.00012,0.027362,0.0,-9999.0,11.79,92.4
201204190330,201204190400,-9999.0,1.0,0.288,0.686,5.674,2.25922,-0.253514,3.99144,0.02441,0.0,-9999.0,11.73,92.5
201204190400,201204190430,-9999.0,1.0,0.185,0.642,5.305,2.19991,0.144548,3.943,0.015705,0.0,-9999.0,11.68,92.8
201204190430,201204190500,-9999.0,1.0,0.044,0.664,5.606,2.25013,-0.199286,3.97504,0.003743,0.0,-9999.0,11.63,92.7
201204190500,201204190530,-9999.0,1.0,2.61,0.639,4.477,2.06921,-0.148292,3.8349,0.213642,0.0,-9999.0,11.57,92.4
201204190530,201204190600,-9999.0,1.0,19.03,0.433,4.05,2.00323,-0.240826,3.77906,1.2541,65.2901,-9999.0,11.51,94.7
201204190600,201204190630,-9999.0,1.0,26.55,0.418,4.671,2.1019,0.013706,3.85017,1.60612,194.169,-9999.0,11.45,95.1
201204190630,201204190700,-9999.0,1.0,46.02,0.505,4.961,2.1493,0.06549,3.88106,2.29622,322.79,-9999.0,11.4,94.2
201204190700,201204190730,-9999.0,1.0,240.2,0.822,6.487,2.4026,1.24808,4.05957,4.36303,448.952,-9999.0,11.34,91.5
201204190730,201204190800,-9999.0,1.0,459.8,3.772,11.33,3.28714,4.01771,4.61829,4.85647,570.497,-9999.0,11.28,71.9
201204190800,201204190830,-0.97357,0.0,442.2,6.399,14.1,3.84524,4.76475,4.92384,4.83085,685.345,-9999.0,11.23,60.24
201204190830,201204190900,-0.51567,0.0,614.9,7.417,15.22,4.08165,4.4914,5.04223,5.00964,791.532,-9999.0,11.19,57.13
201204190900,201204190930,0.24048,0.0,604.6,8.045,16.05,4.26081,3.87391,5.12787,4.99961,887.239,-9999.0,11.15,55.91
201204190930,201204191000,-9999.0,1.0,737.0,9.135,16.79,4.42319,4.11672,5.20305,5.08648,970.831,-9999.0,11.13,52.24
201204191000,201204191030,-9999.0,1.0,730.0,10.886,17.99,4.68989,4.20751,5.32623,4.55799,1040.88,-9999.0,11.12,47.24
201204191030,201204191100,0.628784,0.0,818.0,11.352,18.15,4.72776,3.84221,5.3388,4.33177,1096.17,-9999.0,11.13,45.53
201204191100,201204191130,-9999.0,1.0,1006.0,11.677,18.7,4.85342,1.23856,5.39225,4.20156,1135.78,-9999.0,11.16,45.87
201204191130,201204191200,6.02605,0.0,969.0,11.144,18.33,4.77242,-1.51959,5.34915,4.48154,1159.02,-9999.0,11.21,47.13
201204191200,201204191230,-9999.0,1.0,956.0,11.945,18.5,4.81282,2.28447,5.36271,4.03993,1165.49,-9999.0,11.29,43.93
201204191230,201204191300,-9999.0,1.0,786.0,11.649,18.52,4.81953,4.96521,5.36052,4.14388,1155.09,-9999.0,11.37,45.39
201204191300,201204191330,-0.130452,0.0,895.0,11.124,18.41,4.79699,4.6583,5.34469,4.45995,1127.98,-9999.0,11.45,47.49
201204191330,201204191400,-0.251736,0.0,757.0,11.046,18.63,4.84877,4.8193,5.36346,4.45246,1084.64,-9999.0,11.53,48.57
201204191400,201204191430,-9999.0,1.0,602.6,11.128,18.44,4.80814,4.37097,5.33925,4.32637,1025.81,-9999.0,11.63,47.57
201204191430,201204191500,-9999.0,1.0,403.9,9.353,17.06,4.50288,5.46321,5.18899,4.75055,952.489,-9999.0,11.74,51.93
201204191500,201204191530,-9999.0,1.0,233.2,8.606,16.28,4.33425,2.87956,5.1012,4.31277,865.934,-9999.0,11.86,53.52
201204191530,201204191600,0.845689,0.0,96.8,6.393,15.22,4.10799,3.16279,4.98228,3.30107,767.628,-9999.0,11.98,63.05
201204191600,201204191630,1.99259,0.0,67.38,2.926,13.83,3.81745,1.79024,4.82569,2.80902,659.252,-9999.0,12.09,81.5
201204191630,201204191700,2.77366,0.0,60.03,2.464,13.23,3.69549,0.913831,4.75499,2.64958,542.661,-9999.0,12.17,83.8
201204191700,201204191730,2.43797,0.0,103.3,1.686,13.21,3.69308,1.24843,4.7485,3.38385,419.849,-9999.0,12.22,88.9
201204191730,201204191800,3.31526,0.0,71.4,3.554,13.54,3.76265,0.426914,4.78083,2.88679,292.917,-9999.0,12.26,77.1
201204191800,201204191830,3.32575,0.0,16.38,5.024,13.18,3.69031,0.360072,4.73664,1.11221,164.039,-9999.0,12.29,66.86
201204191830,201204191900,3.20947,0.0,3.389,3.528,12.21,3.49524,0.321786,4.62408,0.274108,38.5642,-9999.0,12.31,75.2
201204191900,201204191930,2.6113,0.0,0.355,2.086,11.37,3.32989,0.787585,4.5252,0.030056,0.0,-9999.0,12.32,84.5
201204191930,201204192000,4.52917,0.0,0.319,1.149,10.74,3.20835,-1.22831,4.44948,0.027023,0.0,-9999.0,12.32,91.1
201204192000,201204192030,4.44739,0.0,0.31,0.829,10.56,3.17499,-1.17305,4.42474,0.026264,0.0,-9999.0,12.31,93.5
201204192030,201204192100,2.10731,0.0,0.308,0.59,10.64,3.1919,1.18157,4.42963,0.026095,0.0,-9999.0,12.29,95.4
201204192100,201204192130,4.50549,0.0,0.268,0.328,10.98,3.25946,-1.16081,4.46404,0.02272,0.0,-9999.0,12.27,97.5
201204192130,201204192200,2.29481,0.0,0.191,0.225,11.12,3.28834,1.07408,4.47568,0.016212,0.0,-9999.0,12.24,98.3
201204192200,201204192230,3.17946,0.0,0.183,0.133,11.15,3.29572,0.196167,4.47484,0.015535,0.0,-9999.0,12.22,99.0
201204192230,201204192300,3.77976,0.0,0.146,0.08,11.18,3.30312,-0.397393,4.47399,0.012401,0.0,-9999.0,12.19,99.4
201204192300,201204192330,5.45457,0.0,0.117,0.053,11.2,3.30855,-2.06705,4.47201,0.009942,0.0,-9999.0,12.16,99.6
201204192330,201204200000,4.94833,0.0,0.025,1.74,11.27,3.32384,-1.54767,4.47569,0.002127,0.0,-9999.0,12.13,86.9847
201204200000,201204200030,6.51181,0.0,0.006,1.576,11.3,3.33127,-3.10438,4.47484,0.000511,0.0,-9999.0,12.1,88.2335
201204200030,201204200100,1.26242,0.0,0.013,0.901,11.08,3.28947,2.1118,4.42395,0.001099,0.0,-9999.0,12.07,93.1769
201204200100,201204200130,3.05733,0.0,0.003,0.626,10.95,3.26547,0.298081,4.38325,0.000252,0.0,-9999.0,12.04,95.2169
201204200130,201204200200,4.26902,0.0,0.093,2.166,10.85,3.24738,-0.927626,4.34596,0.007745,0.0,-9999.0,12.01,83.3396
201204200200,201204200230,-9999.0,1.0,0.147,2.798,10.73,3.22543,0.219434,4.30643,0.012147,0.0,-9999.0,11.98,78.3049
201204200230,201204200300,-9999.0,1.0,0.24,2.333,10.38,3.15895,0.131037,4.24088,0.019666,0.0,-9999.0,11.95,81.4853
201204200300,201204200330,1.83571,0.0,0.283,2.138,10.24,3.13335,1.41443,4.19912,0.023011,0.0,-9999.0,11.92,82.8719
201204200330,201204200400,1.41356,0.0,0.299,1.89,9.79,3.04855,1.76732,4.12224,0.024135,0.0,-9999.0,11.9,84.3946
201204200400,201204200430,-9999.0,1.0,0.233,1.687,9.43,2.98165,0.191974,4.05557,0.018692,0.0,-9999.0,11.87,85.7309
201204200430,201204200500,-9999.0,1.0,0.256,1.454,9.19,2.93784,0.290991,4.00256,0.020383,0.0,-9999.0,11.84,87.4976
201204200500,201204200530,-9999.0,1.0,1.814,1.064,8.59,2.82751,0.369258,3.90863,0.140058,0.179784,-9999.0,11.81,90.4784
201204200530,201204200600,-9999.0,1.0,22.16,0.837,8.11,2.74079,0.347837,3.82838,1.30398,70.7839,-9999.0,11.77,92.2563
201204200600,201204200630,-9999.0,1.0,122.0,0.884,8.53,2.819,1.03501,3.85064,3.34177,199.435,-9999.0,11.73,92.0554
201204200630,201204200700,-9999.0,1.0,204.6,1.501,9.49,2.99976,3.27815,3.9336,3.87362,327.828,-9999.0,11.69,87.3519
201204200700,201204200730,-9999.0,1.0,312.9,0.107,11.23,3.33858,2.09845,4.10275,4.21077,453.767,-9999.0,11.65,99.2
201204200730,201204200800,-9999.0,1.0,402.3,1.778,13.48,3.79828,4.87689,4.32549,4.35897,575.098,-9999.0,11.61,88.5
201204200800,201204200830,-9999.0,1.0,391.8,2.52,13.86,3.87969,5.06332,4.34092,4.31855,689.743,-9999.0,11.57,84.1
201204200830,201204200900,-9999.0,1.0,426.1,3.165,14.39,3.99372,5.64472,4.37258,4.34645,795.742,-9999.0,11.53,80.7
201204200900,201204200930,0.7937,0.0,604.0,4.915,15.39,4.21072,3.32527,4.455,4.50559,891.28,-9999.0,11.51,71.9
201204200930,201204201000,-9999.0,1.0,767.0,9.247,16.87,4.53882,4.31549,4.58832,4.58046,974.723,-9999.0,11.5,51.9
201204201000,201204201030,-9999.0,1.0,572.6,9.887,17.18,4.61032,4.18,4.59532,4.43218,1044.64,-9999.0,11.5,49.57
201204201030,201204201100,-0.442479,0.0,521.0,9.127,16.86,4.54067,4.81816,4.53473,4.36154,1099.85,-9999.0,11.52,52.49
201204201100,201204201130,-1.2333,0.0,531.6,5.962,15.97,4.34527,5.4599,4.41262,4.34757,1139.38,-9999.0,11.55,67.16
201204201130,201204201200,-0.55394,0.0,631.5,7.015,16.64,4.49564,4.89703,4.45856,4.40392,1162.58,-9999.0,11.61,62.97
201204201200,201204201230,-1.19872,0.0,800.0,7.807,16.82,4.53785,5.57505,4.45166,4.47338,1169.04,-9999.0,11.66,59.26
201204201230,201204201300,0.259831,0.0,857.0,8.035,16.94,4.56677,4.13954,4.4383,4.47284,1158.66,-9999.0,11.72,58.39
201204201300,201204201330,0.18599,0.0,721.0,8.48,17.04,4.59128,4.23302,4.42279,4.38547,1131.6,-9999.0,11.79,56.36
201204201330,201204201400,1.23521,0.0,702.0,8.718,16.79,4.53726,3.14346,4.36965,4.35052,1088.34,-9999.0,11.85,54.42
201204201400,201204201430,-9999.0,1.0,583.0,8.42,16.41,4.45448,4.05692,4.30245,4.24664,1029.61,-9999.0,11.92,54.9
201204201430,201204201500,-9999.0,1.0,581.4,8.747,16.3,4.43203,4.06888,4.26432,4.22112,956.414,-9999.0,12.01,52.82
201204201500,201204201530,0.988613,0.0,358.1,8.828,16.29,4.4318,3.31191,4.23697,3.92959,870.012,-9999.0,12.09,52.35
201204201530,201204201600,0.16476,0.0,264.4,7.866,15.82,4.32977,4.05797,4.15994,3.68929,771.88,-9999.0,12.18,56.25
201204201600,201204201630,0.949092,0.0,259.3,7.25,15.1,4.17406,3.15365,4.05575,3.65113,663.696,-9999.0,12.26,57.77
201204201630,201204201700,0.386629,0.0,250.1,8.966,16.1,4.39556,3.88871,4.13764,3.59964,547.31,-9999.0,12.33,51.02
201204201700,201204201730,1.4611,0.0,103.7,6.54,14.95,4.1452,2.62086,3.98696,2.72421,424.716,-9999.0,12.39,61.54
201204201730,201204201800,2.66979,0.0,49.39,5.22,14.38,4.02399,1.31809,3.89891,1.87185,298.009,-9999.0,12.43,68.15
201204201800,201204201830,3.95417,0.0,6.892,2.314,11.9,3.50698,-0.377497,3.60335,0.403148,169.358,-9999.0,12.46,83.4
201204201830,201204201900,2.56458,0.0,17.46,0.953,10.11,3.15203,0.722621,3.38277,0.889222,42.9762,-9999.0,12.48,92.3
201204201900,201204201930,3.77377,0.0,0.762,0.89,9.69,3.07207,-0.552179,3.31135,0.04763,0.0,-9999.0,12.49,92.6
201204201930,201204202000,2.76085,0.0,0.329,0.498,9.47,3.03117,0.427358,3.26173,0.020504,0.0,-9999.0,12.49,95.8
201204202000,201204202030,1.45649,0.0,0.309,0.37,9.59,3.05556,1.75272,3.24895,0.019086,0.0,-9999.0,12.48,96.9
201204202030,201204202100,-9999.0,1.0,0.313,0.563,9.31,3.00326,0.274966,3.19296,0.019152,0.0,-9999.0,12.45,95.2
201204202100,201204202130,-9999.0,1.0,0.301,0.57,9.18,2.97981,0.338464,3.15323,0.018248,0.0,-9999.0,12.42,95.1
201204202130,201204202200,-9999.0,1.0,0.238,0.549,9.24,2.99258,0.350942,3.13398,0.014305,0.0,-9999.0,12.38,95.3
201204202200,201204202230,-9999.0,1.0,0.139,0.555,9.42,3.02834,0.224966,3.12759,0.008286,0.0,-9999.0,12.35,95.3
201204202230,201204202300,-9999.0,1.0,0.122,0.477,9.55,3.05467,0.234859,3.11579,0.007205,0.0,-9999.0,12.31,96.0
201204202300,201204202330,-9999.0,1.0,0.047,0.339,9.77,3.09853,0.188072,3.11359,0.002751,0.0,-9999.0,12.27,97.2
201204202330,201204210000,-9999.0,1.0,0.02,0.246,10.0,3.14463,0.179858,3.1124,0.00116,0.0,-9999.0,12.23,98.0
201204210000,201204210030,-9999.0,1.0,0.008,0.162,10.21,3.18711,0.166085,3.10902,0.000459,0.0,-9999.0,12.19,98.7
201204210030,201204210100,-9999.0,1.0,0.008,0.039,10.69,3.28332,0.252109,3.13447,0.000455,0.0,-9999.0,12.15,99.7
201204210100,201204210130,-9999.0,1.0,0.019,0.053,11.05,3.35667,0.176805,3.14703,0.001069,0.0,-9999.0,12.12,99.6
201204210130,201204210200,-9999.0,1.0,0.21,0.292,9.88,3.12682,0.150407,2.99626,0.011661,0.0,-9999.0,12.08,97.6
201204210200,201204210230,-9999.0,1.0,0.249,0.053,7.9,2.75279,0.347687,2.76117,0.013677,0.0,-9999.0,12.03,99.5
201204210230,201204210300,-9999.0,1.0,0.178,0.491,7.87,2.74848,0.358549,2.73258,0.009684,0.0,-9999.0,11.98,95.3834
201204210300,201204210330,-9999.0,1.0,0.015,0.362,7.93,2.76077,0.388531,2.71342,0.000809,0.0,-9999.0,11.88,96.6103
201204210330,201204210400,-9999.0,1.0,0.0,0.244,7.79,2.73619,0.361574,2.67335,0.0,0.0,-9999.0,11.75,97.6911
201204210400,201204210430,-9999.0,1.0,0.0,0.313,7.67,2.71536,0.34124,2.63544,0.0,0.0,-9999.0,11.59,97.0155
201204210430,201204210500,5.66135,0.0,0.0,0.222,7.63,2.70923,-2.73369,2.60589,0.0,0.0,-9999.0,11.43,97.8829
201204210500,201204210530,-1.85755,0.0,1.589,0.011,7.63,2.71043,4.78685,2.58051,0.080349,0.614518,-9999.0,11.27,99.8976
201204210530,201204210600,1.93703,0.0,22.54,0.0,7.31,2.65325,0.943757,2.5221,0.88511,76.2185,-9999.0,11.11,100.0
201204210600,201204210630,-2.1483,0.0,53.92,0.0,7.66,2.71834,5.08559,2.53283,1.59278,204.639,-9999.0,10.97,100.0
201204210630,201204210700,1.28254,0.0,106.9,0.0,7.92,2.76749,1.6974,2.53423,2.23502,332.802,-9999.0,10.84,100.0
201204210700,201204210730,-9999.0,1.0,148.2,0.0,8.69,2.91294,1.7712,2.5883,2.51617,458.516,-9999.0,10.72,100.0
201204210730,201204210800,-9999.0,1.0,171.1,0.0,9.74,3.11613,2.06065,2.67177,2.61919,579.629,-9999.0,10.62,100.0
201204210800,201204210830,-3.12474,0.0,224.4,0.289,10.72,3.31122,6.56226,2.74848,2.81408,694.069,-9999.0,10.53,97.7582
201204210830,201204210900,-0.915375,0.0,137.5,0.204,11.51,3.47245,4.48569,2.80562,2.38728,799.878,-9999.0,10.46,98.5
201204210900,201204210930,1.80005,0.0,131.2,0.611,11.5,3.47194,1.77058,2.77852,2.32493,895.245,-9999.0,10.41,95.5
201204210930,201204211000,-9999.0,1.0,263.0,0.942,12.03,3.58244,3.60968,2.80838,2.86077,978.539,-9999.0,10.37,93.3
201204211000,201204211030,-9999.0,1.0,204.2,1.241,11.91,3.55922,3.23844,2.76961,2.65279,1048.33,-9999.0,10.35,91.1
201204211030,201204211100,-9999.0,1.0,216.2,1.198,11.54,3.48472,3.27322,2.70459,2.67404,1103.44,-9999.0,10.34,91.2
201204211100,201204211130,-9999.0,1.0,415.5,1.2,11.4,3.45763,5.41032,2.66386,3.06872,1142.9,-9999.0,10.34,91.1
201204211130,201204211200,-1.5286,0.0,466.2,2.507,12.49,3.68461,5.27545,2.75251,3.10306,1166.06,-9999.0,10.35,82.7
201204211200,201204211230,0.00447794,0.0,734.0,3.864,13.6,3.92174,3.93312,2.84414,3.26713,1172.51,-9999.0,10.37,75.2
201204211230,201204211300,0.371162,0.0,476.3,5.023,14.97,4.22196,3.80447,2.96462,3.06537,1162.14,-9999.0,10.41,70.5
201204211300,201204211330,1.27359,0.0,283.0,5.139,14.92,4.21278,2.89569,2.93297,2.74896,1135.13,-9999.0,10.45,69.72
201204211330,201204211400,1.25134,0.0,193.6,4.088,12.88,3.7733,2.56998,2.68911,2.45729,1091.95,-9999.0,10.5,72.5
201204211400,201204211430,0.40934,0.0,752.0,4.209,13.44,3.89428,3.50961,2.72226,3.17756,1033.32,-9999.0,10.56,72.7
201204211430,201204211500,1.05668,0.0,679.5,8.009,15.86,4.42802,3.2833,2.95559,3.11746,960.263,-9999.0,10.62,55.57
201204211500,201204211530,2.85389,0.0,622.3,8.457,16.34,4.53852,1.57265,2.98138,3.05994,874.016,-9999.0,10.68,54.5
201204211530,201204211600,-9999.0,1.0,414.5,8.959,16.38,4.54961,5.79576,2.95946,2.85309,776.059,-9999.0,10.75,51.92
201204211600,201204211630,-9999.0,1.0,481.9,9.987,16.95,4.68194,4.65489,2.99531,2.90269,668.069,-9999.0,10.82,48.31
201204211630,201204211700,4.18649,0.0,267.6,9.28,16.65,4.6152,0.301997,2.93632,2.5515,551.892,-9999.0,10.9,51.05
201204211700,201204211730,4.39864,0.0,194.0,8.765,16.45,4.57154,0.057061,2.88827,2.30494,429.516,-9999.0,10.98,53.17
201204211730,201204211800,1.94213,0.0,138.0,8.472,16.2,4.51665,2.472,2.83481,2.01915,303.037,-9999.0,11.04,54.01
201204211800,201204211830,4.08833,0.0,48.26,7.001,15.38,4.33376,0.184346,2.71978,1.14729,174.616,-9999.0,11.1,59.95
201204211830,201204211900,2.36767,0.0,12.29,5.28,13.86,4.00047,1.64315,2.53085,0.389491,47.598,-9999.0,11.14,66.68
201204211900,201204211930,4.95556,0.0,1.094,3.449,12.24,3.65638,-1.22004,2.33431,0.038358,0.0,-9999.0,11.18,75.8
201204211930,201204212000,9.32329,0.0,0.083,2.252,11.4,3.48352,-5.72776,2.22131,0.002895,0.0,-9999.0,11.21,83.3
201204212000,201204212030,3.47332,0.0,0.021,1.648,11.06,3.41149,0.067058,2.16043,0.000721,0.0,-9999.0,11.23,87.5
201204212030,201204212100,1.55396,0.0,0.046,1.32,10.49,3.29383,1.89307,2.07647,0.001552,0.0,-9999.0,11.23,89.6
201204212100,201204212130,2.63343,0.0,0.086,0.95,9.31,3.05841,0.620382,1.93238,0.002851,0.0,-9999.0,11.23,91.9
201204212130,201204212200,1.7275,0.0,0.151,0.636,8.32,2.86654,1.36681,1.8095,0.004915,0.0,-9999.0,11.22,94.2
201204212200,201204212230,2.46517,0.0,0.187,0.577,7.94,2.79317,0.569542,1.74722,0.005978,0.0,-9999.0,11.21,94.6
201204212230,201204212300,2.89341,0.0,0.195,0.471,7.64,2.73548,0.089891,1.69301,0.006121,0.0,-9999.0,11.18,95.5
201204212300,201204212330,2.01615,0.0,0.201,0.365,7.18,2.64915,0.890689,1.62399,0.006193,0.0,-9999.0,11.15,96.4
201204212330,201204220000,-9999.0,1.0,0.153,0.223,7.14,2.63999,0.395733,1.59495,0.004628,0.0,-9999.0,11.13,97.8
201204220000,201204220030,-9999.0,1.0,0.121,0.154,7.34,2.67457,0.466093,1.58849,0.003592,0.0,-9999.0,11.09,98.5
201204220030,201204220100,-9999.0,1.0,0.029,0.031,7.53,2.70749,0.477471,1.6018,0.000864,0.0,-9999.0,11.06,99.7
201204220100,201204220130,-9999.0,1.0,0.018,0.01,7.35,2.6726,0.461228,1.58026,0.000538,0.0,-9999.0,11.02,99.9
201204220130,201204220200,-9999.0,1.0,0.012,1.566,7.67,2.72939,-0.164323,1.60568,0.00036,0.0,-9999.0,10.98,-9999.0
201204220200,201204220230,-9999.0,1.0,0.059,0.0,8.04,2.79596,0.557811,1.63585,0.001772,0.0,-9999.0,10.94,100.0
201204220230,201204220300,2.15858,0.0,0.134,1.559,7.6,2.71264,0.792171,1.58979,0.004034,0.0,-9999.0,10.9,-9999.0
201204220300,201204220330,3.13527,0.0,0.076,1.557,7.84,2.75491,-0.149747,1.60754,0.002295,0.0,-9999.0,10.85,-9999.0
201204220330,201204220400,7.22931,0.0,0.034,0.0,7.91,2.76589,-4.23599,1.60935,0.00103,0.0,-9999.0,10.81,100.0
201204220400,201204220430,-0.01617,0.0,0.001,0.0,7.79,2.74176,2.98715,1.59345,3e-05,0.0,-9999.0,10.77,100.0
201204220430,201204220500,4.30816,0.0,0.058,0.0,7.74,2.73061,-1.34839,1.58411,0.001767,0.0,-9999.0,10.73,100.0
201204220500,201204220530,3.33846,0.0,2.849,0.0,8.01,2.77847,-0.339268,1.60439,0.084557,1.94143,-9999.0,10.7,100.0
201204220530,201204220600,4.22411,0.0,20.46,0.0,7.91,2.758,-1.24409,1.59038,0.516193,85.8465,-9999.0,10.66,100.0
201204220600,201204220630,-9999.0,1.0,122.6,0.0,8.67,2.89777,1.55368,1.65612,1.6525,214.061,-9999.0,10.63,100.0
201204220630,201204220700,-9999.0,1.0,172.5,0.0,9.91,3.13341,2.07912,1.76806,1.89371,341.946,-9999.0,10.6,100.0
201204220700,201204220730,3.78396,0.0,318.4,0.571,11.52,3.45136,-0.229878,1.918,2.26593,467.313,-9999.0,10.57,95.8
201204220730,201204220800,2.86678,0.0,446.5,2.629,14.04,3.97478,1.10614,2.16253,2.42533,588.018,-9999.0,10.54,83.6
201204220800,201204220830,-0.45209,0.0,484.2,4.255,15.6,4.31151,4.68727,2.31483,2.45551,701.994,-9999.0,10.51,76.0
201204220830,201204220900,-9999.0,1.0,395.3,5.89,16.03,4.40376,5.43713,2.35194,2.36325,807.292,-9999.0,10.5,67.68
201204220900,201204220930,-9999.0,1.0,768.0,8.201,17.15,4.65225,4.52323,2.46049,2.60706,902.11,-9999.0,10.48,58.09
201204220930,201204221000,1.124,0.0,625.0,8.851,17.74,4.78335,3.46703,2.51425,2.53775,984.826,-9999.0,10.49,56.42
201204221000,201204221030,0.73375,0.0,547.1,9.243,17.67,4.7639,3.83993,2.49918,2.48634,1054.02,-9999.0,10.51,54.29
201204221030,201204221100,-0.29253,0.0,871.0,9.261,17.83,4.79706,4.88888,2.508,2.62672,1108.52,-9999.0,10.54,54.66
201204221100,201204221130,-9999.0,1.0,882.0,8.93,18.15,4.86703,4.55092,2.53332,2.62489,1147.38,-9999.0,10.59,57.15
201204221130,201204221200,-9999.0,1.0,762.0,8.558,18.19,4.87272,4.59164,2.52953,2.5805,1169.95,-9999.0,10.65,59.04
201204221200,201204221230,1.25409,0.0,930.0,9.004,18.4,4.91756,3.42572,2.54327,2.62783,1175.82,-9999.0,10.74,57.47
201204221230,201204221300,-1.23659,0.0,871.0,9.798,18.93,5.03666,6.00337,2.58997,2.60651,1164.92,-9999.0,10.83,55.23
201204221300,201204221330,-0.709722,0.0,768.0,9.328,18.77,4.99592,5.44325,2.56529,2.56812,1137.41,-9999.0,10.93,56.95
201204221330,201204221400,-0.70687,0.0,596.5,8.221,18.67,4.96918,5.41765,2.5469,2.48617,1093.78,-9999.0,11.02,61.82
201204221400,201204221430,-0.415229,0.0,693.5,8.002,18.36,4.89417,5.06692,2.50715,2.52918,1034.76,-9999.0,11.12,62.11
201204221430,201204221500,-1.01302,0.0,620.8,8.109,18.06,4.8219,5.60757,2.46872,2.4903,961.37,-9999.0,11.23,60.87
201204221500,201204221530,-0.943485,0.0,489.3,8.394,18.24,4.85957,5.56387,2.47901,2.40281,874.865,-9999.0,11.35,59.95
201204221530,201204221600,-0.778585,0.0,346.4,8.338,18.11,4.82633,5.37129,2.45796,2.2532,776.724,-9999.0,11.47,59.89
201204221600,201204221630,-9999.0,1.0,358.9,8.239,17.88,4.77044,5.38591,2.42699,2.2662,668.626,-9999.0,11.58,59.79
201204221630,201204221700,-9999.0,1.0,353.3,8.475,17.93,4.77834,4.97178,2.42415,2.25563,552.421,-9999.0,11.68,58.77
201204221700,201204221730,-0.657338,0.0,286.3,8.512,18.24,4.84549,5.25666,2.44719,2.15069,430.096,-9999.0,11.76,59.39
201204221730,201204221800,-0.281277,0.0,166.1,7.942,17.72,4.7238,4.78621,2.38764,1.8348,303.746,-9999.0,11.83,60.85
201204221800,201204221830,-0.464548,0.0,51.45,7.508,17.1,4.58089,4.85858,2.3189,1.04101,175.531,-9999.0,11.89,61.51
201204221830,201204221900,-0.461487,0.0,12.67,5.88,15.86,4.30329,4.64064,2.19102,0.360219,48.614,-9999.0,11.93,67.38
201204221900,201204221930,-0.21522,0.0,1.181,3.987,14.27,3.95787,4.12388,2.03266,0.038339,0.0,-9999.0,11.97,75.5
201204221930,201204222000,-0.175867,0.0,0.326,2.385,13.41,3.77448,3.93807,1.94578,0.010722,0.0,-9999.0,11.99,84.5
201204222000,201204222030,-0.0575087,0.0,0.317,1.476,12.93,3.67249,3.73676,1.89518,0.010454,0.0,-9999.0,12.01,90.1
201204222030,201204222100,-9999.0,1.0,0.283,0.955,12.7,3.62266,0.006565,1.86794,0.00936,0.0,-9999.0,12.02,93.5
201204222100,201204222130,-9999.0,1.0,0.17,0.658,12.62,3.60368,-0.019415,1.85451,0.005645,0.0,-9999.0,12.02,95.5
201204222130,201204222200,1.77016,0.0,0.041,0.401,12.88,3.65419,1.88823,1.87193,0.001367,0.0,-9999.0,12.01,97.3
201204222200,201204222230,-9999.0,1.0,0.0,0.555,13.45,3.76901,-0.097829,1.91749,0.0,0.0,-9999.0,12.0,96.4
201204222230,201204222300,7.9033,0.0,0.002,0.737,13.69,3.81612,-4.12132,1.93294,6.7e-05,0.0,-9999.0,11.98,95.3
201204222300,201204222330,1.98005,0.0,0.0,0.357,13.56,3.7863,1.77631,1.91466,0.0,0.0,-9999.0,11.96,97.7
201204222330,201204230000,4.80261,0.0,0.006,0.186,13.51,3.77316,-1.05877,1.9037,0.000202,0.0,-9999.0,11.94,98.8
201204230000,201204230030,4.62887,0.0,0.008,0.108,13.45,3.75797,-0.899147,1.89189,0.00027,0.0,-9999.0,11.92,99.3
201204230030,201204230100,2.51756,0.0,0.021,0.154,13.38,3.74076,1.19645,1.87921,0.000711,0.0,-9999.0,11.91,99.0
201204230100,201204230130,3.6011,0.0,0.047,0.12,13.08,3.67636,0.059984,1.84612,0.001595,0.0,-9999.0,11.9,99.2
201204230130,201204230200,2.9386,0.0,0.15,0.044,12.71,3.59822,0.658554,1.80716,0.005096,0.0,-9999.0,11.88,99.7
201204230200,201204230230,0.991515,0.0,0.046,1.421,12.38,3.52887,2.54849,1.7721,0.001569,0.0,-9999.0,11.87,90.1222
201204230230,201204230300,2.97693,0.0,0.004,2.118,12.57,3.56459,0.589364,1.78259,0.000137,0.0,-9999.0,11.86,85.4595
201204230300,201204230330,2.61208,0.0,0.006,2.441,12.81,3.61056,0.98852,1.79737,0.000206,0.0,-9999.0,11.84,83.5001
201204230330,201204230400,3.68145,0.0,0.01,2.454,12.85,3.61602,-0.078654,1.79465,0.000344,0.0,-9999.0,11.83,83.4612
201204230400,201204230430,-9999.0,1.0,0.007,0.209,12.98,3.63976,-0.163517,1.79972,0.000241,0.0,-9999.0,11.81,98.6
201204230430,201204230500,-9999.0,1.0,0.028,0.343,12.91,3.62285,-0.157212,1.78741,0.000967,0.0,-9999.0,11.79,97.7
201204230500,201204230530,-9999.0,1.0,1.232,0.391,13.06,3.65066,-0.161577,1.79412,0.041964,3.00831,-9999.0,11.77,97.4
201204230530,201204230600,2.56636,0.0,9.16,0.889,13.62,3.76255,1.14296,1.83621,0.282661,91.1509,-9999.0,11.76,94.3
201204230600,201204230630,1.4792,0.0,37.57,1.246,13.99,3.83618,2.28533,1.8618,0.865833,219.131,-9999.0,11.74,92.2
201204230630,201204230700,-9999.0,1.0,115.7,1.67,14.52,3.94374,3.31766,1.90123,1.57822,346.782,-9999.0,11.73,89.9
201204230700,201204230730,-9999.0,1.0,143.7,2.839,15.23,4.09044,3.61028,1.95638,1.71009,471.919,-9999.0,11.72,83.6
201204230730,201204230800,-0.66826,0.0,261.6,3.757,15.74,4.19607,4.70299,1.99404,2.02691,592.403,-9999.0,11.71,79.0
201204230800,201204230830,-1.32482,0.0,477.8,5.3,16.91,4.44595,5.54639,2.08988,2.25702,706.17,-9999.0,11.7,72.5
201204230830,201204230900,-1.48283,0.0,323.3,5.261,16.91,4.44265,5.6994,2.08237,2.11293,811.275,-9999.0,11.7,72.7
201204230900,201204230930,-1.45494,0.0,388.0,5.676,16.99,4.45681,5.67964,2.08189,2.17924,905.92,-9999.0,11.71,70.7
201204230930,201204231000,-0.874311,0.0,379.4,6.148,17.23,4.506,5.13338,2.09541,2.16761,988.484,-9999.0,11.73,68.74
201204231000,201204231030,-1.83152,0.0,346.1,6.731,17.53,4.56852,6.1348,2.1141,2.13002,1057.56,-9999.0,11.76,66.42
201204231030,201204231100,-0.84484,0.0,565.1,6.922,17.76,4.61582,5.1808,2.12652,2.28512,1111.95,-9999.0,11.79,65.96
201204231100,201204231130,-1.19801,0.0,690.2,7.757,18.4,4.75434,5.63415,2.17481,2.33044,1150.74,-9999.0,11.82,63.36
201204231130,201204231200,-0.960747,0.0,214.5,6.876,17.96,4.6531,5.3192,2.12835,1.91329,1173.26,-9999.0,11.87,66.61
201204231200,201204231230,-0.211178,0.0,279.4,5.387,16.94,4.42605,4.3976,2.03234,2.03154,1179.13,-9999.0,11.91,72.1
201204231230,201204231300,-1.44311,0.0,343.4,5.856,17.43,4.52959,5.70442,2.06689,2.11053,1168.25,-9999.0,11.97,70.6
201204231300,201204231330,-9999.0,1.0,248.4,5.269,16.99,4.43028,3.37283,2.02156,1.97501,1140.79,-9999.0,12.02,72.8
201204231330,201204231400,-9999.0,1.0,343.1,5.597,17.43,4.52281,5.0612,2.05151,2.10361,1097.23,-9999.0,12.07,71.9
201204231400,201204231430,-9999.0,1.0,467.0,6.059,17.65,4.56758,5.07335,2.06257,2.20205,1038.33,-9999.0,12.12,70.0
201204231430,201204231500,-9999.0,1.0,602.0,7.197,18.37,4.72285,4.3255,2.11617,2.26608,965.071,-9999.0,12.16,65.94
201204231500,201204231530,-9999.0,1.0,415.5,7.021,18.13,4.66624,6.714,2.08775,2.15854,878.725,-9999.0,12.21,66.27
201204231530,201204231600,-9999.0,1.0,462.2,7.923,18.44,4.73127,5.41108,2.10612,2.18712,780.763,-9999.0,12.26,62.67
201204231600,201204231630,-9999.0,1.0,445.7,8.584,18.75,4.79653,5.79364,2.12435,2.17249,672.863,-9999.0,12.31,60.33
201204231630,201204231700,1.95293,0.0,242.6,7.868,18.03,4.63373,2.36478,2.0556,1.9472,556.871,-9999.0,12.36,61.96
201204231700,201204231730,-2.30612,0.0,140.2,6.761,17.4,4.49257,6.51662,1.99522,1.67364,434.77,-9999.0,12.41,65.99
201204231730,201204231800,0.60441,0.0,86.6,6.54,16.76,4.35092,3.49796,1.93476,1.39064,308.651,-9999.0,12.45,65.74
201204231800,201204231830,-9999.0,1.0,49.37,6.187,16.47,4.28554,1.65976,1.90359,1.04531,180.672,-9999.0,12.49,66.99
201204231830,201204231900,-9999.0,1.0,16.21,5.189,15.53,4.0834,0.355431,1.82022,0.480818,53.4185,-9999.0,12.52,70.6
201204231900,201204231930,-9999.0,1.0,0.92,4.496,14.8,3.92836,0.402945,1.75494,0.033578,0.0,-9999.0,12.54,73.3
201204231930,201204232000,-9999.0,1.0,0.33,3.999,14.19,3.80017,-7.3e-05,1.70006,0.012179,0.0,-9999.0,12.56,75.3
201204232000,201204232030,-9999.0,1.0,0.33,3.012,13.31,3.61954,-0.247536,1.62505,0.012207,0.0,-9999.0,12.57,80.3
201204232030,201204232100,4.98783,0.0,0.328,2.202,12.59,3.47396,-1.56872,1.56359,0.012161,0.0,-9999.0,12.57,84.9
201204232100,201204232130,4.8228,0.0,0.326,1.303,12.14,3.38327,-1.47673,1.52345,0.012114,0.0,-9999.0,12.56,90.8
201204232130,201204232200,-9999.0,1.0,0.229,0.788,12.32,3.4158,-0.366844,1.53098,0.008542,0.0,-9999.0,12.55,94.5
201204232200,201204232230,-9999.0,1.0,0.087,0.63,12.66,3.47982,-0.334609,1.55047,0.00326,0.0,-9999.0,12.53,95.7
201204232230,201204232300,2.40823,0.0,0.001,1.056,13.32,3.60785,1.11366,1.59403,3.8e-05,0.0,-9999.0,12.51,93.1
201204232300,201204232330,-9999.0,1.0,0.001,1.346,13.32,3.60511,-0.294019,1.58767,3.8e-05,0.0,-9999.0,12.48,91.2
201204232330,201204240000,-9999.0,1.0,0.0,0.821,13.23,3.58446,-0.33569,1.57456,0.0,0.0,-9999.0,12.45,94.6
201204240000,201204240030,1.9975,0.0,0.002,0.829,13.38,3.61157,1.52818,1.57944,7.6e-05,0.0,-9999.0,12.43,94.6
201204240030,201204240100,3.34377,0.0,0.004,0.982,13.36,3.60484,0.177001,1.59774,0.000151,0.0,-9999.0,12.4,93.6
201204240100,201204240130,3.75338,0.0,0.012,1.312,13.46,3.622,-0.219025,1.62533,0.000453,0.0,-9999.0,12.38,91.5
201204240130,201204240200,4.63791,0.0,0.025,1.314,13.3,3.58744,-1.13002,1.6326,0.000941,0.0,-9999.0,12.35,91.4
201204240200,201204240230,3.74814,0.0,0.002,1.527,13.45,3.61824,-0.218989,1.66442,7.5e-05,0.0,-9999.0,12.33,90.1
201204240230,201204240300,6.67149,0.0,0.029,1.956,13.3,3.5894,-3.16724,1.67203,0.001088,0.0,-9999.0,12.3,87.2
201204240300,201204240330,7.04718,0.0,0.031,2.133,13.26,3.58244,-3.55089,1.6884,0.001161,0.0,-9999.0,12.28,86.0
201204240330,201204240400,7.65436,0.0,0.018,1.906,13.03,3.53788,-4.19514,1.68855,0.000673,0.0,-9999.0,12.26,87.3
201204240400,201204240430,6.75038,0.0,0.06,1.776,12.69,3.47194,-3.34489,1.67868,0.002239,0.0,-9999.0,12.24,87.9
201204240430,201204240500,8.89298,0.0,0.202,1.423,11.77,3.29437,-5.62874,1.6181,0.007509,0.0,-9999.0,12.21,89.7
201204240500,201204240530,7.96249,0.0,3.919,1.423,11.62,3.26651,-4.72254,1.6226,0.137937,4.31632,-9999.0,12.19,89.6
201204240530,201204240600,-9999.0,1.0,24.44,1.537,12.22,3.38306,-0.185028,1.69308,0.672148,96.392,-9999.0,12.16,89.2
201204240600,201204240630,2.10616,0.0,37.31,1.462,12.47,3.43266,1.25882,1.73393,0.906149,224.135,-9999.0,12.14,89.9
201204240630,201204240700,-9999.0,1.0,90.1,1.326,12.24,3.38879,2.70666,1.73123,1.49683,351.55,-9999.0,12.11,90.7
201204240700,201204240730,-1.56387,0.0,374.5,3.139,14.34,3.80748,5.21164,1.94956,2.40456,476.456,-9999.0,12.09,80.8
201204240730,201204240800,-0.201712,0.0,544.5,5.758,16.4,4.23613,4.16853,2.17773,2.60222,596.717,-9999.0,12.06,69.14
201204240800,201204240830,-1.3068,0.0,501.8,7.432,16.7,4.30094,5.31871,2.23346,2.59587,710.274,-9999.0,12.04,60.92
201204240830,201204240900,-2.73169,0.0,597.9,8.267,16.89,4.34262,6.77141,2.27864,2.70145,815.185,-9999.0,12.01,57.05
201204240900,201204240930,2.069,0.0,628.2,9.235,17.35,4.44245,2.04115,2.35379,2.75308,909.654,-9999.0,12.01,53.4
201204240930,201204241000,1.91781,0.0,627.7,10.529,18.1,4.60619,2.30888,2.46314,1.0492,992.066,-9999.0,12.01,49.32
201204241000,201204241030,-9999.0,1.0,653.5,10.964,19.263,4.86344,4.9414,2.62349,1.09341,1061.01,-9999.0,12.02,-9999.0
201204241030,201204241100,-9999.0,1.0,753.0,10.758,18.44,4.68307,4.2193,2.55714,1.19021,1115.31,-9999.0,12.04,49.31
201204241100,201204241130,-9999.0,1.0,935.0,11.823,18.77,4.75694,2.54992,2.62395,1.30122,1154.02,-9999.0,12.07,45.43
201204241130,201204241200,1.81179,0.0,915.0,12.856,19.21,4.85563,2.58237,2.70535,1.3547,1176.51,-9999.0,12.11,42.27
201204241200,201204241230,2.53844,0.0,734.0,13.076,19.07,4.82588,1.83113,2.71757,1.34886,1182.36,-9999.0,12.17,40.77
201204241230,201204241300,1.81146,0.0,697.1,12.626,19.3,4.87828,2.59243,2.77517,1.38805,1171.49,-9999.0,12.23,43.62
201204241300,201204241330,-9999.0,1.0,615.0,12.792,19.43,4.90856,4.48577,2.82105,1.39861,1144.09,-9999.0,12.29,43.34
201204241330,201204241400,-9999.0,1.0,629.0,12.223,19.18,4.85423,4.96845,2.81881,1.461,1100.61,-9999.0,12.36,45.01
201204241400,201204241430,-0.450242,0.0,687.8,12.523,19.36,4.89562,4.85674,2.87139,1.54957,1041.82,-9999.0,12.43,44.29
201204241430,201204241500,-9999.0,1.0,726.0,12.795,19.1,4.83909,3.79235,2.86687,1.62572,968.696,-9999.0,12.5,42.15
201204241500,201204241530,-9999.0,1.0,649.2,11.658,18.93,4.80269,4.4072,2.87347,1.63658,882.51,-9999.0,12.58,46.73
201204241530,201204241600,-9999.0,1.0,537.0,9.946,18.88,4.79291,4.6152,2.8956,3.06588,784.729,-9999.0,12.66,54.41
201204241600,201204241630,-9999.0,1.0,441.6,9.245,18.62,4.73673,7.10649,2.88912,2.96476,677.029,-9999.0,12.73,56.93
201204241630,201204241700,3.1947,0.0,339.2,8.665,18.13,4.63029,1.00577,2.85061,2.79364,561.251,-9999.0,12.79,58.37
201204241700,201204241730,0.95098,0.0,236.0,7.899,17.7,4.53769,3.17968,2.81915,2.51039,439.376,-9999.0,12.85,61.01
201204241730,201204241800,-0.02466,0.0,142.1,6.985,17.38,4.46948,4.10298,2.80177,2.05961,313.49,-9999.0,12.9,64.82
201204241800,201204241830,2.98689,0.0,45.76,5.16,15.93,4.16074,0.863559,2.6291,1.08156,185.747,-9999.0,12.93,71.5
201204241830,201204241900,-9999.0,1.0,11.92,4.063,14.5,3.86412,0.362891,2.46009,0.372027,58.4201,-9999.0,12.96,75.4
201204241900,201204241930,6.21998,0.0,1.061,2.722,12.89,3.53996,-2.83756,2.26928,0.03714,0.0,-9999.0,12.97,81.7
201204241930,201204242000,4.16414,0.0,0.33,2.036,12.22,3.40887,-0.883855,2.20143,0.011629,0.0,-9999.0,12.98,85.7
201204242000,201204242030,1.71655,0.0,0.33,1.544,11.33,3.23747,1.42993,2.10507,0.011609,0.0,-9999.0,12.98,88.5
201204242030,201204242100,-9999.0,1.0,0.33,0.967,10.53,3.08655,-0.376803,2.02026,0.011588,0.0,-9999.0,12.97,92.4
201204242100,201204242130,-9999.0,1.0,0.33,0.774,10.24,3.0331,-0.534377,1.99939,0.011568,0.0,-9999.0,12.95,93.8
201204242130,201204242200,-9999.0,1.0,0.329,0.585,9.89,2.96892,-0.475808,1.97051,0.011513,0.0,-9999.0,12.93,95.2
201204242200,201204242230,-9999.0,1.0,0.325,0.386,9.73,2.9402,-0.426694,1.96519,0.011353,0.0,-9999.0,12.89,96.8
201204242230,201204242300,-9999.0,1.0,0.294,0.181,9.77,2.94837,-0.452504,1.98512,0.010255,0.0,-9999.0,12.86,98.5
201204242300,201204242330,-9999.0,1.0,0.191,0.049,9.89,2.97133,-0.480465,2.01554,0.006658,0.0,-9999.0,12.82,99.6
201204242330,201204250000,-9999.0,1.0,0.163,3.333,10.02,2.99623,-0.50621,2.04764,0.005673,0.0,-9999.0,12.78,72.9053
201204250000,201204250030,-9999.0,1.0,0.025,1.649,10.44,3.07547,-0.445084,2.11903,0.00087,0.0,-9999.0,12.74,86.9622
201204250030,201204250100,-9999.0,1.0,0.025,0.038,10.43,3.07442,-0.491551,2.13339,0.000868,0.0,-9999.0,12.7,99.7
201204250100,201204250130,-9999.0,1.0,0.032,0.025,10.42,3.07337,-0.494598,2.14773,0.001109,0.0,-9999.0,12.66,99.8
201204250130,201204250200,0.955233,0.0,0.004,0.026,10.93,3.17061,2.11438,2.23461,0.000138,0.0,-9999.0,12.62,99.8
201204250200,201204250230,1.78459,0.0,0.01,0.13,10.89,3.16386,1.27756,2.24531,0.000345,0.0,-9999.0,12.58,99.0
201204250230,201204250300,-9999.0,1.0,0.004,0.039,10.94,3.17423,-0.472301,2.26879,0.000138,0.0,-9999.0,12.54,99.7
201204250300,201204250330,-9999.0,1.0,0.002,0.027,11.27,3.23819,-0.585782,2.33315,6.9e-05,0.0,-9999.0,12.51,99.8
201204250330,201204250400,-9999.0,1.0,0.001,0.109,11.58,3.29883,-0.493598,2.39588,3.4e-05,0.0,-9999.0,12.48,99.2
201204250400,201204250430,-9999.0,1.0,0.005,0.232,11.56,3.29584,-0.498218,2.41014,0.000171,0.0,-9999.0,12.44,98.3
201204250430,201204250500,-9999.0,1.0,0.071,0.325,11.48,3.28126,-0.559929,2.41528,0.002429,0.0,-9999.0,12.41,97.6
201204250500,201204250530,5.04885,0.0,2.416,0.58,11.75,3.33448,-1.87075,2.47371,0.080724,5.82752,-9999.0,12.38,95.8
201204250530,201204250600,5.55975,0.0,17.39,0.752,11.89,3.36265,-2.36277,2.51295,0.513922,101.568,-9999.0,12.36,94.6
201204250600,201204250630,-9999.0,1.0,44.62,1.173,12.11,3.40661,-0.02527,2.56528,1.10932,229.073,-9999.0,12.33,91.7
201204250630,201204250700,-9999.0,1.0,260.6,2.307,13.3,3.64425,3.68715,2.77603,3.12002,356.25,-9999.0,12.31,84.9
201204250700,201204250730,-9999.0,1.0,303.7,3.211,14.53,3.89645,3.96996,3.00324,3.33001,480.924,-9999.0,12.28,80.6
201204250730,201204250800,-9999.0,1.0,315.3,3.071,14.83,3.95975,4.41439,3.07685,3.39795,600.96,-9999.0,12.26,81.8
201204250800,201204250830,-9999.0,1.0,416.5,3.343,15.32,4.06332,4.69167,3.18548,3.75474,714.305,-9999.0,12.24,80.8
201204250830,201204250900,-5.00845,0.0,391.7,4.569,16.33,4.27876,8.86106,3.39156,3.70838,819.02,-9999.0,12.22,75.4
201204250900,201204250930,-9999.0,1.0,173.8,4.93,16.12,4.235,6.20224,3.37718,2.67579,913.313,-9999.0,12.22,73.1
201204250930,201204251000,-9999.0,1.0,127.8,4.895,15.95,4.1999,5.56566,3.3697,2.28095,995.571,-9999.0,12.22,73.0
201204251000,201204251030,-9999.0,1.0,144.5,2.747,15.2,4.04246,5.45576,3.25461,2.45369,1064.39,-9999.0,12.23,84.1
201204251030,201204251100,-9999.0,1.0,258.6,1.969,15.06,4.01419,5.62896,3.25135,3.26453,1118.58,-9999.0,12.24,88.5
201204251100,201204251130,-2.65021,0.0,346.6,2.668,15.65,4.13955,6.38906,3.3843,3.67726,1157.23,-9999.0,12.26,85.0
201204251130,201204251200,-2.47829,0.0,136.6,3.171,15.33,4.07306,6.16668,3.34695,2.41115,1179.67,-9999.0,12.27,81.8
201204251200,201204251230,-3.31601,0.0,101.0,1.155,14.05,3.80786,6.81004,3.12984,2.02077,1185.51,-9999.0,12.29,92.8
201204251230,201204251300,-9999.0,1.0,154.2,0.267,13.72,3.74132,4.15128,3.08958,2.60234,1174.66,-9999.0,12.32,98.3
201204251300,201204251330,-9999.0,1.0,215.0,0.518,13.7,3.73824,6.3228,3.10621,3.09437,1147.31,-9999.0,12.34,96.7
201204251330,201204251400,-0.287274,0.0,388.0,1.513,14.6,3.9246,3.85793,3.29701,3.94709,1103.92,-9999.0,12.36,90.9
201204251400,201204251430,-0.296403,0.0,262.0,2.843,15.06,4.02173,3.93421,3.40807,3.41844,1045.23,-9999.0,12.38,83.4
201204251430,201204251500,-0.60972,0.0,326.9,4.033,15.16,4.04381,4.26061,3.45019,3.75864,972.245,-9999.0,12.4,76.6
201204251500,201204251530,-0.400095,0.0,309.1,5.01,15.8,4.18032,4.14555,3.60115,3.70045,886.219,-9999.0,12.42,72.1
201204251530,201204251600,-0.213443,0.0,159.8,4.746,15.7,4.16016,3.94177,3.60436,2.72911,788.622,-9999.0,12.45,73.4
201204251600,201204251630,-0.0715341,0.0,117.0,5.259,15.42,4.10191,3.75563,3.57057,2.28478,681.122,-9999.0,12.48,69.99
201204251630,201204251700,-0.265831,0.0,114.1,4.421,15.01,4.01661,3.88633,3.50986,2.25814,565.56,-9999.0,12.5,74.1
201204251700,201204251730,-0.136903,0.0,271.6,4.569,14.99,4.01349,3.75245,3.52808,3.59059,443.913,-9999.0,12.53,73.2
201204251730,201204251800,-9999.0,1.0,157.6,5.47,14.92,3.99988,4.81675,3.53595,2.75858,318.262,-9999.0,12.55,67.77
201204251800,201204251830,-9999.0,1.0,56.49,4.4,14.01,3.81186,2.45953,3.37175,1.39174,190.757,-9999.0,12.57,72.5
201204251830,201204251900,-9999.0,1.0,9.16,2.943,12.88,3.58295,-0.314445,3.16571,0.282007,63.5797,-9999.0,12.58,80.2
201204251900,201204251930,-0.0387379,0.0,0.712,2.484,12.62,3.53178,3.29589,3.13326,0.022963,0.0,-9999.0,12.59,83.0
201204251930,201204252000,-0.0982228,0.0,0.285,2.353,12.34,3.47692,3.31277,3.09651,0.009197,0.0,-9999.0,12.6,83.6
201204252000,201204252030,-9999.0,1.0,0.303,1.989,11.76,3.36335,-0.42323,3.00056,0.009758,0.0,-9999.0,12.6,85.6
201204252030,201204252100,-9999.0,1.0,0.321,1.522,11.12,3.23969,-0.618879,2.89343,0.010317,0.0,-9999.0,12.59,88.5
201204252100,201204252130,-9999.0,1.0,0.232,1.248,10.85,3.18857,-0.665038,2.85787,0.007445,0.0,-9999.0,12.58,90.4
201204252130,201204252200,-9999.0,1.0,0.064,1.496,11.12,3.24142,-0.655094,2.9267,0.002052,0.0,-9999.0,12.56,88.7
201204252200,201204252230,-9999.0,1.0,0.089,1.483,11.13,3.24422,-0.638328,2.9453,0.002847,0.0,-9999.0,12.54,88.8
201204252230,201204252300,-9999.0,1.0,0.131,1.359,10.78,3.17769,-0.596487,2.89294,0.004182,0.0,-9999.0,12.51,89.5
201204252300,201204252330,-9999.0,1.0,0.242,1.057,10.19,3.06626,-0.59726,2.79379,0.007706,0.0,-9999.0,12.49,91.5
201204252330,201204260000,-9999.0,1.0,0.274,0.773,9.75,2.98443,-0.594945,2.72409,0.008706,0.0,-9999.0,12.46,93.6
201204260000,201204260030,-9999.0,1.0,0.183,0.545,9.45,2.92941,-0.462749,2.68126,0.005806,0.0,-9999.0,12.43,95.4
201204260030,201204260100,-9999.0,1.0,0.167,0.48,9.3,2.90244,-0.407771,2.64926,0.005265,0.0,-9999.0,12.4,95.9
201204260100,201204260130,-9999.0,1.0,0.107,0.289,9.1,2.86639,-0.125586,2.60806,0.003353,0.0,-9999.0,12.36,97.5
201204260130,201204260200,-9999.0,1.0,0.06,0.231,9.06,2.85981,-0.132629,2.59719,0.001868,0.0,-9999.0,12.33,98.0
201204260200,201204260230,6.19187,0.0,0.082,0.189,8.54,2.76585,-3.53685,2.4972,0.002537,0.0,-9999.0,12.29,98.3
201204260230,201204260300,2.51331,0.0,0.128,0.162,8.11,2.68929,0.08131,2.41555,0.003933,0.0,-9999.0,12.25,98.5
201204260300,201204260330,1.08634,0.0,0.154,0.144,7.42,2.56798,1.41315,2.28939,0.0047,0.0,-9999.0,12.21,98.6
201204260330,201204260400,-9999.0,1.0,0.255,0.081,7.16,2.52333,0.206361,2.24098,0.007728,0.0,-9999.0,12.16,99.2
201204260400,201204260430,-9999.0,1.0,0.33,0.01,6.967,2.49058,0.163542,2.20468,0.009932,0.0,-9999.0,12.12,99.9
201204260430,201204260500,-9999.0,1.0,0.33,4.009,7.15,2.52293,0.202324,2.23343,0.009865,0.0,-9999.0,12.07,60.4075
201204260500,201204260530,2.62474,0.0,6.308,3.639,6.83,2.46829,-0.209833,2.17546,0.182584,7.53598,-9999.0,12.03,63.2652
201204260530,201204260600,0.852826,0.0,49.93,3.346,6.647,2.43755,1.5364,2.14149,1.2149,106.679,-9999.0,11.98,65.7877
201204260600,201204260630,2.75103,0.0,77.9,3.087,7.21,2.53538,-0.287961,2.23509,1.71806,233.944,-9999.0,11.94,69.6325
201204260630,201204260700,-0.03529,0.0,244.8,3.465,8.61,2.78517,2.68686,2.481,3.56805,360.882,-9999.0,11.89,69.0186
201204260700,201204260730,-9999.0,1.0,346.4,0.472,10.58,3.15368,2.84084,2.84974,4.21908,485.32,-9999.0,11.84,96.3
201204260730,201204260800,-6.16784,0.0,445.5,2.494,12.59,3.54932,9.37654,3.25096,4.70541,605.131,-9999.0,11.8,82.9
201204260800,201204260830,-3.84997,0.0,570.2,4.701,14.48,3.93833,7.33183,3.64983,5.1976,718.263,-9999.0,11.76,71.5
201204260830,201204260900,-3.94795,0.0,650.8,7.532,16.11,4.28627,7.66873,4.00922,5.47535,822.781,-9999.0,11.72,58.88
201204260900,201204260930,-9999.0,1.0,726.0,10.126,16.64,4.40252,3.45674,4.12555,5.71724,916.897,-9999.0,11.69,46.55
201204260930,201204261000,-9999.0,1.0,811.0,11.658,17.75,4.64832,4.27574,4.37937,5.97327,999.0,-9999.0,11.68,42.64
201204261000,201204261030,-9999.0,1.0,911.0,12.064,18.13,4.73437,3.94822,4.46385,6.25446,1067.69,-9999.0,11.67,42.04
201204261030,201204261100,-9999.0,2.0,1001.0,13.021,19.372,5.01652,5.87052,4.75757,6.50008,1121.78,-9999.0,11.68,-9999.0
201204261100,201204261130,-9999.0,1.0,668.3,11.169,20.112,5.18777,5.93902,4.93338,5.6042,1160.35,-9999.0,11.71,-9999.0
201204261130,201204261200,-9999.0,2.0,987.0,13.634,20.245,5.21988,6.24527,4.95997,6.53749,1182.75,-9999.0,11.76,-9999.0
201204261200,201204261230,-9999.0,1.0,616.6,13.586,19.61,5.07498,5.91092,4.79723,5.44677,1188.58,-9999.0,11.83,40.49
201204261230,201204261300,-9999.0,1.0,688.5,13.184,19.8,5.11997,5.97682,4.83753,5.72018,1177.76,-9999.0,11.91,42.93
201204261300,201204261330,-9999.0,1.0,339.8,12.715,19.62,5.07996,5.38185,4.78725,4.12119,1150.45,-9999.0,11.99,44.34
201204261330,201204261400,-9999.0,1.0,576.8,10.542,18.91,4.9192,4.47229,4.60925,5.32048,1107.14,-9999.0,12.06,51.77
201204261400,201204261430,-9999.0,1.0,764.0,9.603,18.71,4.87514,4.079,4.55539,6.03461,1048.56,-9999.0,12.14,55.51
201204261430,201204261500,1.19062,0.0,698.0,9.163,18.46,4.81992,2.85579,4.48998,5.82044,975.718,-9999.0,12.22,56.88
201204261500,201204261530,0.433469,0.0,642.4,8.546,18.02,4.72224,3.54475,4.38037,5.62157,889.854,-9999.0,12.3,58.66
201204261530,201204261600,0.963112,0.0,533.2,7.627,17.56,4.62076,2.94419,4.2674,5.15856,792.44,-9999.0,12.38,62.02
201204261600,201204261630,2.35563,0.0,362.7,7.22,16.94,4.48474,1.45728,4.11923,4.23809,685.142,-9999.0,12.46,62.61
201204261630,201204261700,1.89459,0.0,293.4,7.67,16.94,4.48592,1.9162,4.11381,3.76173,569.798,-9999.0,12.54,60.28
201204261700,201204261730,4.4054,0.0,249.1,7.661,16.71,4.43654,-0.630796,4.05616,3.40864,448.379,-9999.0,12.6,59.74
201204261730,201204261800,3.10632,0.0,147.9,8.022,16.45,4.38077,0.627762,3.99219,2.42415,322.964,-9999.0,12.66,57.14
201204261800,201204261830,2.59062,0.0,74.7,7.691,16.02,4.28833,1.07804,3.89089,1.44688,195.699,-9999.0,12.7,57.77
201204261830,201204261900,-9999.0,1.0,15.23,5.586,14.5,3.96447,-0.156208,3.555,0.350528,68.7615,-9999.0,12.73,66.18
201204261900,201204261930,-9999.0,1.0,1.247,3.966,13.04,3.66247,-0.556453,3.24547,0.029912,0.128997,-9999.0,12.75,73.6
201204261930,201204262000,-9999.0,1.0,0.33,2.941,12.19,3.49133,-0.551904,3.06973,0.007876,0.0,-9999.0,12.76,79.3
201204262000,201204262030,-9999.0,1.0,0.33,2.338,11.52,3.35891,-0.651053,2.93377,0.00781,0.0,-9999.0,12.76,82.8
201204262030,201204262100,-9999.0,1.0,0.33,1.631,10.43,3.14738,-0.670912,2.72152,0.007744,0.0,-9999.0,12.76,87.1
201204262100,201204262130,-9999.0,1.0,0.33,1.118,9.68,3.0054,-0.551136,2.57903,0.007677,0.0,-9999.0,12.75,90.7
201204262130,201204262200,-9999.0,1.0,0.329,0.783,9.04,2.88654,-0.161674,2.46008,0.007588,0.0,-9999.0,12.73,93.2
201204262200,201204262230,-9999.0,1.0,0.326,0.477,8.84,2.85033,-0.010058,2.42125,0.007453,0.0,-9999.0,12.71,95.8
201204262230,201204262300,-0.756183,0.0,0.312,0.345,8.54,2.79601,3.35177,2.36527,0.007071,0.0,-9999.0,12.68,96.9
201204262300,201204262330,-9999.0,1.0,0.3,0.275,8.36,2.76392,0.153402,2.33076,0.006739,0.0,-9999.0,12.64,97.5
201204262330,201204270000,-9999.0,1.0,0.32,0.254,7.78,2.66001,0.211969,2.22832,0.007123,0.0,-9999.0,12.61,97.6
201204270000,201204270030,-9999.0,1.0,0.299,0.179,7.76,2.65713,0.207922,2.22189,0.006596,0.0,-9999.0,12.57,98.3
201204270030,201204270100,4.44975,0.0,0.253,0.146,7.63,2.63463,-1.98127,2.19698,0.005531,0.0,-9999.0,12.53,98.6
201204270100,201204270130,-4.87568,0.0,0.234,0.133,7.32,2.58034,7.30188,2.14233,0.005069,0.0,-9999.0,12.48,98.7
201204270130,201204270200,1.54089,0.0,0.218,0.147,6.666,2.46673,0.798416,2.03267,0.004679,0.0,-9999.0,12.44,98.5
201204270200,201204270230,-9999.0,1.0,0.097,0.019,6.444,2.42911,-0.300682,1.99433,0.002063,0.0,-9999.0,12.39,99.8
201204270230,201204270300,-9999.0,1.0,0.053,0.0,6.194,2.38697,-0.334251,1.95201,0.001117,0.0,-9999.0,12.34,100.0
201204270300,201204270330,-9999.0,1.0,0.078,0.0,6.018,2.35769,0.057662,1.92174,0.001628,0.0,-9999.0,12.29,100.0
201204270330,201204270400,-9999.0,1.0,0.069,0.0,5.948,2.34645,0.047426,1.90818,0.001426,0.0,-9999.0,12.24,100.0
201204270400,201204270430,-9999.0,1.0,0.069,0.0,6.052,2.36469,-0.356317,1.92171,0.001412,0.0,-9999.0,12.19,100.0
201204270430,201204270500,-9999.0,1.0,0.246,0.0,5.512,2.27447,-0.02117,1.83595,0.004983,0.0,-9999.0,12.14,100.0
201204270500,201204270530,-9999.0,1.0,6.657,0.0,5.724,2.31054,-0.11667,1.86574,0.131038,11.1544,-9999.0,12.09,100.0
201204270530,201204270600,-9999.0,1.0,63.35,0.0,5.836,2.32999,0.738954,1.88032,1.07538,115.938,-9999.0,12.04,100.0
201204270600,201204270630,-9999.0,1.0,84.0,0.0,6.68,2.47499,1.64479,2.00969,1.35781,242.986,-9999.0,11.99,100.0
201204270630,201204270700,5.07852,0.0,245.9,0.0,8.58,2.81513,-2.5008,2.32063,3.13237,369.636,-9999.0,11.94,100.0
201204270700,201204270730,-3.61784,0.0,355.6,0.146,11.16,3.3072,6.54451,2.77942,4.06581,493.718,-9999.0,11.88,98.9
201204270730,201204270800,-6.78331,0.0,472.3,2.723,14.21,3.93032,10.1367,3.37262,4.9409,613.112,-9999.0,11.84,83.2
201204270800,201204270830,-9999.0,1.0,571.7,4.929,15.05,4.11002,4.91626,3.54152,5.62328,725.774,-9999.0,11.79,71.2
201204270830,201204270900,-9999.0,1.0,660.9,6.461,16.18,4.35614,3.83642,3.77587,6.20143,829.776,-9999.0,11.75,64.88
201204270900,201204270930,-0.222835,0.0,742.0,7.764,17.03,4.54501,3.97696,3.95485,6.70656,923.338,-9999.0,11.72,60.02
201204270930,201204271000,-0.549698,0.0,812.0,9.375,17.74,4.70518,4.40537,4.10592,7.13238,1004.86,-9999.0,11.71,53.84
201204271000,201204271030,-0.994756,0.0,867.0,11.009,18.45,4.86731,4.95233,4.25911,7.46613,1072.95,-9999.0,11.71,48.16
201204271030,201204271100,-9999.0,1.0,908.0,13.291,19.52,5.11454,4.00456,4.497,7.72011,1126.44,-9999.0,11.72,41.46
201204271100,201204271130,-9999.0,1.0,955.0,14.361,20.01,5.22986,7.39602,4.60412,8.00573,1164.41,-9999.0,11.75,38.64
201204271130,201204271200,-9999.0,1.0,961.0,15.978,21.32,5.53994,8.2074,4.90578,8.07112,1186.22,-9999.0,11.8,37.02
201204271200,201204271230,-9999.0,1.0,740.0,16.183,21.64,5.61766,6.98176,4.97536,6.812,1191.48,-9999.0,11.86,37.45
201204271230,201204271300,0.784175,0.0,818.0,15.778,21.7,5.63346,3.64259,4.98285,7.31314,1180.13,-9999.0,11.95,39.24
201204271300,201204271330,-9999.0,1.0,872.0,15.757,22.05,5.71882,6.08857,5.05985,7.66078,1152.33,-9999.0,12.03,40.6
201204271330,201204271400,-9999.0,1.0,839.0,15.703,22.64,5.86259,6.56782,5.19525,7.49035,1108.58,-9999.0,12.12,42.89
201204271400,201204271430,0.269598,0.0,745.0,14.867,22.87,5.91988,4.32401,5.24392,6.9227,1049.62,-9999.0,12.21,46.68
201204271430,201204271500,-1.54405,0.0,713.0,15.125,22.66,5.8705,6.10371,5.18577,6.73029,976.46,-9999.0,12.33,45.06
201204271500,201204271530,-0.606866,0.0,631.7,15.946,22.87,5.92297,5.19525,5.22945,6.18316,890.35,-9999.0,12.45,42.81
201204271530,201204271600,-0.438218,0.0,543.7,16.41,23.01,5.95856,5.04487,5.25616,5.54243,792.763,-9999.0,12.58,41.64
201204271600,201204271630,1.4074,0.0,445.6,15.673,22.9,5.93335,3.18023,5.22222,4.76439,685.371,-9999.0,12.7,43.89
201204271630,201204271700,3.33417,0.0,345.2,15.082,22.31,5.79194,1.16306,5.07308,3.8912,570.01,-9999.0,12.81,44.04
201204271700,201204271730,1.85201,0.0,247.5,15.374,22.32,5.79587,2.64414,5.06841,2.95411,448.655,-9999.0,12.91,42.99
201204271730,201204271800,2.82952,0.0,153.9,15.147,22.01,5.72263,1.61807,4.98758,1.95685,323.381,-9999.0,12.98,42.76
201204271800,201204271830,2.52724,0.0,65.38,14.233,21.49,5.59937,1.84082,4.85797,0.894476,196.333,-9999.0,13.05,44.48
201204271830,201204271900,-9999.0,1.0,16.89,11.346,19.7,5.17788,0.6083,4.43873,0.241656,69.6842,-9999.0,13.11,50.58
201204271900,201204271930,-9999.0,1.0,2.152,7.848,17.3,4.62933,-0.556709,3.90378,0.030966,0.193117,-9999.0,13.15,60.27
201204271930,201204272000,-9999.0,1.0,0.33,6.348,15.84,4.30652,0.442557,3.59101,0.004693,0.0,-9999.0,13.18,64.74
201204272000,201204272030,-9999.0,1.0,0.33,5.592,14.93,4.10998,-0.369154,3.40026,0.004627,0.0,-9999.0,13.2,67.07
201204272030,201204272100,-9999.0,1.0,0.33,4.479,13.95,3.90203,-0.584713,3.2007,0.004561,0.0,-9999.0,13.2,71.9
201204272100,201204272130,-9999.0,1.0,0.33,3.6,13.34,3.77503,-0.688307,3.07773,0.004495,0.0,-9999.0,13.21,76.5
201204272130,201204272200,-9999.0,1.0,0.33,2.874,12.67,3.63729,-0.643288,2.94584,0.004428,0.0,-9999.0,13.2,80.4
201204272200,201204272230,-9999.0,1.0,0.329,2.224,12.05,3.51168,-0.730428,2.82604,0.004349,0.0,-9999.0,13.19,84.2
201204272230,201204272300,-9999.0,1.0,0.33,2.088,11.78,3.45803,-0.67859,2.7724,0.004296,0.0,-9999.0,13.17,84.9
201204272300,201204272330,-9999.0,1.0,0.33,1.792,11.16,3.33492,-0.985337,2.6563,0.004229,0.0,-9999.0,13.15,86.5
201204272330,201204280000,-9999.0,1.0,0.33,1.754,10.84,3.2725,-1.25292,2.59555,0.004163,0.0,-9999.0,13.13,86.5
201204280000,201204280030,-9999.0,1.0,0.33,1.425,10.39,3.18518,-1.05257,2.51289,0.004097,0.0,-9999.0,13.09,88.7
201204280030,201204280100,-9999.0,1.0,0.329,1.379,10.3,3.16849,-1.17936,2.50403,0.004614,0.0,-9999.0,13.06,89.0
201204280100,201204280130,-9999.0,1.0,0.325,1.269,10.19,3.14795,-1.01576,2.49165,0.005081,0.0,-9999.0,13.02,89.8
201204280130,201204280200,-9999.0,1.0,0.319,1.208,10.05,3.12166,-1.01887,2.474,0.0055,0.0,-9999.0,12.99,90.2
201204280200,201204280230,-9999.0,1.0,0.31,1.029,9.61,3.03791,-0.76378,2.40459,0.005844,0.0,-9999.0,12.95,91.4
201204280230,201204280300,-9999.0,1.0,0.307,0.888,9.65,3.04635,-0.806764,2.41789,0.006282,0.0,-9999.0,12.9,92.6
201204280300,201204280330,-9999.0,1.0,0.28,0.935,9.63,3.04331,-0.764195,2.42086,0.006181,0.0,-9999.0,12.86,92.2
201204280330,201204280400,-9999.0,1.0,0.308,0.698,8.94,2.91334,-0.247,2.30922,0.007294,0.0,-9999.0,12.82,93.9
201204280400,201204280430,-9999.0,1.0,0.291,0.545,9.15,2.95364,-0.404939,2.351,0.007361,0.0,-9999.0,12.78,95.3
201204280430,201204280500,-9999.0,1.0,0.399,0.542,9.37,2.99609,-0.64084,2.39501,0.010726,0.0,-9999.0,12.73,95.4
201204280500,201204280530,-9999.0,1.0,9.82,0.548,8.6,2.85204,-0.17334,2.26978,0.260637,13.4439,-9999.0,12.69,95.1
201204280530,201204280600,-9999.0,1.0,63.05,0.35,8.75,2.88075,1.14058,2.30107,1.33911,120.905,-9999.0,12.65,96.9
201204280600,201204280630,-9999.0,1.0,94.2,0.836,10.69,3.25395,2.34536,2.64931,1.87048,247.711,-9999.0,12.61,93.5
201204280630,201204280700,-9999.0,2.0,250.7,2.174,12.39,3.59668,2.7397,2.97624,3.7931,374.118,-9999.0,12.56,84.9
201204280700,201204280730,-9999.0,1.0,359.0,4.156,15.17,4.1856,5.3727,3.54581,4.90814,497.965,-9999.0,12.52,75.9
201204280730,201204280800,-9999.0,1.0,463.9,7.414,18.44,4.91974,6.80149,4.27325,5.88105,617.131,-9999.0,12.49,65.07
201204280800,201204280830,-9999.0,1.0,562.4,9.498,19.9,5.26134,4.60332,4.62474,6.7193,729.578,-9999.0,12.45,59.14
201204280830,201204280900,-5.79885,0.0,652.1,12.24,21.2,5.57193,10.0524,4.94993,7.3003,833.382,-9999.0,12.42,51.4
201204280900,201204280930,-5.76696,0.0,729.0,13.87,21.98,5.76157,10.1315,5.15579,7.76824,926.766,-9999.0,12.41,47.49
201204280930,201204281000,0.976526,0.0,794.0,14.444,22.54,5.89937,3.46708,5.31038,8.18058,1008.13,-9999.0,12.41,47.15
201204281000,201204281030,-0.729649,0.0,850.0,15.508,23.2,6.06279,5.26701,5.49278,8.47925,1076.09,-9999.0,12.41,45.48
201204281030,201204281100,2.9229,0.0,892.0,17.172,24.29,6.33454,1.77129,5.78979,8.63479,1129.48,-9999.0,12.43,43.46
201204281100,201204281130,-9999.0,1.0,919.0,17.905,24.76,6.45371,8.70274,5.92974,8.74905,1167.38,-9999.0,12.47,42.68
201204281130,201204281200,-9999.0,1.0,933.0,19.63,25.51,6.6442,8.22405,6.14612,8.71749,1189.14,-9999.0,12.53,39.9
201204281200,201204281230,-9999.0,1.0,930.0,20.657,26.11,6.79804,6.87968,6.32552,8.63318,1194.4,-9999.0,12.6,38.96
201204281230,201204281300,-9999.0,1.0,915.0,23.543,27.16,7.06821,8.15674,6.63113,8.36157,1183.06,-9999.0,12.69,34.6
201204281300,201204281330,-9999.0,1.0,883.0,23.205,27.5,7.15752,7.75351,6.74464,8.20432,1155.32,-9999.0,12.78,36.81
201204281330,201204281400,-9999.0,1.0,836.0,20.401,26.38,6.87211,9.38026,6.45428,8.1437,1111.66,-9999.0,12.87,40.67
201204281400,201204281430,-9999.0,1.0,781.0,19.362,25.63,6.68316,10.6967,6.26747,7.92551,1052.81,-9999.0,12.97,41.14
201204281430,201204281500,-1.63819,0.0,712.0,18.826,25.24,6.58624,6.44925,6.17914,7.58923,979.786,-9999.0,13.09,41.43
201204281500,201204281530,-1.19042,0.0,632.6,18.514,25.0,6.52741,5.96361,6.13142,7.16561,893.84,-9999.0,13.22,41.57
201204281530,201204281600,2.03884,0.0,542.1,17.071,24.21,6.3309,2.61638,5.93514,6.75257,796.44,-9999.0,13.35,43.52
201204281600,201204281630,-9999.0,1.0,445.5,16.106,23.74,6.2154,6.74772,5.82562,6.22826,689.252,-9999.0,13.48,45.19
201204281630,201204281700,-9999.0,1.0,345.4,16.584,23.89,6.25432,5.52011,5.88211,5.49834,574.111,-9999.0,13.58,44.07
201204281700,201204281730,-9999.0,1.0,244.5,16.912,24.03,6.29084,5.59504,5.93626,4.68081,452.987,-9999.0,13.68,43.44
201204281730,201204281800,-9999.0,1.0,151.5,15.304,23.44,6.1457,6.67122,5.79354,3.87496,327.952,-9999.0,13.75,46.97
201204281800,201204281830,4.82707,0.0,69.11,13.78,22.57,5.93264,-0.423038,5.57705,2.66132,201.146,-9999.0,13.81,49.67
201204281830,201204281900,2.81926,0.0,20.29,10.503,20.87,5.5213,1.33758,5.14745,1.18413,74.7388,-9999.0,13.86,57.44
201204281900,201204281930,3.23017,0.0,1.789,7.806,18.65,4.99777,0.607921,4.60137,0.129369,0.601502,-9999.0,13.9,63.7
201204281930,201204282000,4.43189,0.0,0.33,6.492,17.52,4.73854,-0.746774,4.33812,0.024806,0.0,-9999.0,13.93,67.59
201204282000,201204282030,-9999.0,1.0,0.33,4.832,16.04,4.40588,0.092162,3.99887,0.025337,0.0,-9999.0,13.94,73.5
201204282030,201204282100,-9999.0,1.0,0.33,3.458,14.98,4.17328,-0.351859,3.76546,0.025868,0.0,-9999.0,13.95,79.7
201204282100,201204282130,-9999.0,1.0,0.33,2.646,14.52,4.07438,-0.285609,3.67116,0.026399,0.0,-9999.0,13.95,84.0
201204282130,201204282200,-9999.0,1.0,0.33,2.193,14.24,4.015,-0.505637,3.61769,0.02693,0.0,-9999.0,13.94,86.5
201204282200,201204282230,-9999.0,1.0,0.33,1.929,13.58,3.87731,-0.603652,3.48041,0.027461,0.0,-9999.0,13.92,87.6
201204282230,201204282300,-9999.0,1.0,0.33,1.578,12.48,3.64958,-0.636129,3.25074,0.027992,0.0,-9999.0,13.9,89.1
201204282300,201204282330,-9999.0,1.0,0.33,1.328,12.1,3.57416,-0.697901,3.17807,0.028523,0.0,-9999.0,13.88,90.6
201204282330,201204290000,-9999.0,1.0,0.33,1.025,11.8,3.51565,-0.654485,3.12267,0.029054,0.0,-9999.0,13.85,92.6
201204290000,201204290030,-9999.0,1.0,0.33,0.87,11.53,3.46357,-0.873374,3.07379,0.029585,0.0,-9999.0,13.82,93.6
201204290030,201204290100,-9999.0,1.0,0.33,0.778,11.59,3.47881,-0.898441,3.09381,0.030116,0.0,-9999.0,13.79,94.3
201204290100,201204290130,-9999.0,1.0,0.33,0.51,11.32,3.42687,-1.00875,3.04489,0.030647,0.0,-9999.0,13.75,96.2
201204290130,201204290200,-9999.0,1.0,0.33,0.33,11.07,3.37924,-0.969082,3.0003,0.031178,0.0,-9999.0,13.71,97.5
201204290200,201204290230,-9999.0,1.0,0.33,0.199,11.19,3.40643,-0.916293,3.03245,0.031709,0.0,-9999.0,13.67,98.5
201204290230,201204290300,-9999.0,1.0,0.33,0.286,10.83,3.33672,-1.19527,2.96499,0.03224,0.0,-9999.0,13.63,97.8
201204290300,201204290330,-9999.0,1.0,0.33,0.285,10.15,3.20402,-1.00812,2.83304,0.032771,0.0,-9999.0,13.59,97.7
201204290330,201204290400,-9999.0,1.0,0.33,0.176,10.34,3.24446,-1.01167,2.87835,0.033302,0.0,-9999.0,13.55,98.6
201204290400,201204290430,-9999.0,1.0,0.329,0.218,10.66,3.31119,-1.03826,2.95096,0.033731,0.0,-9999.0,13.5,98.3
201204290430,201204290500,-9999.0,1.0,0.516,0.275,10.25,3.23216,-1.08442,2.87354,0.053608,0.0,-9999.0,13.46,97.8
201204290500,201204290530,-9999.0,1.0,11.36,0.137,10.21,3.22699,-1.15406,2.8721,1.05609,15.9079,-9999.0,13.42,98.9
201204290530,201204290600,-9999.0,1.0,62.74,0.0,11.28,3.44541,-0.904632,3.10254,3.83021,125.801,-9999.0,13.37,100.0
201204290600,201204290630,-9999.0,2.0,96.6,0.67,11.6,3.51403,1.74463,3.17856,4.88484,252.364,-9999.0,13.33,95.1
201204290630,201204290700,-9999.0,1.0,246.0,1.3,12.79,3.76583,3.3653,3.44865,7.19689,378.53,-9999.0,13.29,91.2
201204290700,201204290730,-5.84815,0.0,354.1,3.416,16.58,4.60518,9.54517,4.36052,8.14358,502.139,-9999.0,13.25,81.9
201204290730,201204290800,-4.02912,0.0,461.0,7.117,19.84,5.37591,8.21298,5.22512,8.85335,621.077,-9999.0,13.21,69.27
201204290800,201204290830,-2.82341,0.0,563.5,8.883,21.49,5.78349,7.26133,5.69592,9.41167,733.308,-9999.0,13.17,65.35
201204290830,201204290900,-4.50744,0.0,654.2,11.031,23.27,6.23339,9.22169,6.22266,9.60987,836.913,-9999.0,13.14,61.38
201204290900,201204290930,-6.45844,0.0,693.0,14.464,24.82,6.63415,11.4164,6.69974,9.05393,930.118,-9999.0,13.12,53.86
201204290930,201204291000,-7.24598,0.0,804.0,16.807,25.79,6.89086,12.3606,7.01262,8.94364,1011.33,-9999.0,13.12,49.39
201204291000,201204291030,-0.801308,0.0,849.0,18.769,26.73,7.14253,6.06876,7.32244,8.69095,1079.16,-9999.0,13.13,46.53
201204291030,201204291100,-1.43641,0.0,893.0,20.381,27.73,7.41269,6.86663,7.65725,8.49633,1132.44,-9999.0,13.15,45.24
201204291100,201204291130,-4.39452,0.0,915.0,19.108,27.67,7.40308,9.82457,7.65784,8.79851,1170.27,-9999.0,13.19,48.48
201204291130,201204291200,-2.27407,0.0,925.0,17.35,26.48,7.09505,7.52941,7.30021,9.19075,1191.99,-9999.0,13.25,49.84
201204291200,201204291230,-3.69325,0.0,916.0,19.14,26.67,7.15108,8.98671,7.37877,8.80032,1197.24,-9999.0,13.33,45.28
201204291230,201204291300,-2.68589,0.0,921.0,20.933,27.21,7.29987,8.07182,7.56939,8.44923,1185.93,-9999.0,13.42,42.02
201204291300,201204291330,-9999.0,1.0,807.0,20.529,26.96,7.23986,9.37971,7.50869,8.28759,1158.24,-9999.0,13.51,42.3
201204291330,201204291400,-9999.0,2.0,721.0,21.261,27.57,7.40795,12.293,7.72391,7.95614,1114.65,-9999.0,13.61,42.34
201204291400,201204291430,-9999.0,2.0,693.7,19.772,26.97,7.25479,12.9249,7.54997,8.20464,1055.92,-9999.0,13.68,44.46
201204291430,201204291500,-9999.0,2.0,573.4,17.611,25.89,6.97591,10.1348,7.22414,8.36995,983.037,-9999.0,13.77,47.28
201204291500,201204291530,-0.835161,0.0,623.7,17.034,25.54,6.89,6.00522,7.1314,8.66495,897.255,-9999.0,13.9,47.94
201204291530,201204291600,-9999.0,2.0,497.5,18.639,26.21,7.072,5.63177,7.36244,7.99524,800.042,-9999.0,14.03,45.25
201204291600,201204291630,-9999.0,1.0,316.2,18.867,25.95,7.00941,6.17014,7.29753,7.30155,693.059,-9999.0,14.14,43.72
201204291630,201204291700,1.91785,0.0,274.0,18.365,25.76,6.96529,3.31221,7.25487,7.21724,578.139,-9999.0,14.23,44.6
201204291700,201204291730,2.84372,0.0,304.8,20.681,27.1,7.3263,2.60542,7.70672,7.00369,457.247,-9999.0,14.3,42.35
201204291730,201204291800,-9999.0,2.0,137.7,21.139,27.57,7.45819,3.25789,7.88061,5.73668,332.452,-9999.0,14.37,42.67
201204291800,201204291830,-9999.0,2.0,55.23,16.262,25.68,6.96182,0.317928,7.283,4.35935,205.889,-9999.0,14.43,50.71
201204291830,201204291900,-9999.0,2.0,17.26,11.726,23.25,6.33482,0.072768,6.53294,2.08862,79.7238,-9999.0,14.48,58.9
201204291900,201204291930,-9999.0,1.0,1.284,9.2,21.58,5.91501,-0.555837,6.03901,0.191246,1.20979,-9999.0,14.52,64.31
201204291930,201204292000,-9999.0,1.0,0.33,8.27,20.88,5.7443,-0.010048,5.84419,0.050294,0.0,-9999.0,14.55,66.51
201204292000,201204292030,7.52558,0.0,0.33,5.674,19.26,5.3487,-3.25489,5.38431,0.050825,0.0,-9999.0,14.57,74.6
201204292030,201204292100,-9999.0,1.0,0.33,3.93,18.03,5.05531,-1.38207,5.04772,0.051356,0.0,-9999.0,14.58,81.0
201204292100,201204292130,-9999.0,1.0,0.33,3.055,17.68,4.97578,-1.47595,4.96168,0.051887,0.0,-9999.0,14.58,84.9
201204292130,201204292200,-9999.0,1.0,0.33,2.371,16.91,4.79721,-1.55484,4.76048,0.052418,0.0,-9999.0,14.58,87.7
201204292200,201204292230,-9999.0,1.0,0.33,1.976,16.24,4.64406,-0.398436,4.58927,0.052949,0.0,-9999.0,14.57,89.3
201204292230,201204292300,-9999.0,1.0,0.33,1.303,15.71,4.52486,-0.332752,4.45757,0.05348,0.0,-9999.0,14.56,92.7
201204292300,201204292330,-9999.0,1.0,0.33,0.958,15.32,4.43876,-0.567523,4.3641,0.054011,0.0,-9999.0,14.54,94.5
201204292330,201204300000,-9999.0,1.0,0.33,0.935,14.94,4.35546,-0.501613,4.27385,0.054542,0.0,-9999.0,14.52,94.5
201204300000,201204300030,-9999.0,1.0,0.33,0.808,14.47,4.25229,-0.485539,4.16083,0.055073,0.0,-9999.0,14.5,95.1
201204300030,201204300100,-9999.0,1.0,0.33,0.774,14.13,4.17913,-0.719082,4.07894,0.05503,0.0,-9999.0,14.47,95.2
201204300100,201204300130,8.17858,0.0,0.33,0.633,13.47,4.03513,-4.73061,3.91716,0.054988,0.0,-9999.0,14.44,95.9
201204300130,201204300200,-9999.0,1.0,0.33,0.911,14.54,4.2788,-0.625305,4.19618,0.054946,0.0,-9999.0,14.41,94.5
201204300200,201204300230,-9999.0,1.0,0.33,2.749,15.11,4.41262,-0.770601,4.35092,0.054904,0.0,-9999.0,14.38,84.0
201204300230,201204300300,-9999.0,1.0,0.33,2.582,14.24,4.21788,-1.10012,4.13022,0.054862,0.0,-9999.0,14.34,84.1
201204300300,201204300330,-9999.0,1.0,0.33,2.655,13.73,4.1066,-1.14373,4.00592,0.054819,0.0,-9999.0,14.31,83.1
201204300330,201204300400,-9999.0,1.0,0.33,3.1,14.23,4.22261,-1.0643,4.13916,0.054777,0.0,-9999.0,14.28,80.9
201204300400,201204300430,-9999.0,1.0,0.328,3.179,14.3,4.24198,-0.978732,4.16291,0.054404,0.0,-9999.0,14.24,80.5
201204300430,201204300500,-9999.0,1.0,1.3,2.711,13.96,4.16855,-1.08297,4.08166,0.212776,0.0,-9999.0,14.2,83.0
201204300500,201204300530,-9999.0,1.0,14.47,3.317,14.8,4.36321,-0.40894,4.30386,2.02507,18.5397,-9999.0,14.16,80.3
201204300530,201204300600,-9999.0,1.0,59.43,3.326,14.76,4.35763,3.95664,4.29915,5.57218,130.627,-9999.0,14.12,80.2
201204300600,201204300630,-9999.0,1.0,123.8,3.832,15.61,4.55814,6.53782,4.52867,7.88739,256.946,-9999.0,14.09,78.4
201204300630,201204300700,2.36089,0.0,196.0,5.401,16.98,4.88618,1.69307,4.90555,9.18887,382.869,-9999.0,14.05,72.1
201204300700,201204300730,-9999.0,1.0,251.9,7.531,18.77,5.3259,5.62868,5.41489,9.80713,506.24,-9999.0,14.01,65.24
201204300730,201204300800,-9999.0,1.0,306.0,9.051,20.15,5.67489,5.8889,5.82233,10.236,624.949,-9999.0,13.98,61.66
201204300800,201204300830,-9999.0,1.0,261.9,10.116,20.56,5.78337,7.43137,5.9489,9.87633,736.964,-9999.0,13.95,58.22
201204300830,201204300900,-9999.0,1.0,450.2,10.554,21.06,5.91562,5.84438,6.10335,10.8078,840.369,-9999.0,13.94,57.73
201204300900,201204300930,-9999.0,1.0,609.0,13.257,22.21,6.21719,8.91183,6.45749,10.5062,933.395,-9999.0,13.93,50.51
201204300930,201204301000,-2.91225,0.0,595.1,16.106,22.86,6.39205,7.95599,6.66252,9.78061,1014.45,-9999.0,13.93,42.2
201204301000,201204301030,-9999.0,1.0,332.9,15.423,22.09,6.19617,6.04466,6.42947,9.22067,1082.15,-9999.0,13.94,42.0
201204301030,201204301100,-9999.0,1.0,275.8,13.389,21.25,5.98388,7.26423,6.1791,9.32526,1135.33,-9999.0,13.95,47.0
201204301100,201204301130,-1.30257,0.0,306.7,13.222,21.4,6.02745,6.12984,6.22889,9.5681,1173.08,-9999.0,13.98,48.14
201204301130,201204301200,-3.21344,0.0,243.3,11.932,20.95,5.9165,7.97438,6.09849,9.37098,1194.76,-9999.0,14.01,51.89
201204301200,201204301230,-6.3046,0.0,253.6,10.624,20.72,5.86233,11.0352,6.03471,9.72563,1200.0,-9999.0,14.03,56.55
201204301230,201204301300,-2.6946,0.0,236.1,9.529,20.37,5.77761,7.37507,5.93591,9.68354,1188.71,-9999.0,14.06,60.18
201204301300,201204301330,-5.15424,0.0,231.5,9.453,20.42,5.79509,9.85011,5.95548,9.63818,1161.08,-9999.0,14.09,60.62
201204301330,201204301400,-3.80203,0.0,172.9,9.493,20.58,5.84077,8.53143,6.00753,8.87587,1117.58,-9999.0,14.11,60.84
201204301400,201204301430,-9999.0,1.0,197.6,8.694,20.33,5.78152,6.01687,5.93866,9.23972,1058.95,-9999.0,14.14,63.58
201204301430,201204301500,-9999.0,1.0,164.3,9.035,20.42,5.80926,6.66861,5.96996,8.7354,986.212,-9999.0,14.15,62.36
201204301500,201204301530,-2.03171,0.0,156.7,8.29,20.26,5.77302,6.73002,5.92782,8.60105,900.596,-9999.0,14.17,65.12
201204301530,201204301600,-1.36803,0.0,128.6,7.98,20.34,5.7982,6.08673,5.95613,8.01372,803.569,-9999.0,14.19,66.59
201204301600,201204301630,-9999.0,1.0,68.28,5.914,19.8,5.66495,1.75977,5.80355,5.99345,696.793,-9999.0,14.21,74.4
201204301630,201204301700,-9999.0,1.0,53.17,5.378,19.11,5.49469,2.06996,5.60995,5.19823,582.094,-9999.0,14.23,75.7
201204301700,201204301730,-1.66922,0.0,37.68,4.87,18.97,5.46386,6.18274,5.57513,4.16987,461.435,-9999.0,14.24,77.8
201204301730,201204301800,1.43211,0.0,24.96,4.436,18.75,5.41295,3.05195,5.51781,3.09734,336.88,-9999.0,14.25,79.5
201204301800,201204301830,1.90148,0.0,24.86,3.999,18.39,5.32711,2.52997,5.42145,3.08645,210.56,-9999.0,14.26,81.1
201204301830,201204301900,2.4547,0.0,10.8,3.6,17.76,5.17464,1.87966,5.25097,1.54846,84.6379,-9999.0,14.27,82.3
201204301900,201204301930,4.25934,0.0,3.329,3.369,17.35,5.07758,0.014143,5.1433,0.519896,2.01177,-9999.0,14.27,83.0
201204301930,201204302000,-9999.0,1.0,0.312,3.338,16.93,4.97861,-0.734375,5.03406,0.050523,0.0,-9999.0,14.28,82.7
201204302000,201204302030,-9999.0,1.0,0.181,3.773,16.73,4.93377,-0.631355,4.98534,0.029334,0.0,-9999.0,14.27,80.2
201204302030,201204302100,-9999.0,1.0,0.32,3.222,16.28,4.82836,-0.250585,4.86987,0.051731,0.0,-9999.0,14.27,82.6
201204302100,201204302130,-9999.0,1.0,0.33,2.406,15.57,4.66132,-0.53472,4.68719,0.053299,0.0,-9999.0,14.26,86.4
201204302130,201204302200,-9999.0,1.0,0.33,1.851,14.79,4.47977,-0.570442,4.48977,0.053257,0.0,-9999.0,14.26,89.0
201204302200,201204302230,-9999.0,1.0,0.33,1.54,14.37,4.38468,-0.70553,4.38779,0.053214,0.0,-9999.0,14.25,90.6
201204302230,201204302300,-9999.0,1.0,0.33,1.284,13.87,4.27171,-1.0044,4.26685,0.053172,0.0,-9999.0,14.23,91.9
201204302300,201204302330,-9999.0,1.0,0.33,0.77,13.11,4.10025,-0.915949,4.08324,0.05313,0.0,-9999.0,14.22,94.9
201204302330,201205010000,-9999.0,1.0,0.33,0.317,13.12,4.10583,-0.916542,4.09153,0.053088,0.0,-9999.0,14.2,97.9
201205010000,201205010030,-9999.0,1.0,0.33,0.346,12.43,3.95255,-1.10793,3.92872,0.053046,0.0,-9999.0,14.18,97.6
201205010030,201205010100,-9999.0,1.0,0.33,0.171,12.25,3.91524,-1.21437,3.89111,0.053003,0.0,-9999.0,14.16,98.8
201205010100,201205010130,-9999.0,1.0,0.33,0.209,11.92,3.84453,-1.07851,3.81785,0.052961,0.0,-9999.0,14.13,98.5
201205010130,201205010200,-9999.0,1.0,0.33,0.204,11.52,3.7588,-1.37053,3.72881,0.052919,0.0,-9999.0,14.11,98.5
201205010200,201205010230,-9999.0,1.0,0.33,0.206,11.68,3.79725,-1.24173,3.77249,0.052877,0.0,-9999.0,14.08,98.5
201205010230,201205010300,-9999.0,1.0,0.33,0.358,11.73,3.8114,-1.18761,3.7902,0.052834,0.0,-9999.0,14.05,97.4
201205010300,201205010330,-9999.0,1.0,0.179,0.451,11.59,3.78333,-1.26121,3.7629,0.028689,0.0,-9999.0,14.01,96.7
201205010330,201205010400,-9999.0,1.0,0.134,0.692,13.07,4.12066,-0.814943,4.12577,0.021471,0.0,-9999.0,13.98,95.4
201205010400,201205010430,-1.01343,0.0,0.276,1.294,13.99,4.33752,4.84346,4.3606,0.044112,0.0,-9999.0,13.95,91.9
201205010430,201205010500,-0.1462,0.0,0.33,1.342,14.17,4.38328,4.01146,4.41179,0.052665,0.0,-9999.0,13.91,91.7
201205010500,201205010530,1.44046,0.0,3.249,1.381,14.25,4.40564,2.44367,4.4378,0.500361,21.3552,-9999.0,13.88,91.5
201205010530,201205010600,0.456526,0.0,40.29,1.384,14.28,4.41622,3.43824,4.45115,4.32606,135.38,-9999.0,13.85,91.5
201205010600,201205010630,-3.38431,0.0,48.81,2.119,15.03,4.59849,7.40935,4.6486,4.89922,261.455,-9999.0,13.82,87.6
201205010630,201205010700,-4.97119,0.0,76.1,2.44,15.56,4.73016,9.09075,4.79172,6.32385,387.134,-9999.0,13.8,86.2
201205010700,201205010730,-6.8994,0.0,109.3,2.774,16.26,4.90509,11.1428,4.98129,7.51271,510.267,-9999.0,13.78,85.0
201205010730,201205010800,-10.5826,0.0,163.7,3.226,17.04,5.10243,14.9644,5.19496,8.7714,628.747,-9999.0,13.75,83.4
201205010800,201205010830,-9.5838,0.0,179.2,4.082,17.74,5.28246,14.0915,5.3899,9.03616,740.546,-9999.0,13.74,79.9
201205010830,201205010900,-6.92433,0.0,145.4,5.119,18.19,5.40094,11.5158,5.51837,8.41684,843.751,-9999.0,13.73,75.5
201205010900,201205010930,-9999.0,1.0,255.0,5.699,18.59,5.50759,7.26033,5.63389,9.98245,936.598,-9999.0,13.72,73.4
201205010930,201205011000,-9999.0,1.0,392.9,7.832,19.44,5.73181,10.4886,5.87589,10.933,1017.5,-9999.0,13.73,65.33
201205011000,201205011030,-3.37818,0.0,258.7,9.681,20.68,6.06232,8.42245,6.23243,10.0235,1085.06,-9999.0,13.73,60.31
201205011030,201205011100,-5.72801,0.0,307.8,10.191,20.84,6.10961,10.8076,6.28303,10.4097,1138.14,-9999.0,13.74,58.63
201205011100,201205011130,-5.09984,0.0,257.2,9.229,20.41,6.00029,10.1113,6.16493,10.015,1175.82,-9999.0,13.76,61.53
201205011130,201205011200,-9999.0,1.0,369.7,8.058,20.43,6.01031,10.9196,6.17544,10.8299,1197.46,-9999.0,13.78,66.45
201205011200,201205011230,-9999.0,1.0,373.2,9.549,20.82,6.11871,11.5847,6.29149,10.8528,1202.69,-9999.0,13.8,61.19
201205011230,201205011300,5.16224,0.0,182.5,9.015,20.64,6.07556,-0.088625,6.24484,9.10375,1191.42,-9999.0,13.83,62.95
201205011300,201205011330,1.87539,0.0,284.9,8.209,20.63,6.07766,3.20373,6.24677,10.2733,1163.84,-9999.0,13.86,66.24
201205011330,201205011400,-9999.0,1.0,295.1,9.7,21.33,6.26986,10.1654,6.45177,10.3584,1120.42,-9999.0,13.89,61.79
201205011400,201205011430,-9999.0,1.0,349.7,10.72,22.28,6.53212,9.89303,6.73125,10.651,1061.91,-9999.0,13.92,60.15
201205011430,201205011500,-6.83719,0.0,511.0,11.875,22.96,6.72347,12.353,6.93445,11.2024,989.313,-9999.0,13.95,57.64
201205011500,201205011530,-0.387438,0.0,283.3,12.391,23.19,6.79211,5.95236,7.00621,10.027,903.861,-9999.0,13.98,56.41
201205011530,201205011600,-3.26786,0.0,253.0,11.849,22.83,6.69821,8.7761,6.90467,9.82201,807.022,-9999.0,14.01,57.4
201205011600,201205011630,-7.10685,0.0,133.8,11.19,22.79,6.69244,12.6157,6.89717,8.09422,700.452,-9999.0,14.05,59.67
201205011630,201205011700,-0.731767,0.0,380.2,11.113,22.96,6.74451,6.27904,6.95106,10.8043,585.975,-9999.0,14.09,60.36
201205011700,201205011730,-9999.0,1.0,244.1,13.878,23.97,7.03026,7.39591,7.25237,9.57551,465.549,-9999.0,14.13,53.42
201205011730,201205011800,-9999.0,1.0,158.5,13.398,23.41,6.8797,7.78289,7.09115,8.47245,341.235,-9999.0,14.16,53.49
201205011800,201205011830,-9999.0,1.0,72.8,11.864,22.65,6.67474,1.83771,6.87327,6.0974,215.159,-9999.0,14.19,56.88
201205011830,201205011900,-9999.0,1.0,21.27,7.479,20.35,6.05506,1.95987,6.22047,2.66751,89.4798,-9999.0,14.23,68.71
201205011900,201205011930,-9999.0,1.0,2.566,4.124,17.98,5.43621,-0.523895,5.57231,0.389847,3.02382,-9999.0,14.26,80.0
201205011930,201205012000,-9999.0,1.0,0.33,2.478,16.38,5.03235,-0.524312,5.15174,0.051399,0.0,-9999.0,14.28,86.7
201205012000,201205012030,-9999.0,1.0,0.33,1.774,15.61,4.84378,-0.823025,4.95691,0.051356,0.0,-9999.0,14.29,90.0
201205012030,201205012100,-9999.0,1.0,0.33,1.164,15.06,4.71164,-0.540671,4.82132,0.051314,0.0,-9999.0,14.3,93.2
201205012100,201205012130,-9999.0,1.0,0.33,0.938,14.99,4.69808,-0.523974,4.80915,0.051272,0.0,-9999.0,14.3,94.5
201205012130,201205012200,-9999.0,1.0,0.33,0.818,14.35,4.54538,-0.722245,4.65283,0.05123,0.0,-9999.0,14.3,95.0
201205012200,201205012230,-9999.0,1.0,0.33,0.499,14.1,4.48832,-0.693548,4.59589,0.051187,0.0,-9999.0,14.29,96.9
201205012230,201205012300,-9999.0,1.0,0.33,0.601,14.23,4.52328,-0.682336,4.6342,0.051145,0.0,-9999.0,14.28,96.3
201205012300,201205012330,-9999.0,1.0,0.33,0.564,14.12,4.50011,-0.678778,4.61242,0.051103,0.0,-9999.0,14.26,96.5
201205012330,201205020000,-9999.0,1.0,0.33,0.706,14.41,4.57407,-0.575523,4.6909,0.051061,0.0,-9999.0,14.25,95.7
201205020000,201205020030,-9999.0,1.0,0.329,0.804,14.4,4.57516,-0.571541,4.69413,0.050864,0.0,-9999.0,14.24,95.1
201205020030,201205020100,-9999.0,1.0,0.33,0.708,14.1,4.50568,-0.665296,4.62116,0.050735,0.0,-9999.0,14.22,95.6
201205020100,201205020130,-9999.0,1.0,0.33,0.543,13.99,4.48248,-0.678823,4.59628,0.050452,0.0,-9999.0,14.19,96.6
201205020130,201205020200,-9999.0,1.0,0.33,0.447,13.96,4.47865,-0.678432,4.59134,0.050169,0.0,-9999.0,14.17,97.2
201205020200,201205020230,-9999.0,1.0,0.328,0.491,14.37,4.58193,-0.533962,4.6937,0.049584,0.0,-9999.0,14.15,97.0
201205020230,201205020300,-9999.0,1.0,0.329,0.257,14.09,4.51713,-0.661207,4.6276,0.049453,0.0,-9999.0,14.13,98.4
201205020300,201205020330,-9999.0,1.0,0.329,0.0,13.9,4.47443,-0.688848,4.5843,0.04917,0.0,-9999.0,14.12,100.0
201205020330,201205020400,-9999.0,1.0,0.33,2.864,13.81,4.45604,-0.834735,4.56546,0.049036,0.0,-9999.0,14.1,81.8644
201205020400,201205020430,-9999.0,1.0,0.277,3.161,13.68,4.42798,-0.840321,4.53756,0.040947,0.0,-9999.0,14.07,79.8169
201205020430,201205020500,-9999.0,1.0,0.306,3.883,13.91,4.48717,-0.806005,4.59424,0.044957,0.0,-9999.0,14.05,75.5773
201205020500,201205020530,-9999.0,1.0,3.222,0.032,14.01,4.51496,-0.465868,4.62007,0.455883,24.3306,-9999.0,14.03,99.8
201205020530,201205020600,-6.73901,0.0,31.16,0.129,14.18,4.55997,10.8894,4.66188,3.38092,140.059,-9999.0,14.01,99.2
201205020600,201205020630,-4.7736,0.0,122.7,0.302,14.74,4.70148,9.02901,4.79393,7.64526,265.89,-9999.0,13.99,98.2
201205020630,201205020700,-11.8254,0.0,210.9,1.437,15.81,4.97325,16.2781,5.04532,9.3608,391.326,-9999.0,13.97,92.0
201205020700,201205020730,-9999.0,1.0,244.5,2.84,16.63,5.18637,7.83035,5.23813,9.77988,514.221,-9999.0,13.95,85.0
201205020730,201205020800,-9999.0,1.0,458.1,4.644,18.21,5.6025,11.9286,5.6131,11.3471,632.471,-9999.0,13.93,77.8
201205020800,201205020830,-7.34474,0.0,506.9,6.474,19.7,6.00548,12.5273,5.96889,11.5591,744.053,-9999.0,13.92,71.8
201205020830,201205020900,-7.70968,0.0,663.2,8.795,21.36,6.46492,13.2084,6.36801,12.0699,847.059,-9999.0,13.91,65.42
201205020900,201205020930,-8.78249,0.0,719.0,10.387,22.43,6.76866,14.4893,6.62125,12.1866,939.725,-9999.0,13.91,61.74
201205020930,201205021000,-5.54614,0.0,665.2,12.814,23.4,7.04833,11.4436,6.84818,11.8869,1020.47,-9999.0,13.92,55.49
201205021000,201205021030,-5.14223,0.0,864.0,15.423,24.44,7.3517,11.2446,7.09073,12.1227,1087.9,-9999.0,13.94,49.67
201205021030,201205021100,-6.59414,0.0,629.0,16.776,25.09,7.5454,12.8283,7.23415,11.5371,1140.88,-9999.0,13.97,47.34
201205021100,201205021130,-7.51839,0.0,282.3,14.559,24.44,7.36287,13.6372,7.05546,9.86191,1178.49,-9999.0,14.02,52.49
201205021130,201205021200,-9999.0,1.0,78.2,6.741,20.82,6.34465,1.56494,6.17464,5.88053,1200.08,-9999.0,14.07,72.6
201205021200,201205021230,-9999.0,1.0,165.8,4.626,18.29,5.66224,8.88732,5.58657,8.41018,1205.3,-9999.0,14.12,78.0
201205021230,201205021300,-7.84626,0.0,77.0,3.567,17.26,5.39417,12.6381,5.35334,5.78476,1194.05,-9999.0,14.18,81.9
201205021300,201205021330,-3.96125,0.0,93.1,1.356,15.91,5.0482,8.51109,5.05844,6.40098,1166.53,-9999.0,14.23,92.5
201205021330,201205021400,-4.5712,0.0,120.9,0.693,15.63,4.98042,9.07586,4.99832,7.27557,1123.19,-9999.0,14.27,96.1
201205021400,201205021430,-1.16709,0.0,268.2,0.453,15.34,4.91037,5.62472,4.93733,9.88492,1064.8,-9999.0,14.3,97.4
201205021430,201205021500,-3.6316,0.0,270.4,0.463,15.66,4.99561,8.15381,5.00391,9.89866,992.338,-9999.0,14.32,97.4
201205021500,201205021530,-3.85088,0.0,186.8,0.677,15.68,5.00449,8.38279,5.00766,8.70098,907.052,-9999.0,14.33,96.2
201205021530,201205021600,-3.05765,0.0,377.2,1.242,16.53,5.2276,7.75247,5.18225,10.8419,810.401,-9999.0,14.34,93.4
201205021600,201205021630,-2.70079,0.0,415.9,3.937,18.31,5.7019,7.73396,5.55,11.0993,704.037,-9999.0,14.35,81.3
201205021630,201205021700,-2.25279,0.0,261.4,4.925,18.79,5.83549,7.38298,5.64502,9.7492,589.782,-9999.0,14.36,77.3
201205021700,201205021730,1.25221,0.0,125.9,4.687,18.5,5.76158,3.8301,5.57896,7.26753,469.589,-9999.0,14.37,78.0
201205021730,201205021800,3.98714,0.0,62.36,3.197,17.48,5.4932,0.910104,5.36582,4.88548,345.515,-9999.0,14.38,84.0
201205021800,201205021830,1.0086,0.0,54.59,2.199,16.65,5.27865,3.73981,5.1966,4.4583,219.684,-9999.0,14.39,88.4
201205021830,201205021900,10.1238,0.0,31.55,2.554,16.97,5.36661,-5.30927,5.25758,2.98502,94.2483,-9999.0,14.4,86.8
201205021900,201205021930,-9999.0,1.0,3.658,1.646,15.74,5.05012,-0.300168,5.01593,0.432266,4.22275,-9999.0,14.41,90.8
201205021930,201205022000,6.80397,0.0,0.33,1.092,14.53,4.74546,-2.43051,4.78594,0.039974,0.0,-9999.0,14.41,93.4
201205022000,201205022030,5.42512,0.0,0.33,0.883,14.06,4.63109,-1.13235,4.70007,0.039691,0.0,-9999.0,14.41,94.5
201205022030,201205022100,-9999.0,1.0,0.33,0.595,13.68,4.53997,-0.932498,4.6327,0.039408,0.0,-9999.0,14.4,96.2
201205022100,201205022130,-9999.0,1.0,0.33,0.342,12.88,4.34658,-0.711534,4.49138,0.039124,0.0,-9999.0,14.39,97.7
201205022130,201205022200,-9999.0,1.0,0.33,0.213,12.16,4.17554,-1.05825,4.36817,0.038841,0.0,-9999.0,14.38,98.5
201205022200,201205022230,-9999.0,1.0,0.33,0.083,11.71,4.07111,-1.03934,4.2951,0.038558,0.0,-9999.0,14.36,99.4
201205022230,201205022300,-9999.0,1.0,0.33,2.895,11.82,4.10035,-0.858673,4.31989,0.038275,0.0,-9999.0,14.34,79.1161
201205022300,201205022330,-9999.0,1.0,0.329,3.06,12.03,4.15366,-0.99197,4.3615,0.037877,0.0,-9999.0,14.31,78.2348
201205022330,201205030000,-9999.0,1.0,0.33,3.431,12.06,4.16396,-1.02313,4.372,0.037708,0.0,-9999.0,14.28,75.6444
201205030000,201205030030,-9999.0,1.0,0.33,3.356,12.12,4.18149,-1.00707,4.38745,0.037425,0.0,-9999.0,14.25,76.2697
201205030030,201205030100,-9999.0,1.0,0.33,3.182,11.72,4.08868,-1.01212,4.32607,0.037142,0.0,-9999.0,14.21,76.8973
201205030100,201205030130,-9999.0,1.0,0.33,3.072,11.46,4.02981,-1.44636,4.28915,0.036859,0.0,-9999.0,14.18,77.3093
201205030130,201205030200,-9999.0,1.0,0.33,3.373,11.45,4.03042,-1.44315,4.29374,0.036576,0.0,-9999.0,14.14,75.0676
201205030200,201205030230,-9999.0,1.0,0.33,3.825,11.54,4.05483,-1.02606,4.3145,0.036292,0.0,-9999.0,14.11,71.8947
201205030230,201205030300,-9999.0,1.0,0.241,4.167,11.95,4.15604,-0.970491,4.3864,0.026318,0.0,-9999.0,14.08,70.2012
201205030300,201205030330,-9999.0,1.0,0.088,4.604,12.31,4.2462,-0.941162,4.44941,0.009547,0.0,-9999.0,14.05,67.8438
201205030330,201205030400,-9999.0,1.0,0.178,3.197,11.73,4.10931,-0.982631,4.36273,0.019143,0.0,-9999.0,14.01,76.8058
201205030400,201205030430,4.8616,0.0,0.33,3.014,10.83,3.8987,-1.07371,4.22871,0.03516,0.0,-9999.0,13.98,76.7849
201205030430,201205030500,-9999.0,1.0,0.665,3.048,10.46,3.81505,-1.24733,4.17921,0.070082,0.0,-9999.0,13.94,75.9374
201205030500,201205030530,-9999.0,1.0,12.37,3.263,9.98,3.70675,-1.44757,4.11437,1.17912,27.4507,-9999.0,13.92,73.3989
201205030530,201205030600,-9999.0,2.0,81.2,3.114,10.11,3.73947,2.91229,4.14203,5.20487,144.664,-9999.0,13.88,74.8309
201205030600,201205030630,-9999.0,2.0,93.6,3.048,10.93,3.9338,4.05447,4.27203,5.66278,270.251,-9999.0,13.85,76.6788
201205030630,201205030700,-9999.0,2.0,265.8,4.46,12.93,4.42064,4.61638,4.57729,9.48668,395.444,-9999.0,13.81,70.0956
201205030700,201205030730,-9999.0,1.0,382.4,4.061,13.8,4.64149,9.11137,4.71121,10.7583,518.099,-9999.0,13.78,74.2734
201205030730,201205030800,-9999.0,1.0,487.7,0.733,15.36,5.04531,16.8275,4.94616,11.5428,636.12,-9999.0,13.74,95.8
201205030800,201205030830,-9999.0,1.0,574.0,2.648,16.84,5.44037,13.1546,5.16599,12.0345,747.486,-9999.0,13.71,86.2
201205030830,201205030900,-7.60463,0.0,670.9,4.915,18.07,5.77767,12.8114,5.34508,12.4783,850.292,-9999.0,13.68,76.3
201205030900,201205030930,-9999.0,1.0,691.1,6.346,18.82,5.98861,11.4205,5.45011,12.5666,942.778,-9999.0,13.66,70.8
201205030930,201205031000,-9999.0,1.0,799.0,8.046,19.87,6.28663,14.6031,5.59603,12.9523,1023.36,-9999.0,13.65,65.32
201205031000,201205031030,-9999.0,1.0,692.7,9.328,20.13,6.3647,11.6911,5.6251,12.5903,1090.67,-9999.0,13.65,60.44
201205031030,201205031100,-9999.0,1.0,717.0,10.387,20.51,6.47731,11.1851,5.6701,12.6825,1143.54,-9999.0,13.67,56.97
201205031100,201205031130,-4.64058,0.0,971.0,12.252,21.15,6.66526,10.4921,5.74984,13.3974,1181.08,-9999.0,13.7,51.2
201205031130,201205031200,-6.81004,0.0,963.0,15.084,21.95,6.90153,12.8295,5.84901,13.3255,1202.63,-9999.0,13.73,42.79
201205031200,201205031230,-4.81357,0.0,987.0,16.474,22.81,7.15813,11.0141,5.95304,13.3689,1207.84,-9999.0,13.78,40.7
201205031230,201205031300,-3.49972,0.0,896.0,15.412,23.11,7.25181,9.76875,5.97886,13.1877,1196.61,-9999.0,13.84,45.52
201205031300,201205031330,-2.98906,0.0,959.0,15.037,23.03,7.23347,9.24977,5.95361,13.3773,1169.14,-9999.0,13.9,46.59
201205031330,201205031400,-4.78418,0.0,783.0,15.971,23.39,7.34534,11.1258,5.98541,12.87,1125.89,-9999.0,13.96,44.49
201205031400,201205031430,-5.91863,0.0,807.0,16.554,23.18,7.28841,12.2256,5.94344,12.956,1067.61,-9999.0,14.05,41.73
201205031430,201205031500,-5.35436,0.0,739.0,15.881,23.38,7.35308,11.7099,5.95345,12.747,995.289,-9999.0,14.15,44.77
201205031500,201205031530,-4.22142,0.0,628.9,15.486,23.25,7.3198,10.5584,5.92219,12.2973,910.169,-9999.0,14.25,45.72
201205031530,201205031600,-3.83189,0.0,568.3,15.886,23.34,7.35188,10.1952,5.91795,11.9851,813.705,-9999.0,14.35,44.62
201205031600,201205031630,-3.40485,0.0,469.8,14.988,22.64,7.14974,9.63324,5.81989,11.3673,707.548,-9999.0,14.44,45.49
201205031630,201205031700,-2.72934,0.0,367.1,15.253,22.49,7.11067,8.9349,5.78867,10.4681,593.514,-9999.0,14.52,44.02
201205031700,201205031730,-0.734836,0.0,273.5,15.681,22.49,7.11583,6.94813,5.77522,9.31084,473.554,-9999.0,14.59,42.45
201205031730,201205031800,-9999.0,1.0,187.1,15.631,22.18,7.02963,5.9727,5.72696,7.76403,349.721,-9999.0,14.64,41.54
201205031800,201205031830,-9999.0,1.0,97.9,14.354,21.11,6.72192,4.29289,5.59583,5.26853,224.134,-9999.0,14.68,42.69
201205031830,201205031900,4.10629,0.0,38.38,11.655,19.5,6.26424,1.52102,5.40913,2.58851,98.942,-9999.0,14.72,48.6
201205031900,201205031930,-9999.0,1.0,7.72,8.766,17.5,5.70906,-0.169834,5.18452,0.59909,5.59383,-9999.0,14.74,56.18
201205031930,201205032000,9.81593,0.0,0.33,6.573,15.7,5.22482,-4.93612,4.98635,0.026381,0.0,-9999.0,14.76,63.16
201205032000,201205032030,4.1755,0.0,0.33,5.344,14.53,4.91953,0.479918,4.86019,0.026097,0.0,-9999.0,14.77,67.71
201205032030,201205032100,-9999.0,1.0,0.33,4.656,13.8,4.73372,-0.784221,4.78393,0.025814,0.0,-9999.0,14.76,70.5
201205032100,201205032130,-9999.0,1.0,0.33,4.114,13.2,4.58353,-0.403889,4.72331,0.025531,0.0,-9999.0,14.75,72.9
201205032130,201205032200,-9999.0,1.0,0.33,2.935,11.94,4.27057,-0.777193,4.59486,0.025248,0.0,-9999.0,14.74,79.0
201205032200,201205032230,-9999.0,1.0,0.33,1.988,10.74,3.98078,-0.910178,4.47489,0.024965,0.0,-9999.0,14.72,84.6
201205032230,201205032300,-9999.0,1.0,0.33,1.606,9.97,3.80016,-1.77306,4.40186,0.024681,0.0,-9999.0,14.69,86.9
201205032300,201205032330,-9999.0,1.0,0.33,1.174,9.33,3.65308,0.161221,4.34375,0.024398,0.0,-9999.0,14.66,90.0
201205032330,201205040000,-9999.0,1.0,0.33,0.962,8.79,3.53123,0.591065,4.29714,0.024115,0.0,-9999.0,14.62,91.5
201205040000,201205040030,9.04691,0.0,0.33,0.634,8.52,3.47219,-5.49658,4.27924,0.023832,0.0,-9999.0,14.58,94.3
201205040030,201205040100,-9999.0,1.0,0.33,0.557,8.25,3.41354,1.60095,4.257,0.023781,0.0,-9999.0,14.53,94.9
201205040100,201205040130,-9999.0,1.0,0.33,0.534,7.94,3.34633,-1.84148,4.22928,0.023729,0.0,-9999.0,14.48,95.0
201205040130,201205040200,-9999.0,1.0,0.33,0.428,7.6,3.27302,-0.177965,4.19694,0.023678,0.0,-9999.0,14.42,95.9
201205040200,201205040230,-9999.0,1.0,0.33,0.273,7.15,3.17628,-0.255604,4.15082,0.023627,0.0,-9999.0,14.37,97.3
201205040230,201205040300,-9999.0,1.0,0.33,0.142,7.17,3.18293,-0.247939,4.15644,0.023576,0.0,-9999.0,14.31,98.6
201205040300,201205040330,-9999.0,1.0,0.33,0.156,6.563,3.05347,-0.353522,4.08935,0.023525,0.0,-9999.0,14.25,98.4
201205040330,201205040400,-9999.0,1.0,0.323,0.031,7.58,3.27795,-0.165067,4.21144,0.022976,0.0,-9999.0,14.19,99.7
201205040400,201205040430,-9999.0,1.0,0.329,0.132,7.2,3.19634,-0.230345,4.17017,0.023351,0.0,-9999.0,14.13,98.7
201205040430,201205040500,-9999.0,1.0,0.92,0.153,7.21,3.20082,-0.224471,4.17482,0.064999,0.0,-9999.0,14.07,98.5
201205040500,201205040530,-9999.0,2.0,13.69,0.233,5.977,2.9371,0.858974,4.02569,0.91774,30.7082,-9999.0,14.0,97.5
201205040530,201205040600,-9999.0,2.0,70.7,0.162,5.405,2.81934,1.5089,3.95488,3.88412,149.193,-9999.0,13.94,98.2
201205040600,201205040630,-9999.0,2.0,106.5,0.05,7.03,3.16812,5.85242,4.16226,5.25602,274.536,-9999.0,13.88,99.5
201205040630,201205040700,-9999.0,2.0,261.2,0.101,10.42,3.95193,6.25788,4.60323,8.9994,399.485,-9999.0,13.82,99.2
201205040700,201205040730,-5.45928,0.0,404.3,2.163,13.36,4.69099,10.0071,4.99819,10.908,521.903,-9999.0,13.76,85.9
201205040730,201205040800,-12.509,0.0,507.1,5.247,15.44,5.245,17.4809,5.29159,11.8483,639.694,-9999.0,13.7,70.1
201205040800,201205040830,-9.66515,0.0,606.8,7.624,16.7,5.59348,14.9005,5.48416,12.5558,750.844,-9999.0,13.65,59.91
201205040830,201205040900,-6.16377,0.0,698.5,10.047,17.58,5.84301,11.5869,5.6309,13.085,853.45,-9999.0,13.6,50.03
201205040900,201205040930,-6.07568,0.0,777.0,11.643,18.1,5.99407,11.6132,5.73185,13.4718,945.757,-9999.0,13.56,43.96
201205040930,201205041000,-6.51195,0.0,842.0,13.486,19.14,6.29606,12.2732,5.91004,13.7578,1026.19,-9999.0,13.53,39.18
201205041000,201205041030,-9999.0,1.0,896.0,14.876,20.12,6.58562,15.5419,6.08529,13.9775,1093.36,-9999.0,13.52,36.87
201205041030,201205041100,-9999.0,1.0,941.0,16.44,20.84,6.80245,14.4971,6.2275,14.1516,1146.13,-9999.0,13.52,33.26
201205041100,201205041130,-5.55192,0.0,965.0,17.824,21.65,7.04863,11.8648,6.38755,14.2492,1183.59,-9999.0,13.53,31.15
201205041130,201205041200,-8.18983,0.0,973.0,18.97,22.27,7.24022,14.6424,6.52305,14.294,1205.11,-9999.0,13.56,29.44
201205041200,201205041230,-6.94862,0.0,970.0,20.051,22.67,7.36657,13.4944,6.62761,14.3032,1210.3,-9999.0,13.59,27.21
201205041230,201205041300,-7.74778,0.0,951.0,19.943,22.83,7.42047,14.3357,6.69605,14.259,1199.1,-9999.0,13.64,28.3
201205041300,201205041330,-8.34765,0.0,930.0,19.36,23.07,7.49898,14.9949,6.77856,14.2052,1171.68,-9999.0,13.69,31.4
201205041330,201205041400,-7.1672,0.0,897.0,18.721,23.41,7.6085,13.8956,6.87923,14.1038,1128.51,-9999.0,13.75,35.01
201205041400,201205041430,-6.41574,0.0,814.0,16.899,23.07,7.50955,13.0788,6.86645,13.7873,1070.35,-9999.0,13.82,40.12
201205041430,201205041500,-5.56876,0.0,736.0,15.283,22.42,7.31645,12.0997,6.79806,13.4381,998.166,-9999.0,13.92,43.67
201205041500,201205041530,-5.21173,0.0,656.0,15.051,22.46,7.33377,11.759,6.84706,13.0132,913.211,-9999.0,14.01,44.66
201205041530,201205041600,-4.02478,0.0,566.8,14.725,22.27,7.28113,10.5388,6.85518,12.4368,816.934,-9999.0,14.11,45.23
201205041600,201205041630,-4.49336,0.0,469.2,14.905,22.0,7.20428,10.9568,6.84764,11.641,710.983,-9999.0,14.19,43.64
201205041630,201205041700,-2.96978,0.0,370.1,14.711,21.56,7.07627,9.34599,6.80715,10.5827,597.171,-9999.0,14.27,42.86
201205041700,201205041730,1.91914,0.0,269.9,13.798,20.85,6.86799,4.31166,6.71365,9.12157,477.444,-9999.0,14.33,44.02
201205041730,201205041800,-9999.0,1.0,174.9,13.541,20.48,6.76241,7.22666,6.68073,7.14278,353.852,-9999.0,14.38,43.8
201205041800,201205041830,-9999.0,1.0,85.3,11.952,19.84,6.5774,3.33804,6.59387,4.33877,228.509,-9999.0,14.43,48.39
201205041830,201205041900,3.20262,0.0,21.89,8.855,18.27,6.12375,2.4971,6.32341,1.34877,103.56,-9999.0,14.46,57.83
201205041900,201205041930,5.31583,0.0,5.05,5.968,16.29,5.56601,-0.028488,5.96723,0.329238,7.13007,-9999.0,14.48,67.79
201205041930,201205042000,-9999.0,1.0,0.343,3.986,14.52,5.0838,-0.441557,5.64631,0.022693,0.0,-9999.0,14.49,75.9
201205042000,201205042030,-9999.0,1.0,0.33,2.933,13.46,4.80408,-0.260388,5.45899,0.021783,0.0,-9999.0,14.5,81.0
201205042030,201205042100,-9999.0,1.0,0.33,2.326,12.73,4.61288,-0.316757,5.33288,0.021732,0.0,-9999.0,14.49,84.2
201205042100,201205042130,-9999.0,1.0,0.33,1.608,11.95,4.41197,-0.206708,5.19445,0.02168,0.0,-9999.0,14.48,88.5
201205042130,201205042200,-9999.0,1.0,0.33,1.191,11.28,4.24231,-0.501333,5.07534,0.021629,0.0,-9999.0,14.47,91.1
201205042200,201205042230,-9999.0,1.0,0.33,0.814,9.83,3.8844,-1.13846,4.80047,0.021578,0.0,-9999.0,14.45,93.3
201205042230,201205042300,-9999.0,1.0,0.33,0.681,8.83,3.64546,0.247133,4.61236,0.021527,0.0,-9999.0,14.42,94.0
201205042300,201205042330,-9999.0,1.0,0.33,0.538,8.04,3.4614,0.74929,4.46382,0.021475,0.0,-9999.0,14.39,95.0
201205042330,201205050000,-9999.0,1.0,0.33,0.24,8.22,3.50315,0.788376,4.50448,0.021424,0.0,-9999.0,14.36,97.8
201205050000,201205050030,-9999.0,1.0,0.33,0.149,7.92,3.43408,0.73456,4.45009,0.021373,0.0,-9999.0,14.32,98.6
201205050030,201205050100,-9999.0,1.0,0.33,0.163,7.21,3.27286,-0.062349,4.31307,0.021322,0.0,-9999.0,14.27,98.4
201205050100,201205050130,-9999.0,1.0,0.33,0.071,7.2,3.27075,-0.060209,4.31452,0.02127,0.0,-9999.0,14.22,99.3
201205050130,201205050200,-9999.0,1.0,0.33,0.01,7.48,3.3341,-0.00239,4.37478,0.021219,0.0,-9999.0,14.17,99.9
201205050200,201205050230,-9999.0,1.0,0.33,0.097,6.556,3.12774,-0.174942,4.19054,0.021168,0.0,-9999.0,14.11,99.0
201205050230,201205050300,-9999.0,1.0,0.33,0.047,6.029,3.01281,-0.270627,4.08587,0.021117,0.0,-9999.0,14.06,99.5
201205050300,201205050330,-1.90196,0.0,0.33,0.072,5.398,2.87781,5.0895,3.95944,0.021066,0.0,-9999.0,14.0,99.2
201205050330,201205050400,-9999.0,2.0,0.33,0.035,4.923,2.77814,2.00066,3.86372,0.021014,0.0,-9999.0,13.94,99.6
201205050400,201205050430,-9999.0,2.0,0.33,0.0,5.01,2.79641,2.0203,3.88066,0.020963,0.0,-9999.0,13.88,100.0
201205050430,201205050500,-9999.0,2.0,1.206,0.0,4.6,2.71146,1.01452,3.79662,0.0762,0.0,-9999.0,13.82,100.0
201205050500,201205050530,-9999.0,2.0,25.75,0.0,4.316,2.65339,1.25937,3.73753,1.50113,34.0953,-9999.0,13.77,100.0
201205050530,201205050600,-9999.0,1.0,97.9,5.038,4.557,2.70284,5.48091,3.78529,4.67941,153.645,-9999.0,13.71,-9999.0
201205050600,201205050630,-7.39679,0.0,106.4,5.006,5.513,2.90297,10.6196,3.98456,4.976,278.745,-9999.0,13.64,-9999.0
201205050630,201205050700,-9.44007,0.0,245.7,0.0,7.92,3.43598,13.1255,4.5131,8.63106,403.451,-9999.0,13.58,100.0
201205050700,201205050730,-7.66507,0.0,391.6,0.304,9.83,3.88738,11.7314,4.95917,10.943,525.631,-9999.0,13.52,97.5
201205050730,201205050800,-9.55733,0.0,507.0,3.32,12.7,4.6094,14.2139,5.66522,12.2109,643.194,-9999.0,13.46,77.4
201205050800,201205050830,-3.53459,0.0,605.5,7.448,15.13,5.25851,8.70638,6.30064,13.0556,754.127,-9999.0,13.4,56.7
201205050830,201205050900,-8.09788,0.0,693.3,10.708,17.51,5.92465,13.7853,6.95448,13.6803,856.534,-9999.0,13.36,46.51
201205050900,201205050930,-9.29357,0.0,780.0,13.398,18.93,6.33531,15.2942,7.37158,14.2074,948.662,-9999.0,13.31,38.78
201205050930,201205051000,-9.23516,0.0,844.0,15.242,19.95,6.63602,15.4635,7.68933,14.5553,1028.93,-9999.0,13.29,34.63
201205051000,201205051030,-8.70797,0.0,897.0,16.409,20.56,6.81812,15.0744,7.89812,14.8225,1095.98,-9999.0,13.28,32.23
201205051030,201205051100,-7.37746,0.0,931.0,16.383,20.94,6.93246,13.8315,8.04463,14.9906,1148.64,-9999.0,13.28,33.9
201205051100,201205051130,-9.78059,0.0,954.0,15.786,21.03,6.95985,16.2578,8.10857,15.1066,1186.03,-9999.0,13.29,36.66
201205051130,201205051200,-11.335,0.0,965.0,16.023,21.26,7.02956,17.8667,8.21461,15.171,1207.51,-9999.0,13.32,36.61
201205051200,201205051230,-10.7302,0.0,962.0,16.254,21.37,7.06313,17.2897,8.28611,15.1773,1212.7,-9999.0,13.36,36.13
201205051230,201205051300,-8.73388,0.0,947.0,16.592,21.45,7.08766,15.3145,8.34919,15.1326,1201.51,-9999.0,13.4,35.12
201205051300,201205051330,-9.81081,0.0,918.0,16.707,21.48,7.09705,16.4015,8.39744,15.0236,1174.14,-9999.0,13.46,34.79
201205051330,201205051400,-8.92154,0.0,873.0,16.494,21.49,7.10039,15.5177,8.43968,14.831,1131.06,-9999.0,13.52,35.66
201205051400,201205051430,-7.46089,0.0,813.0,15.121,21.29,7.04012,14.0157,8.41643,14.5407,1073.01,-9999.0,13.59,40.29
201205051430,201205051500,-9.24769,0.0,742.0,13.42,20.84,6.90474,15.7054,8.31365,14.1479,1000.97,-9999.0,13.68,45.52
201205051500,201205051530,-3.54046,0.0,661.3,12.967,20.84,6.90503,10.0014,8.3509,13.6265,916.179,-9999.0,13.78,47.36
201205051530,201205051600,-5.88393,0.0,573.3,12.968,20.66,6.85128,12.308,8.33072,12.9465,820.089,-9999.0,13.87,46.77
201205051600,201205051630,-2.28588,0.0,477.4,11.974,20.25,6.72896,8.62178,8.23581,12.0329,714.344,-9999.0,13.95,49.59
201205051630,201205051700,-3.04923,0.0,376.0,10.757,19.85,6.6103,9.2993,8.1423,10.7977,600.753,-9999.0,14.01,53.58
201205051700,201205051730,-1.07102,0.0,273.6,10.155,19.48,6.50116,7.24202,8.05672,9.1389,481.259,-9999.0,14.07,55.16
201205051730,201205051800,-0.7903,0.0,177.4,9.505,19.26,6.43666,6.91556,8.01831,6.99493,357.907,-9999.0,14.12,57.45
201205051800,201205051830,-9999.0,1.0,87.9,7.928,18.64,6.25553,4.78254,7.8481,4.16399,232.807,-9999.0,14.15,63.11
201205051830,201205051900,-9999.0,1.0,20.6,5.655,16.88,5.75051,0.574013,7.30656,1.14965,108.101,-9999.0,14.18,70.6
201205051900,201205051930,2.923,0.0,4.748,3.777,14.82,5.17876,2.23945,6.67439,0.276055,8.82431,-9999.0,14.2,77.6
201205051930,201205052000,4.03672,0.0,0.332,2.39,13.15,4.73189,0.771496,6.17246,0.019492,0.0,-9999.0,14.21,84.2
201205052000,201205052030,-9999.0,1.0,0.33,1.684,12.65,4.60128,-0.178401,6.03414,0.019324,0.0,-9999.0,14.21,88.5
201205052030,201205052100,-9999.0,1.0,0.33,1.3,11.95,4.42081,-0.059726,5.8334,0.019273,0.0,-9999.0,14.2,90.7
201205052100,201205052130,-9999.0,1.0,0.33,0.859,10.87,4.14802,-0.354026,5.51696,0.019221,0.0,-9999.0,14.19,93.4
201205052130,201205052200,-9999.0,1.0,0.33,0.568,10.4,4.03165,-0.540142,5.38566,0.01917,0.0,-9999.0,14.18,95.5
201205052200,201205052230,-9999.0,1.0,0.33,0.493,10.05,3.94593,-0.766214,5.28982,0.019119,0.0,-9999.0,14.16,96.0
201205052230,201205052300,-9999.0,1.0,0.33,0.404,9.52,3.81753,-0.414217,5.13917,0.019068,0.0,-9999.0,14.13,96.6
201205052300,201205052330,-9999.0,1.0,0.33,0.389,8.95,3.68147,0.394197,4.97625,0.019016,0.0,-9999.0,14.11,96.6
201205052330,201205060000,-9999.0,1.0,0.33,0.328,8.29,3.52658,0.914737,4.78666,0.018965,0.0,-9999.0,14.07,97.0
201205060000,201205060030,-9999.0,1.0,0.33,0.155,8.5,3.57575,0.307494,4.85487,0.018914,0.0,-9999.0,14.03,98.6
201205060030,201205060100,-9999.0,1.0,0.33,0.079,8.69,3.6205,0.347629,4.9268,0.018914,0.0,-9999.0,13.99,99.3
201205060100,201205060130,-9999.0,1.0,0.33,0.011,8.7,3.62301,0.351586,4.94477,0.018914,0.0,-9999.0,13.95,99.9
201205060130,201205060200,-9999.0,1.0,0.33,0.0,8.72,3.62788,0.357561,4.96569,0.018914,0.0,-9999.0,13.91,100.0
201205060200,201205060230,-9999.0,1.0,0.33,0.042,7.84,3.42328,2.43763,4.72336,0.018914,0.0,-9999.0,13.86,99.6
201205060230,201205060300,-9999.0,1.0,0.33,0.0,7.66,3.3822,2.40369,4.68768,0.018914,0.0,-9999.0,13.81,100.0
201205060300,201205060330,-9999.0,1.0,0.319,0.0,8.05,3.47196,0.879971,4.81583,0.018284,0.0,-9999.0,13.76,100.0
201205060330,201205060400,-9999.0,1.0,0.324,0.0,7.49,3.34375,0.105743,4.67194,0.01857,0.0,-9999.0,13.72,100.0
201205060400,201205060430,-9999.0,1.0,0.329,1.791,7.03,3.24008,-1.32991,4.55941,0.018857,0.0,-9999.0,13.67,-9999.0
201205060430,201205060500,4.41261,0.0,1.23,1.802,7.43,3.33041,-0.742643,4.68801,0.070332,0.0,-9999.0,13.62,-9999.0
201205060500,201205060530,2.24944,0.0,17.25,2.009,7.37,3.31695,1.41045,4.68778,0.946796,40.8877,-9999.0,13.57,-9999.0
201205060530,201205060600,-9999.0,1.0,84.5,4.872,7.68,3.38763,5.19642,4.7908,3.96981,162.165,-9999.0,13.52,-9999.0
201205060600,201205060630,-9999.0,1.0,146.7,6.124,9.04,3.70504,8.28007,5.19191,6.08249,287.043,-9999.0,13.48,-9999.0
201205060630,201205060700,-9999.0,2.0,153.4,0.0,11.49,4.30733,10.6993,5.92476,6.28173,411.458,-9999.0,13.43,100.0
201205060700,201205060730,-1.22773,0.0,337.5,0.534,13.28,4.77079,6.11905,6.47876,10.2905,533.28,-9999.0,13.39,96.5
201205060730,201205060800,-4.29887,0.0,422.8,2.702,15.34,5.32673,9.63936,7.12769,11.5299,650.426,-9999.0,13.35,84.5
201205060800,201205060830,-7.65771,0.0,570.4,3.845,16.56,5.66674,13.2693,7.51833,13.1517,760.89,-9999.0,13.31,79.6
201205060830,201205060900,-5.08539,0.0,705.0,5.481,17.97,6.06894,11.0133,7.97146,14.25,862.783,-9999.0,13.28,73.4
201205060900,201205060930,-10.3625,0.0,629.1,6.462,18.73,6.28977,16.4636,8.21548,13.6734,954.362,-9999.0,13.26,70.1
201205060930,201205061000,-12.8345,0.0,783.0,7.151,19.1,6.39838,19.0218,8.33244,14.7791,1034.06,-9999.0,13.25,67.67
201205061000,201205061030,-11.9752,0.0,508.7,7.82,19.41,6.4899,18.2354,8.42904,12.5557,1100.51,-9999.0,13.25,65.32
201205061030,201205061100,-6.10056,0.0,679.6,8.542,19.76,6.59371,12.443,8.53742,14.0841,1152.58,-9999.0,13.27,62.93
201205061100,201205061130,-5.37856,0.0,752.0,11.896,20.71,6.87766,11.9396,8.83649,14.597,1189.38,-9999.0,13.3,51.32
201205061130,201205061200,-5.02429,0.0,804.0,12.287,21.49,7.11367,11.7663,9.07939,14.9291,1210.27,-9999.0,13.33,52.07
201205061200,201205061230,-4.81174,0.0,734.0,11.854,21.42,7.09272,11.5411,9.04917,14.4871,1214.9,-9999.0,13.37,53.56
201205061230,201205061300,-2.99167,0.0,921.0,11.738,21.39,7.08392,9.71744,9.0319,15.5813,1203.2,-9999.0,13.41,53.93
201205061300,201205061330,-0.3502,0.0,879.0,11.933,21.5,7.11762,7.10441,9.05866,15.3705,1175.35,-9999.0,13.46,53.48
201205061330,201205061400,-9999.0,1.0,835.0,11.756,21.26,7.04511,15.6976,8.976,15.1331,1131.85,-9999.0,13.52,53.49
201205061400,201205061430,-9999.0,1.0,687.9,11.338,21.15,7.01211,12.8491,8.93461,14.1801,1073.42,-9999.0,13.59,54.84
201205061430,201205061500,-0.274518,0.0,731.0,11.894,21.31,7.06086,6.99519,8.97643,14.4922,1001.07,-9999.0,13.68,53.09
201205061500,201205061530,2.13902,0.0,451.6,10.925,20.72,6.88301,4.45009,8.78972,11.9424,916.049,-9999.0,13.77,55.32
201205061530,201205061600,3.08627,0.0,501.8,10.883,20.95,6.95258,3.55862,8.85271,12.5237,819.798,-9999.0,13.85,56.12
201205061600,201205061630,5.41624,0.0,474.2,11.177,21.2,7.02843,1.28912,8.9208,12.218,713.967,-9999.0,13.93,55.62
201205061630,201205061700,-9999.0,1.0,355.6,11.827,21.27,7.04993,12.3709,8.93431,10.6287,600.367,-9999.0,13.99,53.24
201205061700,201205061730,-9999.0,1.0,275.6,12.056,21.17,7.01995,9.40669,8.89733,9.23424,480.944,-9999.0,14.05,52.04
201205061730,201205061800,-9999.0,1.0,163.1,11.864,20.83,6.91758,7.87904,8.79061,6.58326,357.739,-9999.0,14.1,51.81
201205061800,201205061830,5.5482,0.0,65.59,10.436,19.97,6.66032,0.888871,8.53541,3.21775,232.86,-9999.0,14.13,55.3
201205061830,201205061900,5.79294,0.0,26.45,7.76,18.25,6.15511,0.256593,8.04154,1.42037,108.446,-9999.0,14.16,63.0
201205061900,201205061930,6.72529,0.0,4.091,5.64,16.73,5.72003,-1.01477,7.61665,0.23223,9.05218,-9999.0,14.18,70.4
201205061930,201205062000,5.88979,0.0,0.332,3.926,15.42,5.35423,-0.468334,7.26025,0.019029,0.0,-9999.0,14.2,77.6
201205062000,201205062030,4.96619,0.0,0.33,2.702,14.18,5.01624,0.184437,6.93172,0.018914,0.0,-9999.0,14.2,83.3
201205062030,201205062100,7.04165,0.0,0.33,1.879,13.42,4.81332,-2.05467,6.73763,0.018914,0.0,-9999.0,14.2,87.8
201205062100,201205062130,-9999.0,1.0,0.33,1.479,12.35,4.53311,0.136188,6.46739,0.018914,0.0,-9999.0,14.2,89.7
201205062130,201205062200,7.16564,0.0,0.33,1.154,11.86,4.40714,-2.51114,6.35157,0.018914,0.0,-9999.0,14.19,91.7
201205062200,201205062230,4.16814,0.0,0.33,0.84,11.71,4.36898,0.456476,6.32401,0.018914,0.0,-9999.0,14.17,93.9
201205062230,201205062300,3.6294,0.0,0.33,0.648,12.07,4.46141,1.07475,6.42567,0.018914,0.0,-9999.0,14.15,95.4
201205062300,201205062330,4.1313,0.0,0.33,0.502,11.92,4.42307,0.54288,6.39816,0.018914,0.0,-9999.0,14.13,96.4
201205062330,201205070000,8.81903,0.0,0.323,0.482,12.17,4.48513,-4.08876,6.47104,0.018514,0.0,-9999.0,14.11,96.6
201205070000,201205070030,2.90695,0.0,0.299,0.874,12.57,4.58643,1.91208,6.58068,0.017139,0.0,-9999.0,14.08,94.0
201205070030,201205070100,9.23028,0.0,0.322,0.778,12.12,4.46778,-4.5062,6.47875,0.018456,0.0,-9999.0,14.05,94.5
201205070100,201205070130,3.45763,0.0,0.322,0.8,12.28,4.50676,1.29846,6.52813,0.018456,0.0,-9999.0,14.02,94.4
201205070130,201205070200,5.22497,0.0,0.329,0.766,11.89,4.40437,-0.555385,6.44296,0.018857,0.0,-9999.0,13.99,94.5
201205070200,201205070230,2.76664,0.0,0.321,0.621,12.43,4.54099,2.01679,6.58423,0.018399,0.0,-9999.0,13.96,95.7
201205070230,201205070300,4.15913,0.0,0.16,0.858,13.08,4.70801,0.762612,6.751,0.009175,0.0,-9999.0,13.93,94.3
201205070300,201205070330,3.00904,0.0,0.003,2.472,14.36,5.0459,2.19004,7.06906,0.000172,0.0,-9999.0,13.9,84.9
201205070330,201205070400,4.10329,0.0,0.0,3.044,14.95,5.20316,1.22314,7.21792,0.0,0.0,-9999.0,13.87,82.1
201205070400,201205070430,1.83595,0.0,0.0,2.061,15.37,5.31538,3.58063,7.32422,0.0,0.0,-9999.0,13.85,88.2
201205070430,201205070500,4.68965,0.0,0.355,1.543,15.43,5.32918,0.737353,7.34312,0.020346,0.0,-9999.0,13.82,91.2
201205070500,201205070530,3.99648,0.0,21.03,1.473,15.43,5.32651,1.42763,7.34757,1.14495,44.6775,-9999.0,13.8,91.6
201205070530,201205070600,3.16904,0.0,66.75,1.564,15.64,5.38157,2.29875,7.40145,3.2722,166.452,-9999.0,13.78,91.2
201205070600,201205070630,-9999.0,1.0,109.5,2.045,16.2,5.53387,10.4426,7.53649,4.91112,291.088,-9999.0,13.76,88.9
201205070630,201205070700,-9999.0,1.0,149.6,2.731,16.99,5.75231,12.0083,7.72322,6.21422,415.262,-9999.0,13.75,85.9
201205070700,201205070730,-1.07115,0.0,113.4,2.823,17.07,5.77198,6.84881,7.74319,5.04804,536.848,-9999.0,13.73,85.5
201205070730,201205070800,-9999.0,1.0,160.9,2.784,17.18,5.80014,12.1277,7.76973,6.54924,653.767,-9999.0,13.73,85.8
201205070800,201205070830,-9999.0,1.0,243.7,2.488,17.42,5.86515,13.131,7.82537,8.63167,764.017,-9999.0,13.72,87.5
201205070830,201205070900,-9999.0,1.0,214.9,2.629,17.67,5.93322,12.5134,7.88234,7.97348,865.713,-9999.0,13.72,87.0
201205070900,201205070930,-11.2527,0.0,387.5,3.701,18.2,6.08169,17.2716,8.00091,11.2036,957.114,-9999.0,13.73,82.3
201205070930,201205071000,-12.654,0.0,547.8,5.599,19.3,6.3969,18.9181,8.24372,13.1464,1036.66,-9999.0,13.74,75.0
201205071000,201205071030,-14.0349,0.0,465.1,6.419,19.62,6.48722,20.3681,8.31078,12.2396,1102.98,-9999.0,13.75,71.9
201205071030,201205071100,-14.2906,0.0,259.6,5.021,18.89,6.27131,20.4553,8.14818,8.98055,1154.95,-9999.0,13.77,77.0
201205071100,201205071130,-13.6537,0.0,146.0,2.7,17.73,5.93533,19.5542,7.89604,6.11324,1191.67,-9999.0,13.79,86.7
201205071130,201205071200,-10.4388,0.0,164.7,1.452,17.19,5.77962,16.2155,7.78086,6.66673,1212.53,-9999.0,13.82,92.6
201205071200,201205071230,-9.00042,0.0,186.4,1.161,16.71,5.64219,14.6671,7.6805,7.26468,1217.15,-9999.0,13.84,93.9
201205071230,201205071300,-9999.0,1.0,109.7,0.869,16.25,5.51156,10.4149,7.58617,4.92566,1205.47,-9999.0,13.87,95.3
201205071300,201205071330,6.3226,0.0,60.84,0.234,15.85,5.39858,-0.852255,7.50603,3.02467,1177.68,-9999.0,13.89,98.7
201205071330,201205071400,-9999.0,1.0,42.13,4.702,15.69,5.35202,1.93351,7.47678,2.18418,1134.25,-9999.0,13.91,73.6316
201205071400,201205071430,-9.00751,0.0,87.2,4.745,15.75,5.36573,14.45,7.49299,4.09919,1075.94,-9999.0,13.93,73.4907
201205071430,201205071500,-0.895839,0.0,90.5,3.511,15.75,5.36301,6.33536,7.49685,4.22589,1003.74,-9999.0,13.95,80.3869
201205071500,201205071530,-2.25548,0.0,62.29,1.581,15.59,5.31661,7.65692,7.46867,3.08786,918.876,-9999.0,13.96,91.0739
201205071530,201205071600,-9999.0,1.0,35.81,1.433,15.42,5.26767,1.60016,7.43909,1.88406,822.81,-9999.0,13.97,91.8209
201205071600,201205071630,-9999.0,1.0,46.49,1.233,15.16,5.1946,2.2499,7.39241,2.38713,717.184,-9999.0,13.98,92.8463
201205071630,201205071700,-3.36785,0.0,45.85,1.036,15.2,5.20277,8.6752,7.40515,2.35781,603.805,-9999.0,13.99,94.0069
201205071700,201205071730,-0.3539,0.0,22.28,1.056,15.08,5.16776,5.63219,7.38684,1.21019,484.613,-9999.0,13.99,93.8429
201205071730,201205071800,4.40688,0.0,22.5,0.814,14.89,5.11407,0.827167,7.35555,1.22154,361.647,-9999.0,14.0,95.1931
201205071800,201205071830,-9999.0,1.0,9.85,0.715,14.64,5.0446,0.459006,7.31351,0.551383,237.01,-9999.0,14.0,95.7072
201205071830,201205071900,10.7653,0.0,4.621,0.558,14.42,4.9835,-5.6389,7.27797,0.262039,112.837,-9999.0,14.0,96.6053
201205071900,201205071930,-9999.0,1.0,0.711,0.546,14.29,4.94651,0.0864,7.25997,0.040714,10.9099,-9999.0,14.01,96.6521
201205071930,201205072000,4.98573,0.0,0.33,0.782,14.22,4.92549,0.091906,7.25352,0.018915,0.0,-9999.0,14.0,95.1774
201205072000,201205072030,-9999.0,1.0,0.33,1.164,14.28,4.93883,0.226839,7.27114,0.018915,0.0,-9999.0,14.0,92.8488
201205072030,201205072100,-9999.0,1.0,0.329,1.589,14.47,4.98661,0.223035,7.31212,0.018857,0.0,-9999.0,13.99,90.3619
201205072100,201205072130,-9999.0,1.0,0.33,0.05,14.71,5.04785,0.38569,7.36134,0.018915,0.0,-9999.0,13.98,99.7
201205072130,201205072200,-9999.0,1.0,0.33,0.228,14.29,4.93393,0.085163,7.29246,0.018915,0.0,-9999.0,13.98,98.6
201205072200,201205072230,-9999.0,1.0,0.33,0.401,14.04,4.86561,0.064462,7.25486,0.018915,0.0,-9999.0,13.97,97.5
201205072230,201205072300,-9999.0,1.0,0.33,0.237,13.82,4.80553,-0.039923,7.22329,0.018915,0.0,-9999.0,13.96,98.5
201205072300,201205072330,-9999.0,1.0,0.33,0.219,13.67,4.76398,-0.074743,7.20456,0.018915,0.0,-9999.0,13.95,98.6
201205072330,201205080000,-9999.0,1.0,0.281,0.433,13.47,4.70964,0.190164,7.1777,0.016108,0.0,-9999.0,13.94,97.2
201205080000,201205080030,-9999.0,1.0,0.148,0.404,12.97,4.5785,0.071386,7.10008,0.008487,0.0,-9999.0,13.92,97.3
201205080030,201205080100,-9999.0,1.0,0.177,0.271,13.09,4.60691,0.053234,7.11036,0.010383,0.0,-9999.0,13.9,98.2
201205080100,201205080130,-9999.0,1.0,0.33,0.396,13.24,4.64309,0.095972,7.12597,0.019787,0.0,-9999.0,13.89,97.4
201205080130,201205080200,-9999.0,1.0,0.33,0.493,13.42,4.68709,0.254678,7.14695,0.020223,0.0,-9999.0,13.88,96.8
201205080200,201205080230,-9999.0,1.0,0.33,0.507,13.38,4.67438,0.302298,7.12996,0.020659,0.0,-9999.0,13.86,96.7
201205080230,201205080300,-9999.0,1.0,0.33,0.337,13.35,4.66425,0.336341,7.11465,0.021094,0.0,-9999.0,13.84,97.8
201205080300,201205080330,-9999.0,1.0,0.33,2.757,13.26,4.63872,0.411952,7.08878,0.02153,0.0,-9999.0,13.83,81.9113
201205080330,201205080400,-9999.0,1.0,0.33,2.521,13.24,4.6312,0.335585,7.07509,0.021966,0.0,-9999.0,13.82,83.4366
201205080400,201205080430,-9999.0,1.0,0.32,3.604,13.84,4.78374,-0.085617,7.17084,0.021724,0.0,-9999.0,13.8,77.2262
201205080430,201205080500,9.51622,0.0,0.618,4.238,14.1,4.84898,-4.51368,7.20706,0.042723,0.0,-9999.0,13.78,73.6702
201205080500,201205080530,-9999.0,1.0,14.87,4.953,14.22,4.87784,0.398098,7.2188,0.99317,48.5684,-9999.0,13.77,69.4658
201205080530,201205080600,-9999.0,1.0,25.36,4.177,14.4,4.92249,0.683118,7.24137,1.65961,170.658,-9999.0,13.76,74.5451
201205080600,201205080630,-8.55038,0.0,61.25,3.171,14.54,4.95673,13.6387,7.25705,3.62461,295.054,-9999.0,13.74,80.8496
201205080630,201205080700,-7.40247,0.0,67.0,2.123,14.85,5.03593,12.5545,7.3033,3.94873,418.988,-9999.0,13.73,87.4366
201205080700,201205080730,-10.9758,0.0,93.1,1.947,14.85,5.03333,16.125,7.29437,5.15651,540.339,-9999.0,13.71,88.4769
201205080730,201205080800,-10.5191,0.0,215.0,0.232,15.68,5.25184,15.844,7.43455,9.09478,657.032,-9999.0,13.7,98.7
201205080800,201205080830,-11.103,0.0,379.9,1.472,16.78,5.54731,16.6633,7.62344,12.279,767.069,-9999.0,13.69,92.3
201205080830,201205080900,-12.1203,0.0,648.8,4.16,18.04,5.89293,17.9527,7.84106,15.2014,868.568,-9999.0,13.69,79.9
201205080900,201205080930,-10.9901,0.0,644.5,6.137,18.56,6.03575,16.9335,7.92749,15.227,959.793,-9999.0,13.68,71.3
201205080930,201205081000,-9.73428,0.0,590.4,6.46,18.67,6.06362,15.6986,7.94135,14.8418,1039.18,-9999.0,13.69,70.0
201205081000,201205081030,-9.74156,0.0,793.0,8.809,19.83,6.39034,15.9584,8.14306,16.3449,1105.38,-9999.0,13.7,61.94
201205081030,201205081100,-15.6791,0.0,344.3,8.77,19.93,6.41573,21.9147,8.1563,12.0833,1157.25,-9999.0,13.72,62.34
201205081100,201205081130,-11.2365,0.0,820.0,8.231,19.67,6.33795,17.4112,8.10497,16.6068,1193.9,-9999.0,13.74,64.08
201205081130,201205081200,-14.876,0.0,891.0,10.679,20.61,6.60505,21.2552,8.26977,16.9561,1214.71,-9999.0,13.78,56.03
201205081200,201205081230,-12.3872,0.0,461.8,10.901,21.19,6.77015,18.8916,8.37048,13.796,1219.33,-9999.0,13.82,56.69
201205081230,201205081300,-11.7016,0.0,343.4,8.705,20.44,6.5491,18.0362,8.23102,12.3484,1207.67,-9999.0,13.86,63.78
201205081300,201205081330,-7.52639,0.0,541.7,10.333,21.46,6.84196,14.0836,8.41282,14.8007,1179.93,-9999.0,13.9,59.62
201205081330,201205081400,-10.2825,0.0,660.0,13.049,22.35,7.10003,17.0341,8.5717,15.527,1136.59,-9999.0,13.95,51.7
201205081400,201205081430,-5.18393,0.0,737.0,14.656,23.39,7.40557,12.1639,8.75852,15.8892,1078.39,-9999.0,14.0,49.06
201205081430,201205081500,-3.47097,0.0,234.6,11.596,22.39,7.10448,10.224,8.57452,10.4441,1006.33,-9999.0,14.06,57.18
201205081500,201205081530,-5.50508,0.0,140.4,5.154,19.31,6.20951,11.5735,7.99907,7.97716,921.628,-9999.0,14.12,77.0
201205081530,201205081600,-4.67012,0.0,99.8,3.041,17.71,5.75904,10.386,7.69066,6.45665,825.749,-9999.0,14.19,85.0
201205081600,201205081630,-7.51398,0.0,106.8,2.926,17.42,5.67626,13.1638,7.62861,6.81909,720.327,-9999.0,14.25,85.3
201205081630,201205081700,-1.54624,0.0,111.6,3.615,18.19,5.88591,7.36007,7.76966,7.08193,607.167,-9999.0,14.3,82.7
201205081700,201205081730,4.38825,0.0,191.2,4.899,18.92,6.08673,1.58148,7.90383,9.82925,488.205,-9999.0,14.34,77.6
201205081730,201205081800,-1.16761,0.0,184.9,6.026,19.73,6.31237,7.31127,8.05417,9.72358,365.476,-9999.0,14.37,73.8
201205081800,201205081830,10.1467,0.0,92.3,5.418,19.23,6.16759,-4.11589,7.95287,6.41347,241.081,-9999.0,14.4,75.7
201205081830,201205081900,6.76867,0.0,25.71,3.55,17.81,5.76862,-1.05012,7.67092,2.37694,117.147,-9999.0,14.41,82.6
201205081900,201205081930,11.3196,0.0,4.895,1.512,16.02,5.28007,-5.9893,7.31171,0.512214,12.9037,-9999.0,14.43,91.7
201205081930,201205082000,-9999.0,1.0,0.369,0.644,14.9,4.98156,-0.043658,7.08096,0.040151,0.0,-9999.0,14.44,96.2
201205082000,201205082030,-9999.0,1.0,0.33,0.274,14.11,4.77431,-0.407151,6.91387,0.036352,0.0,-9999.0,14.44,98.3
201205082030,201205082100,-9999.0,1.0,0.33,0.016,13.57,4.63389,-0.296978,6.79563,0.036788,0.0,-9999.0,14.44,99.9
201205082100,201205082130,-9999.0,1.0,0.33,1.207,13.0,4.48766,0.005849,6.67037,0.037224,0.0,-9999.0,14.44,91.9414
201205082130,201205082200,-9999.0,1.0,0.33,0.696,12.18,4.2817,-0.191899,6.49334,0.03766,0.0,-9999.0,14.43,95.0943
201205082200,201205082230,-9999.0,1.0,0.33,0.428,11.86,4.20107,-0.022988,6.41708,0.038096,0.0,-9999.0,14.42,96.9222
201205082230,201205082300,-9999.0,1.0,0.33,0.251,11.32,4.06799,0.071987,6.29528,0.038532,0.0,-9999.0,14.4,98.1279
201205082300,201205082330,-9999.0,1.0,0.33,0.0,10.89,3.96292,0.1343,6.19533,0.038968,0.0,-9999.0,14.38,100.0
201205082330,201205090000,-9999.0,1.0,0.33,0.156,11.08,4.00617,0.20856,6.22268,0.039404,0.0,-9999.0,14.35,98.8208
201205090000,201205090030,-9999.0,1.0,0.33,0.78,11.14,4.01842,0.088875,6.22339,0.03984,0.0,-9999.0,14.33,94.1179
201205090030,201205090100,-9999.0,1.0,0.33,0.57,11.25,4.04267,0.048145,6.23455,0.040275,0.0,-9999.0,14.29,95.7302
201205090100,201205090130,-9999.0,1.0,0.329,0.869,11.44,4.0862,0.109648,6.26253,0.040588,0.0,-9999.0,14.26,93.5734
201205090130,201205090200,-9999.0,1.0,0.329,0.363,10.89,3.95254,0.122475,6.13615,0.041023,0.0,-9999.0,14.22,97.2119
201205090200,201205090230,-9999.0,1.0,0.33,0.203,10.22,3.79275,-0.015139,5.98395,0.041583,0.0,-9999.0,14.18,98.368
201205090230,201205090300,-9999.0,1.0,0.33,0.027,10.08,3.75816,-0.045337,5.94227,0.042019,0.0,-9999.0,14.14,99.7815
201205090300,201205090330,-9999.0,1.0,0.33,0.0,10.29,3.8051,-0.005751,5.97415,0.042455,0.0,-9999.0,14.11,100.0
201205090330,201205090400,-9999.0,1.0,0.284,0.254,10.9,3.9466,0.115027,6.09091,0.036924,0.0,-9999.0,14.07,98.056
201205090400,201205090430,-9999.0,1.0,0.122,0.008,10.48,3.84553,0.027584,5.98997,0.01604,0.0,-9999.0,14.03,99.9368
201205090430,201205090500,-9999.0,1.0,1.898,0.0,9.96,3.72247,-0.144951,5.86731,0.249045,0.0,-9999.0,13.99,100.0
201205090500,201205090530,-9999.0,1.0,33.24,0.0,9.02,3.50604,2.40498,5.65482,3.64459,52.552,-9999.0,13.95,100.0
201205090530,201205090600,-9999.0,2.0,114.2,0.0,9.35,3.57882,3.32307,5.71216,8.83645,174.784,-9999.0,13.91,100.0
201205090600,201205090630,-9999.0,1.0,183.8,0.0,10.4,3.81874,10.4292,5.92436,11.4545,298.94,-9999.0,13.87,100.0
201205090630,201205090700,-8.86541,0.0,154.6,0.237,11.75,4.13713,13.2439,6.20336,10.5806,422.635,-9999.0,13.83,98.2839
201205090700,201205090730,-7.98827,0.0,399.7,2.219,13.69,4.61324,12.7611,6.61323,15.6889,543.753,-9999.0,13.79,85.842
201205090730,201205090800,-17.1812,0.0,503.8,0.698,14.98,4.93982,22.2193,6.88495,16.8387,660.221,-9999.0,13.76,95.9
201205090800,201205090830,-15.0738,0.0,598.2,3.413,16.31,5.28504,20.3883,7.16767,17.6433,770.046,-9999.0,13.72,81.6
201205090830,201205090900,-9999.0,1.0,684.3,5.855,18.09,5.76061,13.7127,7.55159,18.2427,871.35,-9999.0,13.68,71.8
201205090900,201205090930,-18.3564,0.0,766.0,9.182,18.88,5.9743,24.2117,7.71977,18.7229,962.399,-9999.0,13.65,57.91
201205090930,201205091000,-12.0567,0.0,834.0,10.746,19.97,6.27436,18.1431,7.95566,18.8485,1041.64,-9999.0,13.64,53.97
201205091000,201205091030,-18.0778,0.0,883.0,12.981,20.95,6.5476,24.3725,8.1688,18.397,1107.7,-9999.0,13.64,47.66
201205091030,201205091100,-13.5678,0.0,921.0,14.499,21.72,6.76392,20.0259,8.33673,18.0991,1159.47,-9999.0,13.66,44.23
201205091100,201205091130,-15.6997,0.0,946.0,15.807,22.26,6.9157,22.2715,8.45454,17.8086,1196.06,-9999.0,13.68,41.17
201205091130,201205091200,-10.9959,0.0,945.0,15.82,22.38,6.94668,17.5901,8.47911,17.8258,1216.83,-9999.0,13.7,41.55
201205091200,201205091230,-9.03168,0.0,959.0,17.407,22.95,7.10819,15.7462,8.60522,17.4065,1221.44,-9999.0,13.75,37.87
201205091230,201205091300,-9.87381,0.0,962.0,15.124,23.08,7.14223,16.6128,8.63293,18.1397,1209.8,-9999.0,13.79,46.44
201205091300,201205091330,-12.5514,0.0,907.0,13.988,22.88,7.08031,19.2431,8.58599,18.374,1182.11,-9999.0,13.84,49.86
201205091330,201205091400,-10.7417,0.0,867.0,14.038,22.82,7.05915,17.4166,8.57057,18.2641,1138.86,-9999.0,13.91,49.5
201205091400,201205091430,-11.6566,0.0,809.0,14.467,23.2,7.16575,18.4103,8.65577,17.9606,1080.77,-9999.0,13.99,49.14
201205091430,201205091500,-10.899,0.0,743.0,15.104,23.57,7.26981,17.7293,8.73938,17.5422,1008.84,-9999.0,14.09,48.07
201205091500,201205091530,-6.37312,0.0,682.0,14.557,23.2,7.15812,13.1191,8.65292,17.4894,924.308,-9999.0,14.2,48.82
201205091530,201205091600,-8.94717,0.0,562.5,13.668,22.69,7.00655,15.5787,8.53322,17.1646,828.613,-9999.0,14.31,50.44
201205091600,201205091630,-4.56592,0.0,472.9,12.969,22.11,6.83598,11.0682,8.39613,16.7764,723.394,-9999.0,14.41,51.29
201205091630,201205091700,-6.92456,0.0,365.5,13.126,22.21,6.861,13.4447,8.41704,15.7241,610.452,-9999.0,14.49,51.0
201205091700,201205091730,-5.2134,0.0,261.5,12.792,22.16,6.84301,11.7191,8.4029,14.3172,491.719,-9999.0,14.56,52.1
201205091730,201205091800,1.19634,0.0,183.7,12.183,21.72,6.71371,5.21073,8.2966,12.6884,369.227,-9999.0,14.62,53.14
201205091800,201205091830,2.47453,0.0,82.2,10.615,20.89,6.47519,3.75048,8.09697,8.55016,245.071,-9999.0,14.67,57.04
201205091830,201205091900,5.10786,0.0,33.04,7.833,19.18,5.99639,0.748445,7.68639,4.49981,121.376,-9999.0,14.71,64.76
201205091900,201205091930,-9999.0,1.0,6.88,5.952,17.58,5.55962,0.391109,7.2995,1.12058,15.0259,-9999.0,14.74,70.4
201205091930,201205092000,9.5535,0.0,0.364,3.905,15.98,5.13471,-4.37651,6.9109,0.062681,0.0,-9999.0,14.77,78.5
201205092000,201205092030,-9999.0,1.0,0.33,2.706,15.06,4.89497,-0.062849,6.68324,0.057277,0.0,-9999.0,14.78,84.2
201205092030,201205092100,-9999.0,1.0,0.33,1.918,14.38,4.71996,-0.168388,6.51202,0.057713,0.0,-9999.0,14.79,88.3
201205092100,201205092130,-9999.0,1.0,0.33,1.314,13.84,4.58228,-0.17988,6.37361,0.058149,0.0,-9999.0,14.79,91.7
201205092130,201205092200,-9999.0,1.0,0.33,0.819,12.9,4.34832,0.035186,6.1392,0.058585,0.0,-9999.0,14.78,94.5
201205092200,201205092230,-9999.0,1.0,0.33,0.462,12.43,4.23208,0.019649,6.01649,0.05902,0.0,-9999.0,14.77,96.8
201205092230,201205092300,-9999.0,1.0,0.33,0.472,11.85,4.09098,0.031335,5.86716,0.059456,0.0,-9999.0,14.75,96.6
201205092300,201205092330,-9999.0,1.0,0.33,0.352,11.46,3.99654,0.157618,5.76283,0.059892,0.0,-9999.0,14.73,97.4
201205092330,201205100000,-9999.0,1.0,0.33,0.255,11.34,3.9662,0.172577,5.72268,0.060328,0.0,-9999.0,14.71,98.1
201205100000,201205100030,-9999.0,1.0,0.33,0.23,10.62,3.79673,0.254983,5.53901,0.060764,0.0,-9999.0,14.68,98.2
201205100030,201205100100,-9999.0,1.0,0.33,0.128,10.59,3.78778,0.292661,5.4993,0.060321,0.0,-9999.0,14.65,99.0
201205100100,201205100130,-9999.0,1.0,0.33,0.446,10.76,3.82491,0.370783,5.50714,0.059878,0.0,-9999.0,14.61,96.5479
201205100130,201205100200,-9999.0,1.0,0.33,0.52,10.64,3.7952,0.418499,5.44605,0.059436,0.0,-9999.0,14.58,95.9453
201205100200,201205100230,-9999.0,1.0,0.33,0.561,10.52,3.7656,0.455668,5.3851,0.058993,0.0,-9999.0,14.54,95.5877
201205100230,201205100300,-9999.0,1.0,0.33,0.218,10.49,3.7567,0.496536,5.34551,0.05855,0.0,-9999.0,14.5,98.2819
201205100300,201205100330,-9999.0,1.0,0.329,0.319,10.71,3.80516,0.528302,5.36482,0.057931,0.0,-9999.0,14.46,97.5196
201205100330,201205100400,-9999.0,1.0,0.329,1.462,11.01,3.87236,0.439536,5.40292,0.05749,0.0,-9999.0,14.41,88.8748
201205100400,201205100430,-9999.0,1.0,0.33,1.637,11.13,3.89811,0.652692,5.39847,0.057221,0.0,-9999.0,14.37,87.6379
201205100430,201205100500,-9999.0,1.0,1.352,1.747,10.76,3.8105,0.567791,5.27873,0.230835,0.0,-9999.0,14.33,86.4784
201205100500,201205100530,-11.329,0.0,25.95,3.101,11.42,3.96142,15.5317,5.40112,3.71423,56.6197,-9999.0,14.29,77.0301
201205100530,201205100600,-9999.0,1.0,18.73,4.075,12.57,4.23154,0.624913,5.64036,2.78735,178.827,-9999.0,14.26,72.0219
201205100600,201205100630,-9999.0,1.0,46.61,0.421,13.07,4.34981,1.37669,5.72614,5.82287,302.745,-9999.0,14.22,97.2
201205100630,201205100700,-9999.0,1.0,126.8,0.642,14.05,4.58745,13.6297,5.92751,10.9486,426.203,-9999.0,14.18,96.0
201205100700,201205100730,-13.3777,0.0,158.4,1.67,15.14,4.8575,18.315,6.15725,12.1584,547.089,-9999.0,14.15,90.3
201205100730,201205100800,-11.712,0.0,375.0,4.183,16.84,5.29117,16.9949,6.53903,16.7261,663.334,-9999.0,14.12,78.2
201205100800,201205100830,-13.4008,0.0,439.8,7.393,18.45,5.71341,19.0145,6.90389,17.4051,772.949,-9999.0,14.09,65.19
201205100830,201205100900,-10.8354,0.0,450.1,10.52,20.33,6.22024,16.8395,7.34188,17.2944,874.059,-9999.0,14.06,55.93
201205100900,201205100930,-6.72166,0.0,759.0,13.657,21.46,6.52986,12.9606,7.59506,18.2417,964.933,-9999.0,14.04,46.63
201205100930,201205101000,-9.51118,0.0,656.3,16.725,22.65,6.86078,15.9986,7.86642,16.7942,1044.02,-9999.0,14.04,39.21
201205101000,201205101030,-9.46445,0.0,468.2,16.755,22.92,6.93359,16.0054,7.90312,15.5834,1109.96,-9999.0,14.04,40.09
201205101030,201205101100,-12.2872,0.0,726.0,17.195,23.33,7.04645,18.9115,7.97641,16.9258,1161.63,-9999.0,14.06,40.02
201205101100,201205101130,-8.35567,0.0,1044.0,19.111,24.78,7.45924,15.2848,8.32165,17.3359,1198.14,-9999.0,14.08,38.89
201205101130,201205101200,-6.89753,0.0,869.0,18.989,24.98,7.51313,13.8652,8.34238,16.8988,1218.88,-9999.0,14.1,40.0
201205101200,201205101230,-5.46462,0.0,800.0,18.293,24.89,7.48297,12.4091,8.28708,16.8545,1223.47,-9999.0,14.14,41.89
201205101230,201205101300,-7.70112,0.0,921.0,19.906,25.57,7.67643,14.7865,8.43505,16.7918,1211.86,-9999.0,14.18,39.27
201205101300,201205101330,-9.66147,0.0,846.0,19.184,25.67,7.70139,16.7641,8.43034,16.7528,1184.23,-9999.0,14.23,41.82
201205101330,201205101400,-5.07942,0.0,853.0,19.096,25.59,7.67388,12.1608,8.37786,16.7951,1141.05,-9999.0,14.28,41.81
201205101400,201205101430,-8.3979,0.0,824.0,18.946,25.46,7.63187,15.4475,8.31196,16.7262,1083.08,-9999.0,14.36,41.82
201205101430,201205101500,-2.6662,0.0,750.0,18.457,24.72,7.41352,9.55436,8.08348,16.5499,1011.29,-9999.0,14.44,40.77
201205101500,201205101530,-5.27149,0.0,691.0,18.796,25.15,7.53366,12.247,8.16639,16.1794,926.915,-9999.0,14.54,41.21
201205101530,201205101600,-1.8218,0.0,580.0,18.945,25.24,7.55559,8.81232,8.15898,15.5094,831.404,-9999.0,14.63,41.06
201205101600,201205101630,-3.09233,0.0,491.9,18.881,25.11,7.51386,10.0512,8.09261,14.8744,726.386,-9999.0,14.71,40.8
201205101630,201205101700,2.54152,0.0,372.2,17.961,24.88,7.44339,4.36448,7.99926,13.874,613.661,-9999.0,14.78,42.91
201205101700,201205101730,1.33335,0.0,301.9,18.253,25.26,7.54898,5.64916,8.06998,12.8465,495.155,-9999.0,14.85,43.28
201205101730,201205101800,0.109388,0.0,189.8,18.053,24.96,7.45827,6.80548,7.95747,10.6586,372.897,-9999.0,14.91,42.89
201205101800,201205101830,4.92939,0.0,85.1,16.089,23.68,7.08813,1.71095,7.58174,7.04206,248.979,-9999.0,14.95,45.05
201205101830,201205101900,3.39056,0.0,26.59,13.211,22.15,6.65391,2.92419,7.14311,3.00192,125.521,-9999.0,15.0,50.5
201205101900,201205101930,3.84303,0.0,7.33,10.117,20.14,6.09775,2.04859,6.58616,0.931477,17.2682,-9999.0,15.04,57.12
201205101930,201205102000,6.06168,0.0,0.48,8.307,18.69,5.70564,-0.473347,6.18235,0.063198,0.0,-9999.0,15.07,61.47
201205102000,201205102030,-9999.0,1.0,0.33,6.644,17.43,5.37189,0.656477,5.83265,0.04305,0.0,-9999.0,15.09,66.64
201205102030,201205102100,-9999.0,1.0,0.33,5.232,16.2,5.05306,0.246089,5.49613,0.042607,0.0,-9999.0,15.1,71.6
201205102100,201205102130,-9999.0,1.0,0.33,4.256,15.41,4.85116,0.037642,5.27107,0.042164,0.0,-9999.0,15.11,75.7
201205102130,201205102200,-9999.0,1.0,0.33,3.102,14.4,4.5984,-0.136117,4.99686,0.041721,0.0,-9999.0,15.11,81.1
201205102200,201205102230,-9999.0,1.0,0.33,2.749,13.99,4.49583,-0.153647,4.86687,0.041278,0.0,-9999.0,15.1,82.8
201205102230,201205102300,-9999.0,1.0,0.33,2.211,13.27,4.31983,0.412616,4.66629,0.040836,0.0,-9999.0,15.09,85.5
201205102300,201205102330,-9999.0,1.0,0.33,1.563,12.61,4.16082,0.235984,4.48212,0.040393,0.0,-9999.0,15.07,89.3
201205102330,201205110000,-9999.0,1.0,0.33,1.256,12.44,4.11858,0.346505,4.41037,0.03995,0.0,-9999.0,15.05,91.3
201205110000,201205110030,-9999.0,1.0,0.33,1.073,12.3,4.08354,0.279144,4.3456,0.039507,0.0,-9999.0,15.02,92.5
201205110030,201205110100,-9999.0,1.0,0.33,0.947,12.11,4.03701,0.22514,4.26987,0.039064,0.0,-9999.0,14.99,93.3
201205110100,201205110130,-9999.0,1.0,0.33,0.873,11.57,3.91008,0.48031,4.11719,0.038621,0.0,-9999.0,14.96,93.6
201205110130,201205110200,-9999.0,1.0,0.33,0.816,11.79,3.95851,0.337569,4.13262,0.038178,0.0,-9999.0,14.93,94.1
201205110200,201205110230,-9999.0,1.0,0.33,0.987,11.65,3.92411,0.365105,4.06877,0.037736,0.0,-9999.0,14.89,92.8
201205110230,201205110300,-9999.0,1.0,0.33,0.583,11.13,3.80335,0.541815,3.92257,0.037293,0.0,-9999.0,14.85,95.6
201205110300,201205110330,-9999.0,1.0,0.33,0.458,11.37,3.85576,0.432206,3.94172,0.03685,0.0,-9999.0,14.82,96.6
201205110330,201205110400,-9999.0,1.0,0.33,0.461,10.62,3.68441,0.622726,3.74789,0.036407,0.0,-9999.0,14.77,96.4
201205110400,201205110430,-3.23114,0.0,0.33,0.296,10.07,3.56036,7.06617,3.59963,0.035964,0.0,-9999.0,14.73,97.6
201205110430,201205110500,-9999.0,1.0,2.533,0.283,10.03,3.54959,0.795289,3.55901,0.269079,0.0,-9999.0,14.69,97.7
201205110500,201205110530,-9999.0,1.0,36.84,0.517,10.03,3.54762,1.25621,3.52674,3.23343,60.7629,-9999.0,14.65,95.8
201205110530,201205110600,-9999.0,1.0,118.6,1.214,11.08,3.77942,10.2099,3.71511,7.59567,182.788,-9999.0,14.6,90.8
201205110600,201205110630,-9999.0,1.0,213.6,1.748,12.57,4.11935,10.1125,4.00614,10.5944,306.469,-9999.0,14.56,88.0
201205110630,201205110700,-10.3412,0.0,156.8,4.922,15.92,4.92731,15.2994,4.74721,8.86333,429.692,-9999.0,14.51,72.8
201205110700,201205110730,-13.3838,0.0,417.6,8.699,18.42,5.56299,18.8419,5.33206,14.2241,550.347,-9999.0,14.47,58.96
201205110730,201205110800,-13.3492,0.0,516.7,9.232,19.55,5.85695,19.0339,5.58901,15.3348,666.371,-9999.0,14.43,59.41
201205110800,201205110830,-11.1549,0.0,610.8,11.47,20.74,6.17173,17.0796,5.86912,15.9755,775.777,-9999.0,14.39,53.15
201205110830,201205110900,-10.8026,0.0,695.9,12.975,22.03,6.51876,16.989,6.18461,16.3978,876.694,-9999.0,14.35,51.03
201205110900,201205110930,-4.25704,0.0,771.0,13.779,23.14,6.82115,10.6689,6.45909,16.7615,967.396,-9999.0,14.33,51.38
201205110930,201205111000,-5.80442,0.0,835.0,14.825,24.05,7.0711,12.4009,6.68369,16.9822,1046.33,-9999.0,14.32,50.48
201205111000,201205111030,-8.90651,0.0,883.0,16.117,24.88,7.30072,15.6712,6.8902,17.0664,1112.14,-9999.0,14.33,48.77
201205111030,201205111100,-10.5701,0.0,919.0,17.494,25.52,7.47805,17.4637,7.04526,17.0789,1163.72,-9999.0,14.34,46.47
201205111100,201205111130,-5.58311,0.0,946.0,19.206,26.29,7.69355,12.6326,7.24183,17.0203,1200.16,-9999.0,14.36,43.85
201205111130,201205111200,-8.58834,0.0,961.0,20.714,26.84,7.84707,15.7481,7.37599,16.9414,1220.85,-9999.0,14.39,41.37
201205111200,201205111230,-8.13218,0.0,960.0,23.259,27.54,8.04459,15.4333,7.55821,16.711,1225.44,-9999.0,14.44,36.81
201205111230,201205111300,-10.192,0.0,942.0,23.685,27.96,8.16176,17.5762,7.65741,16.6049,1213.85,-9999.0,14.49,37.21
201205111300,201205111330,-7.21413,0.0,907.0,22.695,28.01,8.1717,14.6043,7.6434,16.5262,1186.27,-9999.0,14.55,40.01
201205111330,201205111400,-1.82667,0.0,867.0,24.414,28.6,8.33866,9.33512,7.7978,16.1934,1143.18,-9999.0,14.62,37.64
201205111400,201205111430,-7.74017,0.0,799.0,25.381,28.98,8.44485,15.3232,7.88852,15.7449,1085.31,-9999.0,14.7,36.58
201205111430,201205111500,-4.69738,0.0,741.0,25.308,29.25,8.51905,12.332,7.94562,15.3869,1013.66,-9999.0,14.8,37.74
201205111500,201205111530,-3.4518,0.0,635.8,22.447,28.28,8.23166,10.8803,7.61027,14.7727,929.45,-9999.0,14.9,41.59
201205111530,201205111600,-7.30794,0.0,576.4,21.861,28.11,8.17776,14.6967,7.52761,14.2677,834.12,-9999.0,15.01,42.55
201205111600,201205111630,0.493102,0.0,476.9,20.841,27.42,7.97403,6.74819,7.2823,13.2472,729.303,-9999.0,15.1,42.98
201205111630,201205111700,7.65531,0.0,385.5,20.411,27.29,7.93219,-0.445282,7.21188,12.0245,616.792,-9999.0,15.19,43.73
201205111700,201205111730,5.20403,0.0,284.9,20.117,26.9,7.81596,1.921,7.06062,10.2771,498.513,-9999.0,15.26,43.26
201205111730,201205111800,3.86098,0.0,187.2,19.462,26.64,7.73731,3.20604,6.94975,7.99496,376.488,-9999.0,15.33,44.26
201205111800,201205111830,5.72919,0.0,88.0,17.712,25.9,7.52275,1.18091,6.69161,4.68218,252.806,-9999.0,15.39,47.01
201205111830,201205111900,-9999.0,1.0,33.49,14.175,23.98,6.98067,1.19378,6.08413,2.07847,129.583,-9999.0,15.44,52.45
201205111900,201205111930,-9999.0,1.0,8.91,10.615,21.91,6.40999,1.33732,5.45562,0.593358,19.6227,-9999.0,15.48,59.64
201205111930,201205112000,-9999.0,1.0,0.396,7.472,20.11,5.92577,0.891795,4.92667,0.026676,0.0,-9999.0,15.52,68.27
201205112000,201205112030,-9999.0,1.0,0.33,5.237,18.62,5.53399,0.35277,4.49946,0.021793,0.0,-9999.0,15.55,75.6
201205112030,201205112100,-9999.0,1.0,0.33,3.741,17.33,5.20195,0.362192,4.13777,0.02135,0.0,-9999.0,15.56,81.1
201205112100,201205112130,-9999.0,1.0,0.33,2.842,16.23,4.9243,0.126323,3.83416,0.020907,0.0,-9999.0,15.57,84.6
201205112130,201205112200,-9999.0,1.0,0.33,2.312,16.14,4.89929,0.082204,3.77846,0.020464,0.0,-9999.0,15.57,87.4
201205112200,201205112230,-9999.0,1.0,0.33,2.27,15.85,4.82518,-0.102352,3.67515,0.020021,0.0,-9999.0,15.57,87.4
201205112230,201205112300,-9999.0,1.0,0.33,1.658,14.71,4.54594,-0.108436,3.37551,0.019578,0.0,-9999.0,15.56,90.1
201205112300,201205112330,-9999.0,1.0,0.33,1.17,13.83,4.33425,-0.194326,3.14398,0.019136,0.0,-9999.0,15.54,92.6
201205112330,201205120000,-9999.0,1.0,0.33,0.775,13.53,4.26141,0.147974,3.04444,0.018693,0.0,-9999.0,15.52,95.0
201205120000,201205120030,-9999.0,1.0,0.33,0.516,13.65,4.28707,-0.01283,3.03702,0.01825,0.0,-9999.0,15.5,96.7
201205120030,201205120100,-9999.0,1.0,0.33,0.663,13.81,4.32218,-0.306863,3.06834,0.018343,0.0,-9999.0,15.47,95.8
201205120100,201205120130,-9999.0,1.0,0.33,2.364,15.18,4.64602,-0.202522,3.37446,0.018436,0.0,-9999.0,15.44,86.3
201205120130,201205120200,-9999.0,1.0,0.33,1.98,13.73,4.29851,-0.083963,3.0431,0.018529,0.0,-9999.0,15.41,87.4
201205120200,201205120230,-9999.0,1.0,0.33,1.064,12.17,3.93684,0.108744,2.70673,0.018622,0.0,-9999.0,15.37,92.5
201205120230,201205120300,-9999.0,1.0,0.33,0.685,11.95,3.88497,0.121444,2.65764,0.018715,0.0,-9999.0,15.34,95.1
201205120300,201205120330,-9999.0,1.0,0.33,1.79,12.93,4.10563,0.15551,2.8584,0.018808,0.0,-9999.0,15.3,88.0
201205120330,201205120400,-9999.0,1.0,0.33,2.252,12.63,4.03458,0.093797,2.79099,0.018901,0.0,-9999.0,15.26,84.6
201205120400,201205120430,-9999.0,1.0,0.33,3.194,12.8,4.07114,0.123303,2.82304,0.018994,0.0,-9999.0,15.22,78.4
201205120430,201205120500,-9999.0,1.0,3.25,4.284,13.43,4.21402,0.381981,2.95451,0.186726,0.102625,-9999.0,15.18,72.2
201205120500,201205120530,-9999.0,1.0,41.31,5.086,14.07,4.36105,0.633159,3.09175,2.19427,64.8702,-9999.0,15.14,68.34
201205120530,201205120600,-9999.0,1.0,121.1,6.71,16.12,4.85006,10.3818,3.56403,5.53271,186.664,-9999.0,15.09,63.39
201205120600,201205120630,-9999.0,1.0,219.0,8.185,17.91,5.29156,9.94462,4.006,8.53809,310.111,-9999.0,15.05,60.13
201205120630,201205120700,-9999.0,1.0,159.6,11.447,20.29,5.89915,12.2248,4.63753,6.8657,433.101,-9999.0,15.01,51.93
201205120700,201205120730,-9999.0,1.0,418.8,12.958,21.71,6.26996,13.0412,5.0363,12.5472,553.528,-9999.0,14.97,50.13
201205120730,201205120800,-16.1718,0.0,524.4,14.862,23.09,6.63645,22.4016,5.44032,13.9832,669.331,-9999.0,14.93,47.4
201205120800,201205120830,-12.5842,0.0,616.9,16.634,24.12,6.91269,19.0177,5.75212,14.9989,778.53,-9999.0,14.91,44.67
201205120830,201205120900,-15.7389,0.0,700.0,19.507,25.73,7.35256,22.4938,6.25817,15.7402,879.257,-9999.0,14.89,41.05
201205120900,201205120930,-12.467,0.0,772.0,20.401,26.3,7.50714,19.3332,6.44238,16.3229,969.786,-9999.0,14.88,40.39
201205120930,201205121000,-9.81471,0.0,839.0,21.171,26.83,7.65118,16.784,6.61642,16.8052,1048.57,-9999.0,14.89,40.04
201205121000,201205121030,-2.13736,0.0,893.0,22.562,27.35,7.79295,9.20773,6.78983,17.1404,1114.26,-9999.0,14.9,38.02
201205121030,201205121100,-10.3916,0.0,933.0,24.399,27.99,7.9692,17.5873,7.00668,17.3501,1165.73,-9999.0,14.92,35.43
201205121100,201205121130,-9.96291,0.0,960.0,25.913,28.54,8.12063,17.2657,7.19627,17.4779,1202.11,-9999.0,14.96,33.58
201205121130,201205121200,-7.63601,0.0,976.0,27.698,28.96,8.23551,15.0194,7.34336,17.5281,1222.76,-9999.0,15.0,30.71
201205121200,201205121230,-9.44918,0.0,974.0,28.674,29.46,8.37352,16.9293,7.52055,17.5023,1227.34,-9999.0,15.05,30.31
201205121230,201205121300,-10.2845,0.0,960.0,29.797,29.78,8.4603,17.8248,7.636,17.4054,1215.77,-9999.0,15.11,28.9
201205121300,201205121330,-12.2921,0.0,928.0,31.391,30.25,8.59028,19.9229,7.80663,17.1899,1188.25,-9999.0,15.17,27.09
201205121330,201205121400,-12.261,0.0,885.0,33.402,31.09,8.82733,20.057,8.11495,16.8864,1145.24,-9999.0,15.24,26.05
201205121400,201205121430,-4.65637,0.0,824.0,32.128,31.1,8.82513,12.4496,8.12159,16.5601,1087.48,-9999.0,15.32,28.91
201205121430,201205121500,-6.82007,0.0,749.0,25.768,28.96,8.20711,14.1762,7.35204,16.2632,1015.96,-9999.0,15.43,35.54
201205121500,201205121530,-6.27593,0.0,667.6,25.081,28.35,8.0296,13.5044,7.13922,15.6463,931.912,-9999.0,15.53,35.0
201205121530,201205121600,-9.21386,0.0,590.6,23.799,27.92,7.90376,16.3512,6.99069,14.9843,836.763,-9999.0,15.63,36.76
201205121600,201205121630,-0.833872,0.0,498.4,22.668,27.63,7.81775,7.90845,6.89124,14.0073,732.145,-9999.0,15.72,38.74
201205121630,201205121700,4.53299,0.0,391.9,22.759,27.64,7.81604,2.53922,6.89529,12.5325,619.847,-9999.0,15.79,38.53
201205121700,201205121730,-6.6181,0.0,286.6,22.291,27.54,7.78351,13.6658,6.86137,10.6268,501.791,-9999.0,15.86,39.44
201205121730,201205121800,-2.76748,0.0,179.5,21.903,27.33,7.72031,9.76866,6.78953,7.94378,379.997,-9999.0,15.91,39.76
201205121800,201205121830,0.861064,0.0,76.8,19.134,25.99,7.34413,5.86716,6.3358,4.1849,256.55,-9999.0,15.96,43.06
201205121830,201205121900,8.18138,0.0,36.62,15.328,24.58,6.9542,-1.73904,5.87315,2.19957,133.56,-9999.0,16.0,50.4
201205121900,201205121930,-9999.0,1.0,8.91,10.615,22.11,6.28915,1.27397,5.10273,0.575541,22.0808,-9999.0,16.03,60.13
201205121930,201205122000,-9999.0,1.0,0.667,9.015,20.35,5.82695,0.645973,4.58517,0.044177,0.0,-9999.0,16.05,62.28
201205122000,201205122030,2.95198,0.0,0.33,7.031,18.85,5.44179,2.34937,4.16528,0.021969,0.0,-9999.0,16.07,67.71
201205122030,201205122100,6.56593,0.0,0.33,5.522,17.56,5.11745,-1.51751,3.82001,0.022062,0.0,-9999.0,16.08,72.5
201205122100,201205122130,-9999.0,1.0,0.33,4.609,16.92,4.95774,0.278738,3.65266,0.022155,0.0,-9999.0,16.08,76.1
201205122130,201205122200,-9999.0,1.0,0.33,3.155,16.04,4.7423,-0.129956,3.42998,0.022248,0.0,-9999.0,16.07,82.7
201205122200,201205122230,-9999.0,1.0,0.33,2.035,15.17,4.53286,-0.373848,3.21693,0.022341,0.0,-9999.0,16.05,88.2
201205122230,201205122300,-9999.0,1.0,0.33,1.82,14.67,4.41306,-0.294529,3.09614,0.022433,0.0,-9999.0,16.04,89.1
201205122300,201205122330,-9999.0,1.0,0.33,1.315,14.04,4.2646,-0.437484,2.94831,0.022526,0.0,-9999.0,16.01,91.8
201205122330,201205130000,-9999.0,1.0,0.33,1.251,14.05,4.26441,-0.438344,2.94676,0.022619,0.0,-9999.0,15.98,92.2
201205130000,201205130030,-9999.0,1.0,0.33,0.944,13.25,4.07957,0.12768,2.76545,0.022712,0.0,-9999.0,15.95,93.8
201205130030,201205130100,-9999.0,1.0,0.33,0.695,12.79,3.97381,-0.057312,2.66239,0.022805,0.0,-9999.0,15.91,95.3
201205130100,201205130130,-9999.0,1.0,0.33,0.571,12.66,3.94248,-0.107171,2.63086,0.022898,0.0,-9999.0,15.88,96.1
201205130130,201205130200,-9999.0,1.0,0.33,0.643,13.69,4.17218,-0.239433,2.85083,0.022991,0.0,-9999.0,15.84,95.9
201205130200,201205130230,-9999.0,1.0,0.33,0.47,13.7,4.17202,-0.389615,2.84924,0.023084,0.0,-9999.0,15.79,97.0
201205130230,201205130300,-9999.0,1.0,0.33,0.527,12.64,3.93112,-0.118537,2.615,0.023177,0.0,-9999.0,15.75,96.4
201205130300,201205130330,-9999.0,1.0,0.33,0.366,11.48,3.67447,0.149418,2.37193,0.02327,0.0,-9999.0,15.7,97.3
201205130330,201205130400,-9999.0,1.0,0.33,0.237,11.05,3.57985,0.216545,2.28281,0.023363,0.0,-9999.0,15.66,98.2
201205130400,201205130430,-9999.0,1.0,0.33,0.171,11.04,3.57562,0.212366,2.27697,0.023456,0.0,-9999.0,15.62,98.7
201205130430,201205130500,-9999.0,1.0,3.63,0.156,10.83,3.52878,0.328626,2.23217,0.256772,0.350061,-9999.0,15.57,98.8
201205130500,201205130530,-9999.0,1.0,43.44,0.0,11.44,3.65724,0.567799,2.34837,2.78992,68.8903,-9999.0,15.52,100.0
201205130530,201205130600,-9999.0,1.0,120.2,0.112,12.01,3.77875,10.1485,2.46011,6.54315,190.455,-9999.0,15.47,99.2
201205130600,201205130630,-9999.0,2.0,210.6,0.091,13.21,4.04205,16.1477,2.71055,9.72312,313.671,-9999.0,15.42,99.4
201205130630,201205130700,-9999.0,1.0,159.3,1.74,16.11,4.70929,13.1401,3.38276,8.08744,436.429,-9999.0,15.37,90.5
201205130700,201205130730,-9999.0,1.0,417.5,4.664,18.79,5.35741,17.4394,4.08147,14.32,556.63,-9999.0,15.33,78.5
201205130730,201205130800,-9999.0,1.0,518.9,7.687,20.91,5.88856,13.5179,4.6866,15.817,672.216,-9999.0,15.28,68.93
201205130800,201205130830,-9999.0,1.0,577.4,10.408,22.45,6.28285,19.8247,5.155,16.5303,781.209,-9999.0,15.24,61.71
201205130830,201205130900,-14.6471,0.0,687.4,14.296,24.22,6.74541,20.9069,5.72429,17.3857,881.746,-9999.0,15.21,52.73
201205130900,201205130930,-9999.0,1.0,776.0,17.347,25.45,7.07069,14.1209,6.13886,17.8882,972.106,-9999.0,15.19,46.7
201205130930,201205131000,-9999.0,1.0,840.0,19.275,26.5,7.34318,16.3071,6.50542,18.1939,1050.74,-9999.0,15.18,44.34
201205131000,201205131030,-18.107,0.0,891.0,20.212,27.22,7.52731,24.9432,6.76371,18.451,1116.31,-9999.0,15.18,44.05
201205131030,201205131100,-16.3188,0.0,927.0,21.934,28.06,7.74501,23.3159,7.07226,18.5234,1167.69,-9999.0,15.19,42.19
201205131100,201205131130,-16.0429,0.0,954.0,23.255,28.81,7.93877,23.1831,7.35446,18.5665,1203.99,-9999.0,15.21,41.32
201205131130,201205131200,-16.5972,0.0,953.0,25.118,29.36,8.07772,23.841,7.56587,18.4078,1224.61,-9999.0,15.25,38.6
201205131200,201205131230,-14.3642,0.0,940.0,25.34,29.57,8.12264,21.6375,7.64869,18.3402,1229.18,-9999.0,15.29,38.8
201205131230,201205131300,-14.4471,0.0,937.0,23.381,29.52,8.0956,21.6988,7.63117,18.5319,1217.63,-9999.0,15.35,43.37
201205131300,201205131330,-17.8976,0.0,905.0,22.55,29.44,8.06034,25.1218,7.60198,18.4625,1190.16,-9999.0,15.41,45.13
201205131330,201205131400,-9999.0,1.0,855.0,23.253,29.8,8.14632,9.26476,7.74405,18.1316,1147.23,-9999.0,15.48,44.58
201205131400,201205131430,-9999.0,2.0,802.0,23.401,29.93,8.1688,22.3507,7.79713,17.8112,1089.58,-9999.0,15.57,44.64
201205131430,201205131500,-9999.0,1.0,736.0,23.342,29.67,8.08393,12.9923,7.6971,17.3851,1018.2,-9999.0,15.67,43.95
201205131500,201205131530,-8.14522,0.0,647.7,22.982,29.49,8.02134,15.3319,7.62857,16.7361,934.303,-9999.0,15.77,44.24
201205131530,201205131600,-4.23429,0.0,565.0,21.768,28.93,7.85541,11.3004,7.41282,16.0696,839.333,-9999.0,15.87,45.45
201205131600,201205131630,-7.43076,0.0,473.9,19.438,28.29,7.66902,14.3613,7.16897,15.194,734.911,-9999.0,15.96,49.45
201205131630,201205131700,-9999.0,1.0,379.1,18.482,27.84,7.53516,0.737941,6.9997,13.8552,622.824,-9999.0,16.04,50.66
201205131700,201205131730,-9999.0,1.0,284.9,17.61,27.18,7.34609,6.72042,6.75397,12.0628,504.99,-9999.0,16.11,51.14
201205131730,201205131800,2.22602,0.0,192.9,17.213,26.83,7.24084,4.38908,6.62522,9.62749,383.425,-9999.0,16.17,51.25
201205131800,201205131830,3.22904,0.0,106.5,16.406,26.43,7.12299,3.2983,6.47914,6.38612,260.21,-9999.0,16.22,52.43
201205131830,201205131900,4.38048,0.0,23.05,13.018,24.57,6.62522,1.78038,5.82021,1.71329,137.451,-9999.0,16.26,57.85
201205131900,201205131930,4.72694,0.0,7.26,8.804,22.03,5.96739,0.941741,4.97809,0.566225,24.634,-9999.0,16.29,66.77
201205131930,201205132000,7.02839,0.0,0.494,5.822,20.19,5.50228,-1.71478,4.41011,0.039409,0.0,-9999.0,16.32,75.4
201205132000,201205132030,5.09799,0.0,0.33,4.076,19.04,5.21497,-0.00735,4.07249,0.026431,0.0,-9999.0,16.34,81.5
201205132030,201205132100,4.06134,0.0,0.33,3.138,18.21,5.00884,0.867385,3.83675,0.026524,0.0,-9999.0,16.34,85.0
201205132100,201205132130,4.83909,0.0,0.33,2.654,17.58,4.85259,-0.034335,3.66195,0.026617,0.0,-9999.0,16.35,86.8
201205132130,201205132200,5.14472,0.0,0.33,2.012,16.82,4.66843,-0.486735,3.45745,0.02671,0.0,-9999.0,16.34,89.5
201205132200,201205132230,3.35037,0.0,0.33,1.59,16.44,4.57359,1.23083,3.3558,0.026803,0.0,-9999.0,16.33,91.5
201205132230,201205132300,4.92096,0.0,0.33,1.3,16.11,4.49095,-0.407093,3.26828,0.026896,0.0,-9999.0,16.31,92.9
201205132300,201205132330,5.89843,0.0,0.33,0.952,15.51,4.3485,-1.5,3.11511,0.026989,0.0,-9999.0,16.29,94.6
201205132330,201205140000,4.4649,0.0,0.33,0.436,15.33,4.30105,-0.106091,3.06736,0.027082,0.0,-9999.0,16.26,97.5
201205140000,201205140030,4.28346,0.0,0.33,0.393,15.03,4.22736,0.01452,2.99097,0.027175,0.0,-9999.0,16.23,97.7
201205140030,201205140100,4.74011,0.0,0.33,0.234,14.69,4.14551,-0.509724,2.90777,0.02713,0.0,-9999.0,16.2,98.6
201205140100,201205140130,5.83629,0.0,0.33,0.199,14.54,4.10574,-1.63959,2.87037,0.027084,0.0,-9999.0,16.17,98.8
201205140130,201205140200,5.05928,0.0,0.33,0.272,14.96,4.19049,-0.795541,2.96793,0.027039,0.0,-9999.0,16.13,98.4
201205140200,201205140230,3.10913,0.0,0.33,0.564,15.02,4.1965,1.15795,2.98024,0.026994,0.0,-9999.0,16.1,96.7
201205140230,201205140300,3.21892,0.0,0.33,0.386,14.74,4.12823,0.991536,2.9114,0.026948,0.0,-9999.0,16.06,97.7
201205140300,201205140330,4.73819,0.0,0.33,0.665,14.6,4.0908,-0.559512,2.87631,0.026903,0.0,-9999.0,16.02,96.0
201205140330,201205140400,5.65234,0.0,0.33,0.344,13.67,3.88454,-1.64302,2.66064,0.026858,0.0,-9999.0,15.98,97.8
201205140400,201205140430,7.04538,0.0,0.33,0.14,13.63,3.86941,-3.04987,2.64973,0.026812,0.0,-9999.0,15.95,99.1
201205140430,201205140500,5.27127,0.0,2.635,0.139,13.44,3.8227,-1.31546,2.60548,0.212336,0.734272,-9999.0,15.91,99.1
201205140500,201205140530,1.36549,0.0,27.65,0.06,12.92,3.70749,2.49412,2.48991,2.0775,72.8221,-9999.0,15.87,99.6
201205140530,201205140600,-3.95355,0.0,100.5,6.888,13.21,3.76142,7.85621,2.551,6.32732,194.16,-9999.0,15.83,54.6507
201205140600,201205140630,-5.96205,0.0,184.0,8.572,14.63,4.0552,10.103,2.87111,9.77653,317.146,-9999.0,15.79,48.5376
201205140630,201205140700,-8.00319,0.0,171.4,0.662,17.06,4.58085,12.5627,3.47363,9.31555,439.676,-9999.0,15.75,96.6
201205140700,201205140730,-12.9155,0.0,391.2,3.151,19.15,5.04852,17.8385,4.0457,15.013,559.653,-9999.0,15.71,85.8
201205140730,201205140800,-12.2697,0.0,490.6,5.358,20.73,5.40889,17.4675,4.51077,16.625,675.023,-9999.0,15.67,78.1
201205140800,201205140830,-15.3495,0.0,587.8,6.734,21.72,5.63454,20.7166,4.81569,17.8805,783.814,-9999.0,15.64,74.1
201205140830,201205140900,-17.7199,0.0,684.3,9.328,22.72,5.86479,23.2582,5.13495,18.9022,884.163,-9999.0,15.62,66.24
201205140900,201205140930,-21.7143,0.0,771.0,10.964,23.75,6.10445,27.4292,5.47562,19.5727,974.355,-9999.0,15.6,62.71
201205140930,201205141000,-18.7899,0.0,638.9,11.807,24.25,6.21593,24.5853,5.64382,18.2709,1052.84,-9999.0,15.59,61.03
201205141000,201205141030,-15.8542,0.0,650.0,11.803,24.39,6.23931,21.6647,5.68937,18.3856,1118.29,-9999.0,15.59,61.37
201205141030,201205141100,-20.127,0.0,915.0,12.871,25.05,6.39031,26.0466,5.91751,20.4136,1169.57,-9999.0,15.6,59.5
201205141100,201205141130,-18.8286,0.0,835.0,15.224,25.67,6.53195,24.8498,6.13602,19.616,1205.81,-9999.0,15.62,53.83
201205141130,201205141200,-20.3079,0.0,959.0,17.171,25.97,6.59464,26.3727,6.24175,20.1981,1226.39,-9999.0,15.64,48.84
201205141200,201205141230,-20.2622,0.0,975.0,17.291,25.9,6.5657,26.3037,6.21339,20.2863,1230.95,-9999.0,15.68,48.27
201205141230,201205141300,-17.541,0.0,961.0,16.376,26.24,6.63809,23.633,6.33451,20.3228,1219.42,-9999.0,15.72,51.98
201205141300,201205141330,-17.2263,0.0,888.0,16.372,26.51,6.69311,23.356,6.43097,19.8825,1192.0,-9999.0,15.77,52.75
201205141330,201205141400,-13.7706,0.0,491.6,15.537,25.97,6.54811,19.7926,6.23005,16.1754,1149.15,-9999.0,15.82,53.71
201205141400,201205141430,-16.4632,0.0,106.4,11.653,23.63,5.96895,22.0568,5.40712,6.45476,1091.61,-9999.0,15.89,60.08
201205141430,201205141500,-15.045,0.0,218.4,10.343,22.63,5.72068,20.4513,5.07287,10.7382,1020.36,-9999.0,15.96,62.36
201205141500,201205141530,-13.0891,0.0,201.7,10.373,22.19,5.607,18.4081,4.92796,10.1958,936.622,-9999.0,16.03,61.23
201205141530,201205141600,-12.9495,0.0,177.4,9.622,21.16,5.35742,18.078,4.60119,9.36403,841.829,-9999.0,16.09,61.7
201205141600,201205141630,-9.91128,0.0,225.7,9.109,20.6,5.21917,14.9327,4.42754,10.9449,737.602,-9999.0,16.14,62.47
201205141630,201205141700,-8.43139,0.0,218.3,8.951,20.17,5.11188,13.369,4.29614,10.7085,625.724,-9999.0,16.17,62.13
201205141700,201205141730,-3.01802,0.0,85.0,7.272,18.26,4.67581,7.61687,3.74743,5.3734,508.109,-9999.0,16.2,65.35
201205141730,201205141800,-2.81567,0.0,53.36,6.346,16.97,4.38678,7.18602,3.40026,3.61915,386.771,-9999.0,16.21,67.2
201205141800,201205141830,-2.04963,0.0,31.22,5.973,16.03,4.17864,6.25317,3.15901,2.23055,263.785,-9999.0,16.21,67.22
201205141830,201205141900,-0.479901,0.0,9.65,5.768,15.54,4.06825,4.59362,3.03636,0.727348,141.255,-9999.0,16.21,67.34
201205141900,201205141930,2.96737,0.0,1.625,5.639,14.79,3.9056,1.0139,2.85528,0.124903,27.2738,-9999.0,16.2,66.49
201205141930,201205142000,3.25951,0.0,0.336,5.414,14.33,3.80457,0.63842,2.74672,0.02587,0.0,-9999.0,16.18,66.86
201205142000,201205142030,3.62349,0.0,0.33,4.672,13.85,3.70073,0.188415,2.63621,0.025363,0.0,-9999.0,16.15,70.5
201205142030,201205142100,-9999.0,1.0,0.33,2.201,12.58,3.44272,0.58343,2.36003,0.025318,0.0,-9999.0,16.12,84.9
201205142100,201205142130,-9999.0,1.0,0.33,0.779,11.34,3.19837,0.876214,2.10821,0.025272,0.0,-9999.0,16.09,94.2
201205142130,201205142200,-9999.0,1.0,0.33,0.932,10.99,3.12672,0.910746,2.03909,0.025227,0.0,-9999.0,16.05,92.9
201205142200,201205142230,-9999.0,1.0,0.33,1.271,10.81,3.08744,0.958991,2.00329,0.025182,0.0,-9999.0,16.0,90.2
201205142230,201205142300,-9999.0,1.0,0.33,2.088,10.72,3.06509,0.850121,1.9847,0.025136,0.0,-9999.0,15.96,83.8
201205142300,201205142330,-9999.0,1.0,0.33,2.939,10.79,3.07242,0.943778,1.99618,0.025091,0.0,-9999.0,15.91,77.3
201205142330,201205150000,-9999.0,1.0,0.3,3.27,10.82,3.07232,0.942446,2.00015,0.022771,0.0,-9999.0,15.85,74.8
201205150000,201205150030,-9999.0,1.0,0.162,3.58,11.09,3.11671,0.909021,2.0497,0.012278,0.0,-9999.0,15.79,72.9
201205150030,201205150100,-9999.0,1.0,0.121,3.551,11.08,3.1091,0.901337,2.04609,0.009155,0.0,-9999.0,15.73,73.1
201205150100,201205150130,0.929463,0.0,0.061,3.713,11.2,3.12561,2.39203,2.06738,0.004608,0.0,-9999.0,15.68,72.1
201205150130,201205150200,1.97393,0.0,0.039,3.81,11.27,3.13282,1.35235,2.07915,0.002941,0.0,-9999.0,15.62,71.5
201205150200,201205150230,0.979576,0.0,0.018,3.946,11.28,3.12886,2.3421,2.07936,0.001355,0.0,-9999.0,15.56,70.5
201205150230,201205150300,2.05509,0.0,0.041,3.707,11.07,3.08427,1.22773,2.03739,0.00308,0.0,-9999.0,15.5,71.9
201205150300,201205150330,8.03329,0.0,0.032,3.574,11.01,3.0675,-4.76589,2.02428,0.0024,0.0,-9999.0,15.44,72.8
201205150330,201205150400,1.89143,0.0,0.074,3.951,10.94,3.04896,1.35905,2.00934,0.005539,0.0,-9999.0,15.39,69.79
201205150400,201205150430,-9999.0,1.0,0.141,4.659,10.97,3.04874,0.841535,2.01332,0.010532,0.0,-9999.0,15.33,64.45
201205150430,201205150500,-9999.0,1.0,2.749,4.76,10.97,3.04303,0.835452,2.01164,0.203594,1.24705,-9999.0,15.28,63.68
201205150500,201205150530,-9999.0,1.0,37.63,4.807,10.97,3.03732,1.15634,2.00995,2.55457,76.6645,-9999.0,15.22,63.32
201205150530,201205150600,-9999.0,1.0,75.0,4.973,11.34,3.09914,4.10387,2.07888,4.67798,197.779,-9999.0,15.17,62.97
201205150600,201205150630,-9999.0,1.0,226.0,5.609,11.8,3.17793,9.48745,2.16705,10.692,320.538,-9999.0,15.12,59.49
201205150630,201205150700,-9999.0,1.0,334.7,6.285,12.43,3.28913,14.1804,2.29221,13.5191,442.841,-9999.0,15.06,56.45
201205150700,201205150730,-9999.0,1.0,448.9,7.165,13.25,3.43768,15.813,2.46225,15.7387,562.597,-9999.0,15.01,52.95
201205150730,201205150800,-12.7534,0.0,478.9,7.404,13.54,3.48646,16.3572,2.52293,16.2274,677.754,-9999.0,14.97,52.29
201205150800,201205150830,-16.2045,0.0,578.3,7.605,13.88,3.54499,19.8548,2.59557,17.6556,786.344,-9999.0,14.92,52.07
201205150830,201205150900,-21.8882,0.0,571.2,8.023,13.98,3.55746,25.5472,2.61578,17.56,886.509,-9999.0,14.88,49.76
201205150900,201205150930,-21.9935,0.0,757.0,9.036,14.69,3.68797,25.7571,2.77451,19.6446,976.533,-9999.0,14.83,45.96
201205150930,201205151000,-17.494,0.0,752.0,9.975,15.37,3.81398,21.359,2.93178,19.5984,1054.88,-9999.0,14.8,42.9
201205151000,201205151030,-14.0485,0.0,803.0,10.272,15.45,3.8245,17.9201,2.94876,20.0508,1120.2,-9999.0,14.77,41.5
201205151030,201205151100,-17.723,0.0,920.0,10.734,16.27,3.98179,21.7184,3.14652,20.9681,1171.39,-9999.0,14.75,41.99
201205151100,201205151130,-16.2048,0.0,923.0,10.829,16.11,3.94444,20.1686,3.10472,20.9881,1207.56,-9999.0,14.74,40.88
201205151130,201205151200,-16.0211,0.0,991.0,11.02,16.43,4.00274,20.0293,3.18201,21.4605,1228.1,-9999.0,14.73,41.05
201205151200,201205151230,-16.3843,0.0,930.0,10.806,16.31,3.97331,20.3672,3.14986,21.0537,1232.66,-9999.0,14.73,41.75
201205151230,201205151300,-15.4212,0.0,928.0,11.187,16.76,4.05762,19.4691,3.26073,21.0133,1221.15,-9999.0,14.73,41.4
201205151300,201205151330,-12.945,0.0,961.0,11.132,16.82,4.06402,16.996,3.27374,21.2639,1193.78,-9999.0,14.74,41.91
201205151330,201205151400,-17.3253,0.0,540.4,11.006,16.62,4.01845,21.3383,3.22084,17.05,1151.01,-9999.0,14.76,41.83
201205151400,201205151430,-11.9799,0.0,746.0,11.188,16.84,4.05675,16.0212,3.27433,19.4699,1093.57,-9999.0,14.79,41.69
201205151430,201205151500,-11.2714,0.0,688.4,11.827,17.5,4.18356,15.4106,3.44259,18.8332,1022.45,-9999.0,14.82,40.88
201205151500,201205151530,-11.3553,0.0,644.8,11.776,17.29,4.13549,15.4547,3.38549,18.3464,938.871,-9999.0,14.86,40.35
201205151530,201205151600,-9.63675,0.0,487.1,11.452,17.1,4.09169,13.6997,3.3341,16.2109,844.252,-9999.0,14.89,41.29
201205151600,201205151630,-7.5297,0.0,408.7,11.256,16.97,4.06006,11.5658,3.29848,14.8548,740.217,-9999.0,14.93,41.82
201205151630,201205151700,-6.99001,0.0,265.6,10.816,16.69,3.99884,10.9758,3.2251,11.6171,628.546,-9999.0,14.95,43.09
201205151700,201205151730,-3.77472,0.0,181.3,9.684,15.8,3.81875,7.61565,3.00298,9.02229,511.148,-9999.0,14.97,46.07
201205151730,201205151800,-3.1361,0.0,160.2,9.72,15.74,3.80176,6.9616,2.98634,8.24701,390.034,-9999.0,14.98,45.66
201205151800,201205151830,-2.52513,0.0,112.8,10.054,15.9,3.82746,6.36923,3.0229,6.30524,267.275,-9999.0,14.99,44.37
201205151830,201205151900,1.92377,0.0,41.55,9.156,15.29,3.70441,1.82017,2.87483,2.67346,144.971,-9999.0,14.99,47.32
201205151900,201205151930,-9999.0,1.0,9.83,7.135,13.71,3.40126,1.15187,2.51507,0.67801,29.9911,-9999.0,14.97,54.53
201205151930,201205152000,-9999.0,1.0,0.635,5.501,12.19,3.11944,0.840046,2.1963,0.044675,0.0,-9999.0,14.96,61.28
201205152000,201205152030,-9999.0,1.0,0.33,4.686,11.13,2.92773,0.694638,1.98917,0.023189,0.0,-9999.0,14.95,64.62
201205152030,201205152100,-9999.0,1.0,0.33,3.547,9.68,2.67557,0.770411,1.72702,0.023143,0.0,-9999.0,14.93,70.5
201205152100,201205152130,-9999.0,1.0,0.33,2.839,8.6,2.49343,0.515687,1.54652,0.023098,0.0,-9999.0,14.9,74.6
201205152130,201205152200,-9999.0,1.0,0.33,2.341,7.94,2.38371,1.35596,1.44193,0.023053,0.0,-9999.0,14.87,78.1
201205152200,201205152230,-9999.0,1.0,0.33,1.995,7.53,2.31549,0.743238,1.37883,0.023007,0.0,-9999.0,14.84,80.8
201205152230,201205152300,-9999.0,1.0,0.33,1.994,7.6,2.3232,1.20858,1.38788,0.022962,0.0,-9999.0,14.79,80.9
201205152300,201205152330,-9999.0,1.0,0.33,1.743,7.16,2.25126,0.979328,1.322,0.022917,0.0,-9999.0,14.75,82.8
201205152330,201205160000,-9999.0,1.0,0.33,1.444,6.807,2.19374,0.927085,1.27041,0.022872,0.0,-9999.0,14.7,85.4
201205160000,201205160030,-9999.0,1.0,0.327,1.681,7.24,2.25722,0.982063,1.33093,0.022619,0.0,-9999.0,14.64,83.5
201205160030,201205160100,-9999.0,1.0,0.29,1.778,7.45,2.28657,0.854909,1.36026,0.020022,0.0,-9999.0,14.59,82.8
201205160100,201205160130,-9999.0,1.0,0.268,1.837,7.59,2.30511,1.18622,1.37959,0.018467,0.0,-9999.0,14.54,82.4
201205160130,201205160200,0.59253,0.0,0.23,1.653,7.35,2.26453,1.92408,1.34293,0.015818,0.0,-9999.0,14.48,83.9
201205160200,201205160230,-9999.0,1.0,0.202,1.667,7.48,2.28141,0.702958,1.36063,0.013866,0.0,-9999.0,14.43,83.9
201205160230,201205160300,-9999.0,1.0,0.27,1.605,7.38,2.26266,1.22952,1.34463,0.018493,0.0,-9999.0,14.37,84.4
201205160300,201205160330,-9999.0,1.0,0.33,1.183,6.4,2.11058,0.844431,1.20531,0.022555,0.0,-9999.0,14.32,87.7
201205160330,201205160400,2.28439,0.0,0.331,0.895,5.367,1.95597,-0.048297,1.06924,0.022577,0.0,-9999.0,14.27,90.0
201205160400,201205160430,3.81139,0.0,0.313,0.68,4.797,1.87191,-1.65294,0.998266,0.021308,0.0,-9999.0,14.21,92.1
201205160430,201205160500,-9999.0,1.0,3.907,0.573,4.918,1.88629,-0.463125,1.01171,0.26329,1.88,-9999.0,14.16,93.4
201205160500,201205160530,-9999.0,1.0,31.67,0.909,6.175,2.06509,1.53344,1.17011,2.00602,80.4165,-9999.0,14.1,90.4
201205160530,201205160600,-9999.0,1.0,51.27,1.031,5.268,1.93051,-0.365082,1.05231,3.11516,201.31,-9999.0,14.05,88.4
201205160600,201205160630,-9999.0,1.0,137.3,1.121,5.745,1.99631,9.60838,1.11142,7.12944,323.845,-9999.0,13.99,87.8
201205160630,201205160700,-11.081,0.0,254.1,2.442,8.43,2.39945,13.7023,1.49213,11.0653,445.925,-9999.0,13.94,77.9
201205160700,201205160730,-12.0425,0.0,377.3,3.936,11.19,2.84686,15.0428,1.96282,14.0777,565.461,-9999.0,13.88,70.4
201205160730,201205160800,-15.9412,0.0,486.0,5.522,13.45,3.23502,19.2598,2.4107,16.1209,680.409,-9999.0,13.83,64.21
201205160800,201205160830,-13.4686,0.0,657.2,6.673,14.69,3.4536,16.9619,2.68019,18.5867,788.801,-9999.0,13.79,60.09
201205160830,201205160900,-9.89896,0.0,690.9,9.663,16.86,3.85196,13.7061,3.19611,18.9922,888.782,-9999.0,13.75,49.7
201205160900,201205160930,-17.3213,0.0,834.0,11.64,18.09,4.08164,21.3053,3.51198,20.4149,978.642,-9999.0,13.72,43.94
201205160930,201205161000,-19.0739,0.0,913.0,12.749,18.86,4.22517,23.1664,3.71782,21.0636,1056.84,-9999.0,13.69,41.49
201205161000,201205161030,-14.6713,0.0,839.0,13.211,19.38,4.3208,18.8349,3.85995,20.3931,1122.05,-9999.0,13.69,41.3
201205161030,201205161100,-14.6872,0.0,974.0,14.174,20.04,4.44464,18.9429,4.04552,21.4956,1173.14,-9999.0,13.69,39.55
201205161100,201205161130,-24.6265,0.0,971.0,15.421,20.75,4.57932,28.9819,4.25102,21.417,1209.25,-9999.0,13.71,37.05
201205161130,201205161200,-23.6617,0.0,969.0,15.732,20.91,4.60454,28.0337,4.29613,21.3957,1229.75,-9999.0,13.74,36.41
201205161200,201205161230,-18.5815,0.0,987.0,14.814,20.82,4.57977,22.9326,4.26668,21.5909,1234.3,-9999.0,13.77,39.79
201205161230,201205161300,-18.2011,0.0,956.0,14.94,20.91,4.59093,22.5583,4.29094,21.3523,1222.81,-9999.0,13.81,39.61
201205161300,201205161330,-19.2698,0.0,920.0,14.79,20.78,4.55826,23.6,4.24961,21.074,1195.49,-9999.0,13.86,39.74
201205161330,201205161400,-18.7823,0.0,873.0,14.261,20.79,4.55347,23.1066,4.25,20.6983,1152.8,-9999.0,13.92,41.93
201205161400,201205161430,-10.9557,0.0,811.0,15.049,20.83,4.55464,15.2786,4.25931,20.0879,1095.47,-9999.0,14.0,38.87
201205161430,201205161500,-7.61929,0.0,739.0,15.361,20.71,4.52411,11.9169,4.22109,19.3345,1024.48,-9999.0,14.08,37.14
201205161500,201205161530,-1.64025,0.0,655.0,16.401,20.76,4.52724,5.9379,4.23334,18.3168,941.048,-9999.0,14.16,33.09
201205161530,201205161600,-10.4183,0.0,575.6,16.787,20.46,4.46141,14.664,4.1423,17.2441,846.603,-9999.0,14.24,30.24
201205161600,201205161630,-11.9959,0.0,474.1,15.944,20.34,4.43122,16.2166,4.10467,15.67,742.758,-9999.0,14.31,33.25
201205161630,201205161700,-8.91193,0.0,378.3,12.305,19.78,4.31552,13.0427,3.94078,13.9137,631.29,-9999.0,14.37,46.67
201205161700,201205161730,-6.07526,0.0,261.0,9.842,19.06,4.17032,10.0933,3.73639,11.0703,514.107,-9999.0,14.42,55.39
201205161730,201205161800,-5.49512,0.0,173.7,7.828,18.36,4.03084,9.4041,3.54367,8.29283,393.214,-9999.0,14.47,62.93
201205161800,201205161830,4.04798,0.0,100.7,6.668,17.9,3.93816,-0.212521,3.41946,5.37739,270.679,-9999.0,14.5,67.5
201205161830,201205161900,0.811664,0.0,33.16,5.754,17.1,3.78337,2.90174,3.21132,1.99211,148.599,-9999.0,14.53,70.5
201205161900,201205161930,2.38738,0.0,12.51,4.431,15.72,3.52608,1.12243,2.87202,0.780704,32.777,-9999.0,14.54,75.2
201205161930,201205162000,3.16163,0.0,0.921,3.611,14.83,3.36211,0.21628,2.6645,0.058705,0.0,-9999.0,14.56,78.6
201205162000,201205162030,2.82021,0.0,0.33,3.207,14.12,3.23263,0.452332,2.50531,0.021014,0.0,-9999.0,14.56,80.1
201205162030,201205162100,3.82048,0.0,0.33,2.265,12.82,3.00501,-0.733716,2.2309,0.020969,0.0,-9999.0,14.56,84.7
201205162100,201205162130,4.67901,0.0,0.33,1.561,11.77,2.82544,-1.74105,2.02325,0.020924,0.0,-9999.0,14.56,88.7
201205162130,201205162200,3.13188,0.0,0.33,1.246,11.3,2.74431,-0.262599,1.93345,0.020879,0.0,-9999.0,14.55,90.7
201205162200,201205162230,2.79949,0.0,0.33,1.137,11.1,2.70774,0.037864,1.89505,0.020833,0.0,-9999.0,14.53,91.4
201205162230,201205162300,2.20996,0.0,0.33,1.221,11.16,2.7133,0.630427,1.9043,0.020788,0.0,-9999.0,14.51,90.8
201205162300,201205162330,2.38992,0.0,0.327,1.719,11.94,2.83613,0.550313,2.04858,0.020554,0.0,-9999.0,14.49,87.7
201205162330,201205170000,1.76437,0.0,0.33,1.741,11.89,2.82359,1.16392,2.03723,0.020697,0.0,-9999.0,14.47,87.5
201205170000,201205170030,2.53018,0.0,0.33,1.238,11.37,2.73471,0.323181,1.93776,0.020652,0.0,-9999.0,14.44,90.8
201205170030,201205170100,2.08493,0.0,0.33,0.929,11.38,2.73213,0.764694,1.93789,0.020607,0.0,-9999.0,14.41,93.1
201205170100,201205170130,1.83056,0.0,0.33,0.558,11.18,2.69578,0.987377,1.89941,0.020561,0.0,-9999.0,14.38,95.8
201205170130,201205170200,2.27128,0.0,0.33,0.31,11.39,2.72534,0.569526,1.93628,0.020516,0.0,-9999.0,14.35,97.7
201205170200,201205170230,2.06466,0.0,0.33,0.306,11.2,2.69068,0.745873,1.89964,0.020471,0.0,-9999.0,14.32,97.7
201205170230,201205170300,2.71229,0.0,0.33,0.439,10.73,2.6119,0.031246,1.81336,0.020426,0.0,-9999.0,14.29,96.6
201205170300,201205170330,-9999.0,1.0,0.33,0.393,10.0,2.49389,0.667776,1.68528,0.02038,0.0,-9999.0,14.26,96.8
201205170330,201205170400,-9999.0,1.0,0.296,0.278,9.78,2.45615,0.598537,1.64676,0.018241,0.0,-9999.0,14.22,97.7
201205170400,201205170430,3.61122,0.0,0.341,0.29,9.74,2.44621,-1.01105,1.63853,0.020966,0.0,-9999.0,14.19,97.6
201205170430,201205170500,-9999.0,1.0,4.583,0.279,9.17,2.35593,0.417855,1.5441,0.278924,2.62459,-9999.0,14.16,97.6
201205170500,201205170530,-9999.0,1.0,39.89,0.128,9.22,2.35979,0.13253,1.55059,2.27455,84.0771,-9999.0,14.13,98.9
201205170530,201205170600,-3.51608,0.0,115.3,0.086,10.02,2.47764,6.13819,1.68069,5.81864,204.752,-9999.0,14.09,99.3
201205170600,201205170630,-9999.0,1.0,218.5,0.472,11.85,2.76093,10.6076,2.00653,9.55899,327.066,-9999.0,14.06,96.6
201205170630,201205170700,-9999.0,2.0,326.6,2.3,14.31,3.16178,15.0552,2.50449,12.5645,448.926,-9999.0,14.02,85.9
201205170700,201205170730,-9999.0,1.0,436.6,4.633,16.17,3.47658,19.6353,2.92691,14.9782,568.247,-9999.0,13.99,74.8
201205170730,201205170800,-13.1396,0.0,540.1,7.534,18.08,3.81038,16.8197,3.4031,16.8285,682.987,-9999.0,13.96,63.69
201205170800,201205170830,-12.9426,0.0,629.0,8.236,18.36,3.85496,16.6546,3.47451,18.1743,791.183,-9999.0,13.94,61.0
201205170830,201205170900,-15.3672,0.0,626.8,9.175,18.92,3.95055,19.1498,3.62245,18.1421,890.984,-9999.0,13.91,58.05
201205170900,201205170930,-14.2058,0.0,644.4,10.585,19.21,3.99723,18.0216,3.69932,18.3773,980.682,-9999.0,13.9,52.47
201205170930,201205171000,-18.4036,0.0,601.5,12.742,20.13,4.16001,22.3398,3.95509,17.7308,1058.74,-9999.0,13.91,45.96
201205171000,201205171030,-18.1572,0.0,358.1,12.642,19.89,4.10917,22.0529,3.88423,13.2371,1123.83,-9999.0,13.91,45.58
201205171030,201205171100,-15.7491,0.0,569.3,11.045,19.46,4.02388,19.5783,3.76107,17.2636,1174.83,-9999.0,13.93,51.17
201205171100,201205171130,-18.0906,0.0,721.0,10.62,20.02,4.12004,21.9899,3.91611,19.3777,1210.87,-9999.0,13.95,54.65
201205171130,201205171200,-18.12,0.0,879.0,11.434,20.5,4.20191,22.0783,4.05157,21.1154,1231.34,-9999.0,13.97,52.6
201205171200,201205171230,-17.4373,0.0,549.9,10.366,20.41,4.17863,21.3758,4.02293,16.9555,1235.88,-9999.0,14.0,56.79
201205171230,201205171300,-16.3289,0.0,752.0,10.439,20.4,4.17013,20.2587,4.01748,19.7605,1224.41,-9999.0,14.04,56.46
201205171300,201205171330,-16.9533,0.0,708.0,13.605,21.71,4.40625,21.0561,4.40381,19.1812,1197.14,-9999.0,14.08,47.64
201205171330,201205171400,-18.5289,0.0,582.0,12.18,21.09,4.28396,22.5388,4.21456,17.4376,1154.52,-9999.0,14.12,51.31
201205171400,201205171430,-14.4063,0.0,502.4,13.018,20.61,4.18867,18.3429,4.07073,16.1106,1097.3,-9999.0,14.17,46.4
201205171430,201205171500,-13.7767,0.0,293.2,11.473,19.63,4.00353,17.5725,3.78857,11.5663,1026.44,-9999.0,14.23,49.81
201205171500,201205171530,-12.9775,0.0,117.6,9.641,18.41,3.77891,16.6012,3.45434,5.7534,943.156,-9999.0,14.29,54.49
201205171530,201205171600,-9.97416,0.0,427.8,8.084,16.89,3.50728,13.3877,3.06387,14.7029,848.881,-9999.0,14.34,58.0
201205171600,201205171630,-8.70638,0.0,475.0,13.37,18.96,3.8643,12.3904,3.5968,15.5969,745.223,-9999.0,14.39,39.02
201205171630,201205171700,-5.40815,0.0,374.5,14.775,19.01,3.86696,9.09196,3.60792,13.5181,633.957,-9999.0,14.42,32.82
201205171700,201205171730,-5.67766,0.0,264.3,14.727,18.55,3.77926,9.29288,3.48189,10.7147,516.985,-9999.0,14.45,31.09
201205171730,201205171800,-1.7349,0.0,185.8,15.25,18.33,3.73446,5.31392,3.42131,8.25299,396.31,-9999.0,14.47,27.65
201205171800,201205171830,1.0969,0.0,78.8,14.17,17.57,3.59605,2.37441,3.22248,4.02952,273.996,-9999.0,14.48,29.48
201205171830,201205171900,-9999.0,1.0,40.34,12.339,16.32,3.3765,0.517159,2.91226,2.17912,152.136,-9999.0,14.49,33.53
201205171900,201205171930,-9999.0,1.0,11.49,10.1,14.63,3.09016,1.05628,2.52353,0.647561,35.6224,-9999.0,14.49,39.36
201205171930,201205172000,1.99046,0.0,1.008,8.414,13.35,2.8789,0.914248,2.25121,0.057624,0.0,-9999.0,14.49,45.11
201205172000,201205172030,-9999.0,1.0,0.33,7.291,12.67,2.76708,-0.001144,2.11351,0.01884,0.0,-9999.0,14.48,50.27
201205172030,201205172100,-9999.0,1.0,0.33,6.108,11.94,2.64955,0.080806,1.97185,0.018795,0.0,-9999.0,14.47,56.29
201205172100,201205172130,-9999.0,1.0,0.33,5.399,11.38,2.55996,0.620335,1.86698,0.01875,0.0,-9999.0,14.45,59.91
201205172130,201205172200,-9999.0,1.0,0.328,5.274,11.05,2.50614,0.459663,1.80619,0.018591,0.0,-9999.0,14.42,59.97
201205172200,201205172230,-9999.0,1.0,0.329,4.488,10.18,2.37337,0.776189,1.65467,0.018602,0.0,-9999.0,14.4,63.9
201205172230,201205172300,-9999.0,1.0,0.33,3.807,9.18,2.22538,0.255033,1.4912,0.018614,0.0,-9999.0,14.37,67.25
201205172300,201205172330,-9999.0,1.0,0.326,3.673,8.84,2.17369,0.163275,1.43715,0.018343,0.0,-9999.0,14.33,67.67
201205172330,201205180000,-9999.0,1.0,0.3,3.867,8.97,2.18838,0.158758,1.4556,0.01684,0.0,-9999.0,14.29,66.26
201205180000,201205180030,-9999.0,1.0,0.322,3.447,8.46,2.11356,0.452322,1.37701,0.01803,0.0,-9999.0,14.25,68.87
201205180030,201205180100,-9999.0,1.0,0.273,3.505,8.43,2.10591,0.450801,1.37328,0.015401,0.0,-9999.0,14.2,68.28
201205180100,201205180130,-9999.0,1.0,0.168,3.708,8.61,2.12732,0.022148,1.40094,0.00955,0.0,-9999.0,14.16,66.85
201205180130,201205180200,-9999.0,1.0,0.034,3.977,9.08,2.18931,0.215881,1.47382,0.001947,0.0,-9999.0,14.11,65.56
201205180200,201205180230,-9999.0,1.0,0.055,3.755,9.2,2.20251,0.225482,1.49356,0.003173,0.0,-9999.0,14.06,67.74
201205180230,201205180300,-9999.0,1.0,0.187,3.202,8.73,2.13331,0.115979,1.4215,0.010864,0.0,-9999.0,14.02,71.6
201205180300,201205180330,-4.40583,0.0,0.29,2.527,7.78,2.00017,6.56166,1.28178,0.016965,0.0,-9999.0,13.97,76.1
201205180330,201205180400,-9999.0,1.0,0.33,2.141,6.776,1.86407,0.505464,1.14401,0.019442,0.0,-9999.0,13.92,78.3
201205180400,201205180430,3.84604,0.0,0.33,2.263,6.48,1.82267,-1.84591,1.1055,0.01958,0.0,-9999.0,13.88,76.6
201205180430,201205180500,11.2672,0.0,4.294,3.186,7.51,1.95415,-9.15487,1.24507,0.254745,3.47209,-9999.0,13.83,69.3
201205180500,201205180530,4.22002,0.0,52.47,2.425,6.64,1.83713,-2.20992,1.12698,2.88475,87.6453,-9999.0,13.78,75.2
201205180530,201205180600,-11.609,0.0,155.7,1.917,6.501,1.81618,13.5996,1.10904,7.36898,208.105,-9999.0,13.73,80.2
201205180600,201205180630,-9.74473,0.0,263.8,2.293,7.91,1.99743,11.8899,1.30394,10.9091,330.201,-9999.0,13.68,78.5
201205180630,201205180700,-9.43073,0.0,372.2,4.801,11.35,2.47578,11.9723,1.87342,13.6669,451.844,-9999.0,13.63,64.28
201205180700,201205180730,-12.3085,0.0,480.0,7.772,13.95,2.8632,15.1588,2.39919,15.8569,570.953,-9999.0,13.59,51.24
201205180730,201205180800,-14.1618,0.0,579.9,10.332,15.4,3.08594,17.1845,2.7318,17.5245,685.488,-9999.0,13.54,40.97
201205180800,201205180830,-14.7879,0.0,672.7,11.369,16.14,3.19913,17.8962,2.91472,18.833,793.492,-9999.0,13.51,38.05
201205180830,201205180900,-14.9378,0.0,756.0,12.349,16.67,3.27935,18.1056,3.05207,19.8482,893.115,-9999.0,13.47,34.94
201205180900,201205180930,-17.6675,0.0,829.0,13.48,17.43,3.39779,20.9236,3.25455,20.6339,982.653,-9999.0,13.44,32.32
201205180930,201205181000,-16.9764,0.0,890.0,13.945,17.97,3.48093,20.2933,3.40545,21.2248,1060.57,-9999.0,13.43,32.33
201205181000,201205181030,-16.7784,0.0,936.0,13.954,18.13,3.50144,20.1086,3.4552,21.6331,1125.55,-9999.0,13.43,32.96
201205181030,201205181100,-16.0354,0.0,972.0,15.376,18.72,3.59343,19.4325,3.62692,21.9302,1176.46,-9999.0,13.43,28.81
201205181100,201205181130,-19.4192,0.0,995.0,15.806,19.15,3.65913,22.8632,3.75754,22.1068,1212.43,-9999.0,13.45,28.76
201205181130,201205181200,-17.9125,0.0,1001.0,16.219,19.64,3.73516,21.4108,3.90944,22.1425,1232.86,-9999.0,13.47,29.09
201205181200,201205181230,-23.1494,0.0,994.0,16.942,20.07,3.80133,26.6943,4.04718,22.0746,1237.39,-9999.0,13.5,27.88
201205181230,201205181300,-16.0493,0.0,975.0,18.422,20.83,3.92397,19.6822,4.29264,21.9103,1225.95,-9999.0,13.54,25.17
201205181300,201205181330,-16.9539,0.0,944.0,19.145,21.11,3.96504,20.6144,4.39099,21.6441,1198.72,-9999.0,13.58,23.56
201205181330,201205181400,-15.9103,0.0,897.0,19.575,21.29,3.98898,19.5859,4.45828,21.2296,1156.18,-9999.0,13.63,22.7
201205181400,201205181430,-14.199,0.0,838.0,19.889,21.51,4.01975,17.8945,4.53965,20.679,1099.06,-9999.0,13.7,22.51
201205181430,201205181500,-18.4522,0.0,764.0,20.63,22.05,4.10557,22.2076,4.73032,19.9296,1028.33,-9999.0,13.78,22.23
201205181500,201205181530,-12.1873,0.0,680.5,20.818,22.15,4.11565,15.9474,4.77421,18.9871,945.194,-9999.0,13.86,22.0
201205181530,201205181600,-11.5404,0.0,588.7,21.081,22.31,4.13603,15.3127,4.83923,17.8028,851.087,-9999.0,13.94,21.78
201205181600,201205181630,-10.6585,0.0,490.5,21.226,22.31,4.12881,14.423,4.84922,16.3146,747.614,-9999.0,14.01,21.24
201205181630,201205181700,-7.93685,0.0,388.7,21.139,22.24,4.10957,11.6849,4.83485,14.4472,636.545,-9999.0,14.08,21.23
201205181700,201205181730,-6.63785,0.0,287.2,20.275,21.78,4.02377,10.3212,4.68595,12.1221,519.782,-9999.0,14.13,22.3
201205181730,201205181800,-3.71171,0.0,190.5,19.569,21.59,3.98443,7.36393,4.63046,9.26907,399.322,-9999.0,14.18,24.13
201205181800,201205181830,-9999.0,2.0,103.0,18.44,21.08,3.89135,8.16494,4.46762,5.84836,277.226,-9999.0,14.21,26.24
201205181830,201205181900,-9999.0,1.0,33.53,15.645,19.76,3.66486,0.915455,4.04779,2.2105,155.583,-9999.0,14.25,32.11
201205181900,201205181930,-9999.0,1.0,11.18,11.897,17.17,3.24059,-0.03419,3.28771,0.781607,38.518,-9999.0,14.27,39.28
201205181930,201205182000,-9999.0,1.0,0.758,9.857,15.43,2.9647,-0.21395,2.83141,0.05472,0.0,-9999.0,14.29,43.79
201205182000,201205182030,-9999.0,1.0,0.33,8.246,13.97,2.73991,0.662885,2.48086,0.023987,0.0,-9999.0,14.3,48.33
201205182030,201205182100,-9999.0,1.0,0.33,6.413,12.36,2.50097,-0.120504,2.12697,0.024125,0.0,-9999.0,14.29,55.36
201205182100,201205182130,-9999.0,1.0,0.33,4.926,10.91,2.2933,0.041982,1.8375,0.024262,0.0,-9999.0,14.29,62.26
201205182130,201205182200,-9999.0,1.0,0.33,3.94,9.78,2.1361,0.040122,1.63076,0.0244,0.0,-9999.0,14.28,67.45
201205182200,201205182230,-9999.0,1.0,0.33,3.155,8.72,1.99303,-0.328118,1.45119,0.024538,0.0,-9999.0,14.26,72.0
201205182230,201205182300,-9999.0,1.0,0.33,3.268,8.62,1.97656,-0.509561,1.43565,0.024676,0.0,-9999.0,14.23,70.8
201205182300,201205182330,-9999.0,1.0,0.33,3.163,8.19,1.91806,-0.147025,1.36747,0.024813,0.0,-9999.0,14.2,70.9
201205182330,201205190000,-9999.0,1.0,0.329,2.64,7.59,1.83922,0.134781,1.27559,0.024876,0.0,-9999.0,14.16,74.7
201205190000,201205190030,-9999.0,1.0,0.329,2.297,7.14,1.78035,0.378768,1.20949,0.025013,0.0,-9999.0,14.12,77.3
201205190030,201205190100,-9999.0,1.0,0.33,1.77,6.017,1.64214,0.258901,1.05398,0.025227,0.0,-9999.0,14.07,81.1
201205190100,201205190130,-9999.0,1.0,0.33,1.358,5.718,1.60413,0.224692,1.01508,0.025364,0.0,-9999.0,14.02,85.2
201205190130,201205190200,-9999.0,1.0,0.33,1.205,5.221,1.54387,-2.65747,0.952438,0.025502,0.0,-9999.0,13.96,86.4
201205190200,201205190230,-9999.0,1.0,0.327,1.517,5.15,1.53297,-2.66823,0.943737,0.025407,0.0,-9999.0,13.91,82.8
201205190230,201205190300,-9999.0,1.0,0.25,2.062,5.574,1.57878,0.198882,0.996946,0.019533,0.0,-9999.0,13.85,77.3
201205190300,201205190330,-9999.0,1.0,0.246,2.507,5.947,1.61916,0.232609,1.04559,0.019323,0.0,-9999.0,13.79,73.1
201205190330,201205190400,-9999.0,1.0,0.229,4.368,8.03,1.86716,-0.295954,1.34793,0.018084,0.0,-9999.0,13.73,59.38
201205190400,201205190430,-9999.0,1.0,0.351,4.392,8.04,1.865,-0.299208,1.35013,0.027856,0.0,-9999.0,13.68,59.18
201205190430,201205190500,-9999.0,1.0,6.519,3.273,6.592,1.68598,0.286109,1.13426,0.510803,4.41362,-9999.0,13.62,66.41
201205190500,201205190530,-9999.0,1.0,69.81,2.133,4.967,1.49574,3.42549,0.92152,4.65581,91.12,-9999.0,13.56,75.5
201205190530,201205190600,-9999.0,1.0,165.1,3.262,6.541,1.6738,10.9638,1.12766,9.02329,211.369,-9999.0,13.5,66.41
201205190600,201205190630,-9999.0,1.0,255.2,5.18,9.32,2.01214,12.5,1.56737,11.9484,333.25,-9999.0,13.44,55.86
201205190630,201205190700,-9999.0,1.0,367.2,7.551,12.36,2.41207,13.1445,2.17,14.6108,454.679,-9999.0,13.38,47.44
201205190700,201205190730,-9999.0,1.0,470.0,9.544,14.17,2.6615,16.2691,2.59552,16.4506,573.578,-9999.0,13.33,40.97
201205190730,201205190800,-9999.0,1.0,570.4,11.475,15.96,2.91662,20.8808,3.06826,17.8693,687.913,-9999.0,13.28,36.75
201205190800,201205190830,-19.3366,0.0,662.4,13.189,16.83,3.04055,22.2233,3.31986,18.9308,795.727,-9999.0,13.24,31.22
201205190830,201205190900,-12.4009,0.0,753.0,14.21,17.4,3.12057,15.3454,3.49391,19.8052,895.175,-9999.0,13.21,28.52
201205190900,201205190930,-16.6545,0.0,834.0,15.819,18.65,3.30512,19.734,3.89024,20.4724,984.556,-9999.0,13.18,26.44
201205190930,201205191000,-18.6816,0.0,861.0,17.717,19.79,3.47551,21.8839,4.2773,20.6704,1062.34,-9999.0,13.17,23.26
201205191000,201205191030,-16.6934,0.0,830.0,19.355,20.99,3.6577,20.0255,4.71087,20.433,1127.2,-9999.0,13.17,22.15
201205191030,201205191100,-15.1789,0.0,904.0,21.552,22.13,3.84461,18.6341,5.14895,20.9601,1178.02,-9999.0,13.18,19.15
201205191100,201205191130,-15.8094,0.0,687.9,22.334,22.77,3.95307,19.3303,5.41075,19.2117,1213.93,-9999.0,13.21,19.41
201205191130,201205191200,-9999.0,1.0,901.0,22.309,22.68,3.94337,16.4251,5.38529,20.9242,1234.32,-9999.0,13.24,19.06
201205191200,201205191230,-9999.0,1.0,896.0,24.103,23.81,4.1335,21.3215,5.85959,20.883,1238.85,-9999.0,13.27,18.32
201205191230,201205191300,-19.1838,0.0,627.8,24.483,24.01,4.17173,22.8583,5.95618,18.6186,1227.42,-9999.0,13.32,18.02
201205191300,201205191330,-19.2797,0.0,571.7,23.768,24.26,4.21843,22.9868,6.07558,17.997,1200.25,-9999.0,13.37,21.6
201205191330,201205191400,-18.1287,0.0,479.9,14.426,21.93,3.84107,21.5703,5.12928,16.8062,1157.78,-9999.0,13.43,45.22
201205191400,201205191430,-6.48888,0.0,414.9,9.843,19.47,3.45356,9.65221,4.23147,15.8043,1100.76,-9999.0,13.48,56.51
201205191430,201205191500,-4.35003,0.0,474.3,10.72,19.99,3.53975,7.57581,4.42169,16.7563,1030.15,-9999.0,13.55,54.14
201205191500,201205191530,-8.04247,0.0,415.7,11.814,20.17,3.57266,11.292,4.49393,15.8565,947.163,-9999.0,13.61,50.02
201205191530,201205191600,-16.1089,0.0,433.2,12.852,20.21,3.58345,19.3662,4.51614,16.1627,853.221,-9999.0,13.66,45.76
201205191600,201205191630,-14.376,0.0,378.5,12.757,19.67,3.50225,17.5747,4.33004,15.2413,749.929,-9999.0,13.72,44.33
201205191630,201205191700,-11.5234,0.0,319.6,14.088,20.19,3.58912,14.7849,4.52434,14.0787,639.056,-9999.0,13.77,40.47
201205191700,201205191730,-5.95932,0.0,283.1,13.702,19.85,3.53944,9.18496,4.40885,13.2567,522.498,-9999.0,13.81,40.87
201205191730,201205191800,-4.52573,0.0,146.9,14.237,20.01,3.56926,7.77292,4.47411,8.9574,402.249,-9999.0,13.84,39.17
201205191800,201205191830,2.46147,0.0,66.11,11.996,18.76,3.37607,0.645586,4.04094,4.93194,280.368,-9999.0,13.88,44.6
201205191830,201205191900,1.50515,0.0,42.27,9.381,17.33,3.15859,1.44214,3.57699,3.38729,158.939,-9999.0,13.9,52.6
201205191900,201205191930,3.42907,0.0,15.19,7.532,16.03,2.96533,-0.625676,3.18554,1.32876,41.4542,-9999.0,13.92,58.67
201205191930,201205192000,4.02476,0.0,0.896,6.192,14.8,2.78648,-1.35626,2.84113,0.082545,0.0,-9999.0,13.94,63.23
201205192000,201205192030,-9999.0,1.0,0.33,6.223,14.58,2.75767,0.062535,2.78486,0.030598,0.0,-9999.0,13.95,62.52
201205192030,201205192100,-9999.0,1.0,0.33,4.994,13.62,2.62194,-0.070842,2.53672,0.030736,0.0,-9999.0,13.95,67.99
201205192100,201205192130,-9999.0,1.0,0.33,3.427,12.14,2.41596,-0.060037,2.18146,0.030873,0.0,-9999.0,13.95,75.8
201205192130,201205192200,-9999.0,1.0,0.33,2.829,11.46,2.32502,-0.037556,2.03077,0.031011,0.0,-9999.0,13.94,79.1
201205192200,201205192230,6.71326,0.0,0.33,2.293,10.46,2.1924,-4.50671,1.82093,0.031149,0.0,-9999.0,13.93,81.9
201205192230,201205192300,-9999.0,1.0,0.33,1.65,9.71,2.0956,-0.046358,1.6736,0.031287,0.0,-9999.0,13.91,86.3
201205192300,201205192330,-9999.0,1.0,0.33,1.433,9.21,2.03285,-0.231434,1.58019,0.031424,0.0,-9999.0,13.89,87.7
201205192330,201205200000,-9999.0,1.0,0.33,1.235,8.67,1.96572,-0.543782,1.48312,0.031562,0.0,-9999.0,13.87,89.0
201205200000,201205200030,-9999.0,1.0,0.33,1.063,8.46,1.94129,-0.19236,1.44689,0.0317,0.0,-9999.0,13.84,90.4
201205200030,201205200100,-9999.0,1.0,0.33,0.86,8.02,1.88792,-0.310154,1.35943,0.0317,0.0,-9999.0,13.8,92.0
201205200100,201205200130,-6.67235,0.0,0.33,0.758,7.92,1.87763,8.62384,1.33095,0.0317,0.0,-9999.0,13.77,92.9
201205200130,201205200200,-9999.0,1.0,0.33,0.756,7.68,1.84983,0.101347,1.28048,0.0317,0.0,-9999.0,13.73,92.8
201205200200,201205200230,-9999.0,1.0,0.308,0.606,7.61,1.84332,0.095984,1.25795,0.029589,0.0,-9999.0,13.69,94.2
201205200230,201205200300,-9999.0,1.0,0.284,0.643,7.5,1.83183,0.086489,1.22952,0.027286,0.0,-9999.0,13.65,93.8
201205200300,201205200330,-9999.0,1.0,0.311,0.5,7.27,1.80547,0.100045,1.18353,0.029877,0.0,-9999.0,13.6,95.1
201205200330,201205200400,-9999.0,1.0,0.33,0.458,7.24,1.80393,0.358692,1.16815,0.0317,0.0,-9999.0,13.56,95.5
201205200400,201205200430,-9999.0,1.0,0.353,0.379,6.546,1.72103,0.28949,1.05883,0.033907,0.0,-9999.0,13.52,96.1
201205200430,201205200500,-9999.0,1.0,7.72,0.27,6.451,1.71158,0.281577,1.03597,0.722914,5.44014,-9999.0,13.47,97.2
201205200500,201205200530,-7.76667,0.0,52.79,0.241,6.43,1.71109,9.57976,1.0233,4.28588,94.5003,-9999.0,13.43,97.5
201205200530,201205200600,-9999.0,1.0,87.2,0.184,7.29,1.81881,1.28025,1.13163,6.42833,214.541,-9999.0,13.38,98.2
201205200600,201205200630,-9999.0,1.0,211.0,0.335,9.07,2.04897,11.038,1.39273,11.6881,336.212,-9999.0,13.34,97.1
201205200630,201205200700,-9999.0,1.0,314.1,2.079,12.12,2.46911,15.3835,1.9405,14.4211,457.431,-9999.0,13.29,85.3
201205200700,201205200730,-9999.0,1.0,423.5,4.179,14.44,2.81088,15.8556,2.43456,16.4601,576.124,-9999.0,13.25,74.6
201205200730,201205200800,-18.7163,0.0,513.6,6.383,16.82,3.17912,21.6795,3.01764,17.7277,690.261,-9999.0,13.22,66.69
201205200800,201205200830,-9999.0,1.0,609.5,8.574,18.49,3.4486,19.7607,3.46318,18.8018,797.889,-9999.0,13.19,59.73
201205200830,201205200900,-9999.0,1.0,696.3,10.189,19.74,3.65649,19.9577,3.8104,19.5054,897.165,-9999.0,13.16,55.73
201205200900,201205200930,-14.4652,0.0,772.0,12.175,20.98,3.86693,17.9263,4.17223,19.0895,986.391,-9999.0,13.15,51.0
201205200930,201205201000,-14.1196,0.0,851.0,14.268,22.37,4.10697,17.7501,4.60408,18.6024,1064.04,-9999.0,13.15,47.25
201205201000,201205201030,-8.08761,0.0,888.0,15.438,23.12,4.24074,11.8116,4.82304,18.2599,1128.79,-9999.0,13.16,45.46
201205201030,201205201100,-11.2948,0.0,933.0,16.19,23.39,4.2925,15.0548,4.8697,18.0888,1179.52,-9999.0,13.19,43.73
201205201100,201205201130,-3.60133,0.0,944.0,17.81,23.9,4.38637,7.42643,5.00319,17.5298,1215.37,-9999.0,13.22,39.97
201205201130,201205201200,-6.37928,0.0,952.0,19.24,24.61,4.51615,10.2939,5.21165,17.0706,1235.73,-9999.0,13.27,37.85
201205201200,201205201230,-3.58796,0.0,967.0,20.876,25.18,4.62232,7.57542,5.36924,16.6514,1240.24,-9999.0,13.32,34.82
201205201230,201205201300,-5.70133,0.0,708.0,17.783,24.2,4.45455,9.57365,4.94958,15.9284,1228.84,-9999.0,13.39,41.13
201205201300,201205201330,-0.61504,0.0,694.0,17.129,23.63,4.35977,4.42194,4.69415,15.9004,1201.71,-9999.0,13.46,41.32
201205201330,201205201400,-1.35953,0.0,739.0,19.13,24.53,4.52328,5.27927,4.95705,15.459,1159.32,-9999.0,13.53,37.91
201205201400,201205201430,-2.21733,0.0,218.2,16.649,23.01,4.26169,5.95629,4.38126,10.0973,1102.39,-9999.0,13.61,40.79
201205201430,201205201500,-3.98207,0.0,174.5,14.757,21.97,4.08659,7.59875,3.9997,9.33238,1031.9,-9999.0,13.69,44.1
201205201500,201205201530,-9999.0,1.0,238.4,14.727,22.02,4.09999,12.3753,3.96863,10.9924,949.063,-9999.0,13.77,44.38
201205201530,201205201600,-9999.0,1.0,584.0,16.363,22.59,4.20349,17.166,4.09786,14.816,855.283,-9999.0,13.84,40.31
201205201600,201205201630,-1.15691,0.0,400.2,17.144,22.98,4.27641,4.90633,4.17079,12.6861,752.17,-9999.0,13.9,38.92
201205201630,201205201700,-9999.0,1.0,376.4,14.999,21.8,4.07636,15.4674,3.76374,13.1364,641.489,-9999.0,13.95,42.59
201205201700,201205201730,-9999.0,1.0,271.1,14.473,21.53,4.03456,15.6428,3.63999,11.5793,525.132,-9999.0,14.0,43.68
201205201730,201205201800,1.15071,0.0,184.2,14.618,21.34,4.00656,2.41003,3.54156,9.43487,405.092,-9999.0,14.05,42.45
201205201800,201205201830,1.28821,0.0,92.3,13.409,20.91,3.93745,2.2238,3.37949,6.29011,283.421,-9999.0,14.09,45.8
201205201830,201205201900,2.5341,0.0,38.48,10.676,19.27,3.66436,0.783397,2.91566,3.25205,162.202,-9999.0,14.12,52.24
201205201900,201205201930,-9999.0,1.0,16.47,9.426,18.09,3.47274,-0.718056,2.60086,1.49984,44.4215,-9999.0,14.15,54.6
201205201930,201205202000,3.00304,0.0,1.021,7.469,16.73,3.25538,0.017425,2.27325,0.097852,0.0,-9999.0,14.16,60.8
201205202000,201205202030,-9999.0,1.0,0.33,5.655,15.41,3.04901,-0.215823,1.98337,0.031701,0.0,-9999.0,14.18,67.71
201205202030,201205202100,-9999.0,1.0,0.33,4.623,14.33,2.88428,-0.015593,1.7622,0.031701,0.0,-9999.0,14.19,71.7
201205202100,201205202130,3.36074,0.0,0.33,3.977,13.92,2.82461,-0.661628,1.66883,0.031701,0.0,-9999.0,14.18,75.0
201205202130,201205202200,2.97491,0.0,0.33,3.788,13.67,2.78967,-0.302258,1.60499,0.031701,0.0,-9999.0,14.18,75.8
201205202200,201205202230,2.05138,0.0,0.33,3.743,13.36,2.74574,0.587896,1.53355,0.031701,0.0,-9999.0,14.17,75.6
201205202230,201205202300,-0.23428,0.0,0.329,4.15,13.28,2.73677,2.86676,1.49951,0.031605,0.0,-9999.0,14.15,72.8
201205202300,201205202330,-9999.0,1.0,0.329,4.931,13.09,2.71116,0.027531,1.4494,0.031605,0.0,-9999.0,14.14,67.28
201205202330,201205210000,-9999.0,1.0,0.33,4.504,12.38,2.60777,-0.02577,1.32635,0.031701,0.0,-9999.0,14.12,68.69
201205210000,201205210030,1.85683,0.0,0.329,4.189,12.03,2.55883,0.639136,1.25903,0.031605,0.0,-9999.0,14.1,70.2
201205210030,201205210100,1.71878,0.0,0.316,4.069,12.48,2.62868,0.831108,1.30068,0.030358,0.0,-9999.0,14.08,71.9
201205210100,201205210130,-9999.0,1.0,0.297,3.819,12.58,2.64667,0.066322,1.29434,0.028535,0.0,-9999.0,14.05,73.8
201205210130,201205210200,-9999.0,1.0,0.293,3.659,12.46,2.63169,0.103693,1.25831,0.028151,0.0,-9999.0,14.02,74.7
201205210200,201205210230,0.55463,0.0,0.318,3.488,12.1,2.58094,1.95862,1.19213,0.03055,0.0,-9999.0,13.99,75.3
201205210230,201205210300,-9999.0,1.0,0.295,3.047,11.4,2.48052,0.103015,1.08766,0.028343,0.0,-9999.0,13.96,77.4
201205210300,201205210330,1.24446,0.0,0.327,2.498,10.63,2.37154,1.10579,0.982473,0.031414,0.0,-9999.0,13.93,80.5
201205210330,201205210400,-0.26016,0.0,0.33,2.058,9.78,2.25318,2.51696,0.876952,0.031702,0.0,-9999.0,13.9,83.0
201205210400,201205210430,4.89,0.0,0.384,1.836,9.95,2.27976,-2.61207,0.879245,0.036883,0.0,-9999.0,13.87,85.0
201205210430,201205210500,3.11915,0.0,6.771,1.715,9.96,2.28376,-0.837999,0.865159,0.636764,6.54245,-9999.0,13.83,86.0
201205210500,201205210530,5.41505,0.0,69.42,1.535,9.53,2.22564,-3.18001,0.80871,5.41996,97.7854,-9999.0,13.8,87.1
201205210530,201205210600,7.12114,0.0,77.1,1.842,10.61,2.38212,-4.76234,0.899057,5.89803,217.622,-9999.0,13.76,85.6
201205210600,201205210630,-9999.0,1.0,69.41,2.317,11.74,2.55067,5.67638,1.00001,5.42131,339.086,-9999.0,13.72,83.2
201205210630,201205210700,-9999.0,1.0,142.0,1.887,12.17,2.61793,14.5098,1.02803,9.27353,460.099,-9999.0,13.69,86.7
201205210700,201205210730,-9999.0,1.0,173.0,2.274,13.49,2.82271,15.3672,1.15762,10.5624,578.59,-9999.0,13.66,85.3
201205210730,201205210800,-9999.0,1.0,493.1,3.863,15.88,3.20622,19.1427,1.43541,17.9831,692.533,-9999.0,13.63,78.6
201205210800,201205210830,-2.04973,0.0,258.8,7.688,18.88,3.71194,5.40306,1.84353,13.3912,799.977,-9999.0,13.6,64.76
201205210830,201205210900,-7.21937,0.0,225.6,7.528,19.08,3.75051,10.6004,1.83852,12.4135,899.085,-9999.0,13.58,65.92
201205210900,201205210930,-9999.0,1.0,324.5,10.004,19.5,3.82736,17.9036,1.86699,15.0399,988.159,-9999.0,13.57,55.88
201205210930,201205211000,-9999.0,1.0,326.6,11.445,20.03,3.92408,17.5056,1.91166,13.5553,1065.68,-9999.0,13.57,51.16
201205211000,201205211030,-13.2441,0.0,291.8,11.604,20.02,3.92672,16.7507,1.87029,12.7228,1130.31,-9999.0,13.57,50.45
201205211030,201205211100,-15.5491,0.0,301.7,11.779,20.48,4.01208,19.1161,1.9012,12.7232,1180.96,-9999.0,13.59,51.11
201205211100,201205211130,-20.4691,0.0,178.6,11.248,20.34,3.99184,24.0219,1.83867,10.0739,1216.75,-9999.0,13.61,52.91
201205211130,201205211200,-17.2687,0.0,179.1,10.325,20.2,3.97159,20.8073,1.77721,10.6403,1237.07,-9999.0,13.63,56.4
201205211200,201205211230,-16.5736,0.0,186.8,10.184,20.56,4.03971,20.1603,1.78897,11.0084,1241.58,-9999.0,13.66,57.94
201205211230,201205211300,-15.8032,0.0,120.4,9.493,20.24,3.98752,19.3532,1.70207,8.29388,1230.19,-9999.0,13.69,60.01
201205211300,201205211330,-17.6048,0.0,99.4,8.762,19.79,3.91258,21.1018,1.60055,7.20539,1203.11,-9999.0,13.71,62.05
201205211330,201205211400,-15.1245,0.0,88.7,6.209,18.97,3.77347,18.5227,1.45662,6.60626,1160.79,-9999.0,13.74,71.7
201205211400,201205211430,-13.7373,0.0,111.4,3.742,17.42,3.51113,16.9468,1.23908,7.84629,1103.96,-9999.0,13.77,81.2
201205211430,201205211500,-13.0584,0.0,116.2,2.555,16.86,3.42029,16.202,1.1472,8.09328,1033.6,-9999.0,13.79,86.7
201205211500,201205211530,-13.6555,0.0,80.5,2.632,16.41,3.34853,16.7468,1.07132,6.12695,950.894,-9999.0,13.81,85.9
201205211530,201205211600,-12.8706,0.0,106.0,2.185,16.02,3.28718,15.9169,1.00474,7.56979,857.274,-9999.0,13.83,88.0
201205211600,201205211630,-4.93161,0.0,73.3,2.196,15.46,3.19812,7.91239,0.925871,5.68716,754.337,-9999.0,13.85,87.5
201205211630,201205211700,-1.32774,0.0,30.95,1.872,14.96,3.11961,4.25042,0.856612,2.70334,643.843,-9999.0,13.86,89.0
201205211700,201205211730,-1.90729,0.0,38.68,1.188,14.48,3.04497,4.77446,0.792728,3.30319,527.685,-9999.0,13.87,92.8
201205211730,201205211800,-3.99759,0.0,15.37,0.902,13.84,2.94526,6.79013,0.720535,1.40766,407.848,-9999.0,13.88,94.3
201205211800,201205211830,-1.21463,0.0,8.42,0.506,13.83,2.9469,4.00847,0.697021,0.788163,286.385,-9999.0,13.89,96.8
201205211830,201205211900,1.20408,0.0,5.46,0.316,13.83,2.95014,1.59227,0.67424,0.515937,165.372,-9999.0,13.88,98.0
201205211900,201205211930,-9999.0,1.0,1.093,0.174,13.84,2.95499,0.706335,0.652123,0.104744,47.4101,-9999.0,13.88,98.9
201205211930,201205212000,-9999.0,1.0,0.335,2.024,13.78,2.94859,0.641,0.625476,0.032183,0.0,-9999.0,13.88,87.1602
201205212000,201205212030,-9999.0,1.0,0.329,1.999,13.82,2.95825,0.700388,0.605277,0.031607,0.0,-9999.0,13.87,87.3504
201205212030,201205212100,-9999.0,1.0,0.321,2.104,13.88,2.97115,0.719276,0.5861,0.030839,0.0,-9999.0,13.86,86.7395
201205212100,201205212130,3.37942,0.0,0.312,2.388,14.03,2.99864,-0.546333,0.571881,0.029975,0.0,-9999.0,13.86,85.0976
201205212130,201205212200,7.46595,0.0,0.202,2.326,14.07,3.0084,-4.62548,0.55088,0.019414,0.0,-9999.0,13.85,85.5184
201205212200,201205212230,-9999.0,1.0,0.268,2.794,14.61,3.09982,0.636301,0.557084,0.025752,0.0,-9999.0,13.84,83.2044
201205212230,201205212300,7.30787,0.0,0.249,2.833,14.95,3.15924,-4.3549,0.550824,0.023928,0.0,-9999.0,13.83,83.3372
201205212300,201205212330,-1.04677,0.0,0.254,2.716,14.9,3.15441,3.99624,0.522811,0.024408,0.0,-9999.0,13.82,83.9755
201205212330,201205220000,3.48275,0.0,0.245,2.514,14.7,3.12478,-0.55519,0.487686,0.023544,0.0,-9999.0,13.81,84.9724
201205220000,201205220030,1.15991,0.0,0.216,2.45,14.58,3.10839,1.75554,0.457326,0.020759,0.0,-9999.0,13.81,85.2426
201205220030,201205220100,3.12412,0.0,0.324,2.552,14.48,3.09528,-0.218342,0.482422,0.03152,0.0,-9999.0,13.8,84.5309
201205220100,201205220130,1.80327,0.0,0.3,2.324,14.41,3.08711,1.0965,0.508491,0.029552,0.0,-9999.0,13.8,85.8454
201205220130,201205220200,1.29123,0.0,0.167,2.193,14.3,3.07236,1.59762,0.531988,0.016661,0.0,-9999.0,13.8,86.552
201205220200,201205220230,2.12289,0.0,0.319,2.099,14.11,3.04448,0.74524,0.55035,0.032196,0.0,-9999.0,13.79,86.97
201205220230,201205220300,2.07852,0.0,0.319,2.045,13.94,3.01993,0.771333,0.568905,0.032583,0.0,-9999.0,13.79,87.1636
201205220300,201205220330,1.71261,0.0,0.318,2.1,13.89,3.01501,1.13364,0.593919,0.032866,0.0,-9999.0,13.78,86.7759
201205220330,201205220400,2.6159,0.0,0.179,2.429,14.04,3.04285,0.251244,0.631546,0.018727,0.0,-9999.0,13.78,84.8469
201205220400,201205220430,-9999.0,1.0,0.33,2.422,14.13,3.06093,0.740793,0.666048,0.034906,0.0,-9999.0,13.77,84.9782
201205220430,201205220500,-9999.0,1.0,0.935,2.077,13.94,3.03296,0.719985,0.681248,0.099795,7.7112,-9999.0,13.77,86.96
201205220500,201205220530,-9999.0,1.0,6.759,1.628,13.7,2.99688,0.702509,0.691916,0.712928,100.974,-9999.0,13.76,89.6199
201205220530,201205220600,-9999.0,1.0,3.32,1.249,13.57,2.97884,0.68184,0.709626,0.358862,220.61,-9999.0,13.75,91.9682
201205220600,201205220630,-3.79989,0.0,27.64,1.223,13.73,3.00823,6.64153,0.749036,2.74947,341.871,-9999.0,13.75,92.2163
201205220630,201205220700,1.4659,0.0,35.7,1.612,13.98,3.0526,1.40901,0.796874,3.48126,462.682,-9999.0,13.74,89.9031
201205220700,201205220730,-4.27844,0.0,49.39,1.381,14.17,3.08731,7.17932,0.841346,4.63172,580.976,-9999.0,13.73,91.4603
201205220730,201205220800,-6.86509,0.0,52.65,1.097,14.22,3.09892,9.7747,0.874572,4.92291,694.728,-9999.0,13.73,93.2355
201205220800,201205220830,-7.17979,0.0,93.0,0.784,14.36,3.12555,10.1093,0.916483,7.71158,801.993,-9999.0,13.72,95.21
201205220830,201205220900,-2.23276,0.0,125.9,2.0,14.86,3.21282,5.22701,0.994801,9.57829,900.935,-9999.0,13.72,88.1684
201205220900,201205220930,-11.6023,0.0,118.4,0.515,15.1,3.25687,14.6291,1.05051,9.24819,989.861,-9999.0,13.71,97.0007
201205220930,201205221000,-13.6153,0.0,414.0,0.641,16.1,3.43181,16.7705,1.1933,18.0677,1067.25,-9999.0,13.71,96.5
201205221000,201205221030,-13.4964,0.0,549.4,3.001,17.19,3.62617,16.7925,1.36153,20.0203,1131.78,-9999.0,13.71,84.7
201205221030,201205221100,-18.8447,0.0,451.3,3.45,17.27,3.64418,22.1539,1.41062,18.7644,1182.34,-9999.0,13.71,82.5
201205221100,201205221130,-4.6041,0.0,847.0,5.365,18.3,3.83218,8.04804,1.59241,22.6638,1218.07,-9999.0,13.72,74.5
201205221130,201205221200,-8.03631,0.0,746.0,7.048,18.8,3.92683,11.5476,1.7097,22.0032,1238.36,-9999.0,13.74,67.53
201205221200,201205221230,-7.41857,0.0,825.0,8.824,19.64,4.08492,11.0416,1.88792,22.5955,1242.86,-9999.0,13.77,61.42
201205221230,201205221300,-15.4137,0.0,893.0,9.596,19.98,4.15215,19.0841,1.99334,23.0467,1231.49,-9999.0,13.81,58.92
201205221300,201205221330,-21.2205,0.0,861.0,10.66,20.08,4.17513,24.9071,2.0604,21.4106,1204.45,-9999.0,13.85,54.65
201205221330,201205221400,-28.0088,0.0,774.0,11.047,20.01,4.16651,31.6894,2.09788,20.2088,1162.2,-9999.0,13.9,52.8
201205221400,201205221430,-23.8099,0.0,781.0,11.822,20.37,4.2381,27.5407,2.21414,18.8749,1105.47,-9999.0,13.98,50.6
201205221430,201205221500,-9999.0,1.0,672.4,12.096,20.35,4.23881,19.5736,2.26158,17.9557,1035.22,-9999.0,14.06,49.39
201205221500,201205221530,-18.5741,0.0,660.0,12.356,20.63,4.29587,22.3454,2.3678,17.5829,952.658,-9999.0,14.14,49.19
201205221530,201205221600,-17.8212,0.0,563.4,12.347,20.41,4.25899,21.5669,2.37592,17.1009,859.194,-9999.0,14.22,48.53
201205221600,201205221630,-4.38039,0.0,399.9,11.502,19.9,4.16791,8.06257,2.32452,16.6921,756.429,-9999.0,14.29,50.52
201205221630,201205221700,-9999.0,1.0,227.5,10.54,19.57,4.11077,12.839,2.30738,14.2146,646.12,-9999.0,14.34,53.72
201205221700,201205221730,-9999.0,1.0,181.4,5.485,17.51,3.73759,17.2641,1.9599,13.0362,530.155,-9999.0,14.39,72.6
201205221730,201205221800,-8.24662,0.0,205.0,4.48,17.01,3.65168,11.5626,1.90902,13.9639,410.519,-9999.0,14.43,76.9
201205221800,201205221830,-9999.0,1.0,79.7,5.437,16.75,3.60904,11.5409,1.90004,7.85245,289.258,-9999.0,14.46,71.5
201205221830,201205221900,-9999.0,1.0,29.35,4.089,15.51,3.39397,2.76887,1.7192,3.57311,168.448,-9999.0,14.48,76.8
201205221900,201205221930,-9999.0,1.0,11.29,2.773,14.77,3.26918,0.823677,1.62787,1.51321,50.4102,-9999.0,14.48,83.5
201205221930,201205222000,-9999.0,1.0,1.037,1.74,13.83,3.1121,0.819273,1.50656,0.148099,0.0,-9999.0,14.48,89.0
201205222000,201205222030,-9999.0,1.0,0.33,1.211,13.54,3.0664,0.749868,1.48861,0.047716,0.0,-9999.0,14.48,92.2
201205222030,201205222100,-9999.0,1.0,0.33,1.224,13.71,3.09827,0.78095,1.54272,0.048117,0.0,-9999.0,14.47,92.2
201205222100,201205222130,1.44362,0.0,0.33,1.246,13.59,3.08121,1.45518,1.55059,0.048517,0.0,-9999.0,14.45,92.0
201205222130,201205222200,-9999.0,1.0,0.328,1.085,13.52,3.07259,0.791058,1.56614,0.048622,0.0,-9999.0,14.44,93.0
201205222200,201205222230,-9999.0,1.0,0.329,0.676,13.03,2.99347,0.751933,1.51257,0.049169,0.0,-9999.0,14.42,95.5
201205222230,201205222300,-9999.0,1.0,0.33,0.237,12.84,2.96486,0.632571,1.50714,0.049718,0.0,-9999.0,14.39,98.4
201205222300,201205222330,-9999.0,1.0,0.33,0.212,12.86,2.97126,0.637475,1.53544,0.050118,0.0,-9999.0,14.36,98.5747
201205222330,201205230000,-9999.0,1.0,0.33,0.513,12.76,2.95765,0.627333,1.54383,0.050519,0.0,-9999.0,14.32,96.5242
201205230000,201205230030,-9999.0,1.0,0.33,1.022,12.68,2.94738,0.619689,1.55515,0.050919,0.0,-9999.0,14.28,93.0355
201205230030,201205230100,-9999.0,1.0,0.33,1.083,12.53,2.92546,0.711086,1.5543,0.051319,0.0,-9999.0,14.24,92.5429
201205230100,201205230130,-9999.0,1.0,0.328,1.588,12.47,2.91851,0.666872,1.56823,0.051407,0.0,-9999.0,14.2,89.0292
201205230130,201205230200,-9999.0,1.0,0.328,1.863,12.53,2.93149,0.676755,1.60267,0.051805,0.0,-9999.0,14.16,87.1751
201205230200,201205230230,-9999.0,1.0,0.33,1.941,12.48,2.92618,0.672843,1.61804,0.05252,0.0,-9999.0,14.12,86.592
201205230230,201205230300,-9999.0,1.0,0.172,1.45,12.31,2.90092,0.639637,1.61195,0.02761,0.0,-9999.0,14.08,89.8728
201205230300,201205230330,-9999.0,1.0,0.173,1.1,12.2,2.88564,0.707283,1.61597,0.02798,0.0,-9999.0,14.04,92.2616
201205230330,201205230400,-9999.0,1.0,0.241,0.607,12.04,2.86212,0.670721,1.61069,0.039255,0.0,-9999.0,14.0,95.6824
201205230400,201205230430,-9999.0,1.0,0.362,0.754,12.07,2.87001,0.676793,1.63903,0.059358,0.0,-9999.0,13.97,94.6535
201205230430,201205230500,-1.68692,0.0,2.217,0.565,12.1,2.87792,4.43436,1.66752,0.362011,7.48792,-9999.0,13.94,96.0013
201205230500,201205230530,0.14093,0.0,13.56,0.615,12.31,2.9158,2.63524,1.73,2.0841,100.137,-9999.0,13.91,95.7045
201205230530,201205230600,-9999.0,1.0,13.28,0.616,12.58,2.96399,0.922829,1.8059,2.05849,219.487,-9999.0,13.88,95.7704
201205230600,201205230630,-9999.0,1.0,46.32,0.133,12.83,3.00917,3.35317,1.88024,6.07399,340.529,-9999.0,13.85,99.1038
201205230630,201205230700,-9999.0,1.0,31.62,0.0,12.83,3.01224,2.85041,1.90522,4.49016,461.19,-9999.0,13.82,100.0
201205230700,201205230730,-16.6307,0.0,141.9,0.0,13.1,3.06119,19.5165,1.98673,12.955,579.406,-9999.0,13.79,100.0
201205230730,201205230800,-15.9933,0.0,152.0,0.442,13.71,3.16907,18.9595,2.146,13.4989,693.155,-9999.0,13.77,97.1861
201205230800,201205230830,-21.5506,0.0,188.7,1.463,14.44,3.29958,24.6134,2.34316,15.0993,800.49,-9999.0,13.74,91.1054
201205230830,201205230900,-21.0317,0.0,91.9,1.389,14.17,3.25557,24.0621,2.30813,10.1669,899.575,-9999.0,13.72,91.4103
201205230900,201205230930,-25.0683,0.0,650.7,0.052,15.21,3.44286,28.2363,2.59555,23.0283,988.714,-9999.0,13.71,99.7
201205230930,201205231000,-22.2046,0.0,407.3,2.027,17.09,3.78861,25.6224,3.1488,20.473,1066.38,-9999.0,13.69,89.6
201205231000,201205231030,-19.6328,0.0,362.2,3.221,17.7,3.90607,23.1345,3.37212,19.7958,1131.25,-9999.0,13.69,84.1
201205231030,201205231100,-20.4797,0.0,412.1,3.674,17.47,3.86699,23.9537,3.34122,20.6489,1182.21,-9999.0,13.69,81.6
201205231100,201205231130,-17.8966,0.0,151.4,2.84,16.42,3.67642,21.2363,3.06364,13.8796,1218.39,-9999.0,13.7,84.8
201205231130,201205231200,-19.5576,0.0,302.7,2.196,16.23,3.64584,22.8769,3.04372,18.7982,1239.16,-9999.0,13.71,88.1
201205231200,201205231230,-24.1325,0.0,212.7,2.419,16.12,3.62992,27.442,3.04662,16.4273,1244.18,-9999.0,13.73,86.8
201205231230,201205231300,-15.9145,0.0,404.9,2.285,16.08,3.6268,19.2234,3.06968,20.7524,1233.36,-9999.0,13.76,87.5
201205231300,201205231330,-21.9857,0.0,480.0,4.846,17.32,3.86075,25.4645,3.4908,21.7899,1206.88,-9999.0,13.77,75.5
201205231330,201205231400,-25.7947,0.0,542.3,6.828,18.41,4.07145,29.4251,3.89872,22.4982,1165.2,-9999.0,13.79,67.77
201205231400,201205231430,-26.9551,0.0,646.8,7.229,18.96,4.18171,30.6651,4.13939,23.4233,1109.03,-9999.0,13.81,67.03
201205231430,201205231500,-21.8994,0.0,965.0,9.185,19.89,4.36725,25.7412,4.53691,25.1456,1039.32,-9999.0,13.84,60.46
201205231500,201205231530,-12.575,0.0,544.6,8.029,19.7,4.33511,16.3963,4.51187,22.6598,957.285,-9999.0,13.87,65.03
201205231530,201205231600,-20.4474,0.0,321.8,3.622,17.33,3.88495,23.9523,3.68985,19.6509,864.312,-9999.0,13.91,81.7
201205231600,201205231630,-14.4586,0.0,162.7,2.781,16.62,3.75631,17.8729,3.48884,14.9835,761.998,-9999.0,13.95,85.3
201205231630,201205231700,-8.88934,0.0,305.3,3.166,16.84,3.80173,12.338,3.59954,19.424,652.091,-9999.0,14.0,83.5
201205231700,201205231730,-12.612,0.0,290.0,4.947,18.04,4.03336,16.2281,4.06342,19.1446,536.473,-9999.0,14.03,76.1
201205231730,201205231800,-1.25961,0.0,176.1,5.486,18.91,4.20575,4.99956,4.43748,15.7322,417.123,-9999.0,14.07,74.9
201205231800,201205231830,-9999.0,1.0,54.81,3.098,17.69,3.97569,5.18288,4.01678,7.87733,296.081,-9999.0,14.1,84.7
201205231830,201205231900,-9999.0,1.0,49.92,2.856,16.93,3.83611,2.82373,3.78103,7.3929,175.42,-9999.0,14.12,85.2
201205231900,201205231930,-9999.0,1.0,17.9,2.759,16.28,3.71859,1.15105,3.59036,3.19424,57.2038,-9999.0,14.14,85.1
201205231930,201205232000,-9999.0,1.0,1.013,1.783,15.08,3.50129,0.796828,3.2245,0.203257,0.0,-9999.0,14.15,89.6
201205232000,201205232030,-9999.0,1.0,0.33,1.24,14.72,3.43972,0.937902,3.1406,0.066933,0.0,-9999.0,14.16,92.6
201205232030,201205232100,-9999.0,1.0,0.33,0.802,14.35,3.37667,1.2183,3.05417,0.067333,0.0,-9999.0,14.17,95.1
201205232100,201205232130,-9999.0,1.0,0.33,0.401,14.05,3.32651,1.18266,2.98999,0.067733,0.0,-9999.0,14.17,97.5
201205232130,201205232200,-9999.0,1.0,0.33,0.158,13.8,3.2855,1.18678,2.94126,0.068134,0.0,-9999.0,14.17,99.0
201205232200,201205232230,2.58541,0.0,0.33,0.0,13.64,3.26065,0.484653,2.91982,0.068534,0.0,-9999.0,14.17,100.0
201205232230,201205232300,-9999.0,1.0,0.33,0.0,13.33,3.20919,1.16416,2.85257,0.068934,0.0,-9999.0,14.16,100.0
201205232300,201205232330,-9999.0,1.0,0.33,0.0,13.2,3.18978,1.10076,2.83957,0.069335,0.0,-9999.0,14.15,100.0
201205232330,201205240000,-9999.0,1.0,0.33,0.0,12.94,3.14743,0.989457,2.78724,0.069735,0.0,-9999.0,14.14,100.0
201205240000,201205240030,-9999.0,1.0,0.33,0.0,12.38,3.05281,1.02348,2.64735,0.070135,0.0,-9999.0,14.13,100.0
201205240030,201205240100,-9999.0,1.0,0.33,0.0,11.92,2.97645,1.03841,2.51836,0.069895,0.0,-9999.0,14.11,100.0
201205240100,201205240130,-9999.0,1.0,0.33,0.0,11.31,2.87518,0.775395,2.35352,0.069654,0.0,-9999.0,14.09,100.0
201205240130,201205240200,-9999.0,1.0,0.33,0.0,10.95,2.81733,0.809036,2.26038,0.069413,0.0,-9999.0,14.07,100.0
201205240200,201205240230,-9999.0,1.0,0.33,0.0,10.92,2.81542,0.817566,2.25406,0.069173,0.0,-9999.0,14.05,100.0
201205240230,201205240300,-9999.0,1.0,0.33,0.0,10.87,2.81013,0.870973,2.24258,0.068932,0.0,-9999.0,14.03,100.0
201205240300,201205240330,2.45499,0.0,0.33,0.0,11.25,2.87786,0.339166,2.34355,0.068691,0.0,-9999.0,14.0,100.0
201205240330,201205240400,-9999.0,1.0,0.33,0.0,11.55,2.93256,1.14703,2.42582,0.068451,0.0,-9999.0,13.97,100.0
201205240400,201205240430,-9999.0,1.0,0.347,0.0,11.71,2.96348,1.01331,2.47124,0.071715,0.0,-9999.0,13.94,100.0
201205240430,201205240500,-9999.0,1.0,3.978,0.0,11.78,2.97893,1.19101,2.4922,0.798911,8.65784,-9999.0,13.92,100.0
201205240500,201205240530,-9999.0,1.0,20.3,0.0,12.04,3.02756,1.45544,2.56673,3.65684,103.137,-9999.0,13.89,100.0
201205240530,201205240600,-9999.0,1.0,65.64,0.0,12.19,3.05723,12.0619,2.61114,9.24153,222.296,-9999.0,13.86,100.0
201205240600,201205240630,-9999.0,1.0,139.2,0.0,12.76,3.16149,16.6295,2.7799,14.5107,343.143,-9999.0,13.84,100.0
201205240630,201205240700,-9999.0,1.0,330.8,0.229,14.12,3.41108,23.9998,3.20983,20.6705,463.611,-9999.0,13.81,98.5789
201205240700,201205240730,-14.8473,0.0,349.4,0.017,14.99,3.57615,18.1793,3.50816,21.0125,581.637,-9999.0,13.79,99.9
201205240730,201205240800,-15.567,0.0,476.1,1.757,16.6,3.88612,19.1277,4.10641,22.851,695.203,-9999.0,13.77,90.7
201205240800,201205240830,-18.591,0.0,427.9,3.549,17.36,4.03815,22.2635,4.41251,22.2415,802.366,-9999.0,13.75,82.1
201205240830,201205240900,-16.6405,0.0,382.8,4.88,18.23,4.21426,20.4412,4.78068,21.5671,901.292,-9999.0,13.74,76.7
201205240900,201205240930,-14.4528,0.0,547.4,6.821,19.31,4.43557,18.4128,5.2644,23.6134,990.288,-9999.0,13.73,69.56
201205240930,201205241000,-14.7624,0.0,489.7,8.058,19.81,4.54209,18.7995,5.50064,23.0144,1067.83,-9999.0,13.73,65.14
201205241000,201205241030,-14.9135,0.0,438.4,7.34,19.49,4.4819,18.91,5.35421,22.3792,1132.6,-9999.0,13.75,67.61
201205241030,201205241100,-16.4977,0.0,535.8,8.362,20.33,4.65881,20.6207,5.7571,23.5142,1183.47,-9999.0,13.77,64.97
201205241100,201205241130,-17.3631,0.0,369.7,8.239,20.08,4.61249,21.4555,5.63983,21.3231,1219.59,-9999.0,13.8,64.95
201205241130,201205241200,-18.9144,0.0,362.0,7.942,19.71,4.54166,22.9587,5.46735,21.1819,1240.33,-9999.0,13.83,65.43
201205241200,201205241230,-13.9561,0.0,448.6,8.665,19.99,4.60412,18.0464,5.60378,22.5132,1245.35,-9999.0,13.87,62.93
201205241230,201205241300,-20.1149,0.0,344.9,8.087,19.78,4.566,24.1802,5.50733,20.8514,1234.54,-9999.0,13.91,64.95
201205241300,201205241330,-16.0203,0.0,453.7,8.752,20.09,4.63485,20.136,5.6589,22.5804,1208.11,-9999.0,13.95,62.79
201205241330,201205241400,-14.5293,0.0,459.2,9.37,20.46,4.71657,18.7044,5.84268,22.6526,1166.49,-9999.0,14.0,61.06
201205241400,201205241430,-13.9515,0.0,542.4,9.931,20.75,4.78215,18.1745,5.99024,23.614,1110.41,-9999.0,14.04,59.46
201205241430,201205241500,-19.1282,0.0,402.6,10.151,20.8,4.79783,23.3641,6.01906,21.8375,1040.82,-9999.0,14.08,58.69
201205241500,201205241530,-18.6796,0.0,260.9,8.696,20.21,4.68005,22.8348,5.73133,18.8491,958.909,-9999.0,14.13,63.3
201205241530,201205241600,-13.9229,0.0,468.6,8.928,20.61,4.76854,18.1422,5.93168,22.7766,866.086,-9999.0,14.18,63.24
201205241600,201205241630,-8.0969,0.0,432.7,10.046,21.72,5.00777,12.4852,6.50424,22.2864,763.935,-9999.0,14.22,61.36
201205241630,201205241700,-7.124,0.0,191.3,8.636,20.96,4.85242,11.4059,6.11503,16.4728,654.205,-9999.0,14.26,65.2
201205241700,201205241730,-6.60976,0.0,241.2,8.628,21.11,4.88934,10.9195,6.1953,18.2117,538.773,-9999.0,14.31,65.55
201205241730,201205241800,-2.25716,0.0,142.4,8.531,21.13,4.89887,6.57552,6.20943,14.1688,419.614,-9999.0,14.35,65.98
201205241800,201205241830,-0.775391,0.0,89.1,7.866,20.99,4.87458,5.07872,6.1418,10.7042,298.767,-9999.0,14.39,68.36
201205241830,201205241900,-9999.0,1.0,36.45,6.59,20.51,4.77867,0.066872,5.90428,5.52036,178.3,-9999.0,14.42,72.7
201205241900,201205241930,-9999.0,1.0,14.32,4.456,18.98,4.46553,-0.986597,5.17916,2.43415,60.273,-9999.0,14.46,79.7
201205241930,201205242000,4.72331,0.0,1.76,3.793,17.89,4.2478,-0.859621,4.70029,0.321138,0.0228977,-9999.0,14.49,81.5
201205242000,201205242030,5.20664,0.0,0.33,3.105,17.12,4.09736,-1.45015,4.38085,0.06051,0.0,-9999.0,14.51,84.1
201205242030,201205242100,4.37702,0.0,0.33,1.792,16.41,3.96049,-0.718726,4.09939,0.060269,0.0,-9999.0,14.53,90.4
201205242100,201205242130,3.89972,0.0,0.327,1.281,15.88,3.86033,-0.31336,3.89785,0.059484,0.0,-9999.0,14.54,92.9
201205242130,201205242200,7.4627,0.0,0.33,0.686,15.09,3.71056,-3.98555,3.60864,0.059788,0.0,-9999.0,14.55,96.0
201205242200,201205242230,-9999.0,1.0,0.329,0.225,15.23,3.74168,1.44115,3.66151,0.059367,0.0,-9999.0,14.56,98.7
201205242230,201205242300,-9999.0,1.0,0.329,0.306,14.96,3.69337,1.25247,3.56654,0.059127,0.0,-9999.0,14.56,98.2
201205242300,201205242330,-9999.0,1.0,0.328,0.033,14.45,3.59914,1.47303,3.38973,0.058708,0.0,-9999.0,14.55,99.8
201205242330,201205250000,-0.26602,0.0,0.33,2.667,14.27,3.56854,3.64328,3.3301,0.058825,0.0,-9999.0,14.54,83.6127
201205250000,201205250030,-9999.0,1.0,0.33,2.402,14.08,3.53609,1.37349,3.26777,0.058584,0.0,-9999.0,14.53,85.0595
201205250030,201205250100,-9999.0,1.0,0.282,3.35,15.23,3.76178,1.24347,3.67292,0.049872,0.0,-9999.0,14.52,80.6492
201205250100,201205250130,-9999.0,1.0,0.126,4.415,15.89,3.89554,0.660232,3.92112,0.022212,0.0,-9999.0,14.51,75.5541
201205250130,201205250200,-9999.0,1.0,0.183,4.578,15.77,3.87596,0.698621,3.87802,0.032115,0.0,-9999.0,14.49,74.4584
201205250200,201205250230,0.07839,0.0,0.161,4.437,15.79,3.88405,3.54156,3.888,0.02814,0.0,-9999.0,14.48,75.274
201205250230,201205250300,2.79426,0.0,0.179,0.125,15.67,3.86445,0.812787,3.84511,0.031152,0.0,-9999.0,14.46,99.3
201205250300,201205250330,1.81505,0.0,0.205,0.193,15.42,3.81921,1.76006,3.75421,0.035522,0.0,-9999.0,14.45,98.9
201205250330,201205250400,1.76535,0.0,0.297,0.084,14.72,3.68622,1.71222,3.50326,0.05122,0.0,-9999.0,14.43,99.5
201205250400,201205250430,1.63599,0.0,0.381,3.325,14.04,3.55866,1.74731,3.27052,0.065397,0.0,-9999.0,14.42,79.2621
201205250430,201205250500,0.431035,0.0,6.802,3.582,14.24,3.60095,2.98561,3.34054,1.1218,9.8696,-9999.0,14.41,77.9446
201205250500,201205250530,-0.624449,0.0,44.07,3.392,14.29,3.61443,4.05273,3.35976,6.03478,106.038,-9999.0,14.39,79.1812
201205250530,201205250600,-6.93498,0.0,127.6,3.39,14.55,3.66873,10.4055,3.45207,12.7873,225.01,-9999.0,14.38,79.5421
201205250600,201205250630,-10.5818,0.0,233.9,5.349,16.47,4.05368,14.3397,4.17185,17.5729,345.668,-9999.0,14.37,71.4562
201205250630,201205250700,-10.0747,0.0,334.6,5.201,20.32,4.86187,14.4172,5.89778,20.3641,465.946,-9999.0,14.35,78.2
201205250700,201205250730,-16.3921,0.0,433.3,9.142,22.21,5.27903,21.0295,6.89349,22.2579,583.787,-9999.0,14.34,65.87
201205250730,201205250800,-14.0877,0.0,537.3,11.184,22.97,5.45328,18.8481,7.32487,23.7234,697.175,-9999.0,14.32,60.13
201205250800,201205250830,-20.8076,0.0,634.9,12.451,23.48,5.5732,25.653,7.62531,24.782,804.17,-9999.0,14.31,56.96
201205250830,201205250900,-18.5398,0.0,693.6,12.994,23.88,5.66919,23.4533,7.86742,25.3185,902.94,-9999.0,14.3,56.15
201205250900,201205250930,-13.1254,0.0,779.0,14.041,24.36,5.78394,18.1198,8.16334,25.9893,991.797,-9999.0,14.31,53.96
201205250930,201205251000,-16.6909,0.0,840.0,14.379,24.75,5.87892,21.7524,8.40988,26.4116,1069.22,-9999.0,14.33,53.94
201205251000,201205251030,-15.8081,0.0,886.0,15.466,25.32,6.01582,20.965,8.77613,26.7073,1133.88,-9999.0,14.35,52.11
201205251030,201205251100,-20.4084,0.0,879.0,16.147,25.41,6.04285,25.5859,8.83943,26.6841,1184.68,-9999.0,14.39,50.27
201205251100,201205251130,-19.1657,0.0,836.0,16.191,25.61,6.09537,24.3811,8.97445,26.4358,1220.74,-9999.0,14.43,50.72
201205251130,201205251200,-16.1659,0.0,899.0,17.256,26.07,6.20844,21.4602,9.28263,26.837,1241.45,-9999.0,14.49,48.89
201205251200,201205251230,-19.214,0.0,958.0,18.913,26.79,6.38307,24.6283,9.77477,27.1799,1246.45,-9999.0,14.55,46.31
201205251230,201205251300,-17.9946,0.0,990.0,19.83,27.28,6.50493,23.4931,10.1207,27.3635,1235.67,-9999.0,14.62,45.3
201205251300,201205251330,-20.5436,0.0,917.0,20.603,27.45,6.55183,26.0758,10.2466,26.9956,1209.27,-9999.0,14.69,43.73
201205251330,201205251400,-18.3333,0.0,846.0,21.609,27.81,6.64392,23.9295,10.5092,26.5836,1167.72,-9999.0,14.77,42.21
201205251400,201205251430,-19.09,0.0,769.0,21.598,28.04,6.70549,24.7297,10.6815,26.0612,1111.73,-9999.0,14.87,43.01
201205251430,201205251500,-15.4843,0.0,673.1,21.865,28.2,6.75059,21.1564,10.8045,25.2716,1042.25,-9999.0,14.98,42.84
201205251500,201205251530,-11.5615,0.0,686.7,23.258,28.66,6.86763,17.3139,11.1502,25.4072,960.467,-9999.0,15.09,40.8
201205251530,201205251600,-13.272,0.0,570.2,23.139,28.47,6.82919,19.0013,11.0161,24.2065,867.79,-9999.0,15.2,40.45
201205251600,201205251630,-11.6287,0.0,458.4,23.104,28.32,6.80032,17.3412,10.9122,22.6571,765.799,-9999.0,15.29,40.02
201205251630,201205251700,-12.7635,0.0,365.9,23.008,28.26,6.79297,18.4735,10.8748,20.9221,656.242,-9999.0,15.38,40.06
201205251700,201205251730,-8.53988,0.0,272.2,22.86,28.1,6.76164,14.2314,10.7644,18.498,540.991,-9999.0,15.47,39.89
201205251730,201205251800,-2.369,0.0,184.4,22.195,27.78,6.69198,8.01632,10.539,15.2151,422.019,-9999.0,15.54,40.54
201205251800,201205251830,-9999.0,2.0,106.6,21.659,27.21,6.56278,9.27579,10.1396,10.8554,301.361,-9999.0,15.61,40.01
201205251830,201205251900,7.41754,0.0,39.99,18.846,26.1,6.30624,-2.02538,9.38244,5.09635,181.083,-9999.0,15.67,44.28
201205251900,201205251930,8.07971,0.0,15.28,16.445,24.74,5.99366,-2.89841,8.50177,2.14334,63.2417,-9999.0,15.72,47.29
201205251930,201205252000,-9999.0,1.0,1.303,14.467,23.61,5.7379,-0.57598,7.81101,0.193412,0.124974,-9999.0,15.76,50.38
201205252000,201205252030,-9999.0,1.0,0.006,13.177,22.78,5.55334,-0.359096,7.32774,0.000891,0.0,-9999.0,15.8,52.48
201205252030,201205252100,-9999.0,1.0,0.0,12.036,22.16,5.41786,0.258088,6.98027,0.0,0.0,-9999.0,15.83,54.93
201205252100,201205252130,-9999.0,1.0,0.069,10.62,21.41,5.25392,-0.046138,6.5731,0.010148,0.0,-9999.0,15.85,58.37
201205252130,201205252200,5.93525,0.0,0.306,8.76,20.4,5.03346,-1.41437,6.04766,0.044733,0.0,-9999.0,15.87,63.46
201205252200,201205252230,2.83871,0.0,0.33,6.613,18.96,4.72183,1.46056,5.34476,0.047996,0.0,-9999.0,15.88,69.84
201205252230,201205252300,5.25928,0.0,0.33,5.633,18.05,4.5298,-1.09752,4.93022,0.047756,0.0,-9999.0,15.88,72.8
201205252300,201205252330,6.1241,0.0,0.33,5.361,17.98,4.51938,-1.96821,4.90196,0.047515,0.0,-9999.0,15.88,74.0
201205252330,201205260000,5.12126,0.0,0.0,7.963,19.29,4.80852,-0.754116,5.51168,0.0,0.0,-9999.0,15.87,64.42
201205260000,201205260030,9.47674,0.0,0.0,8.073,19.46,4.8508,-5.07737,5.5972,0.0,0.0,-9999.0,15.86,64.31
201205260030,201205260100,-9999.0,1.0,0.322,5.672,17.87,4.50953,-0.169988,4.85208,0.045895,0.0,-9999.0,15.85,72.3
201205260100,201205260130,-9999.0,1.0,0.33,4.99,17.09,4.34732,0.034891,4.50929,0.047034,0.0,-9999.0,15.83,74.4
201205260130,201205260200,5.316,0.0,0.1,6.91,18.24,4.59865,-1.09375,5.00276,0.014266,0.0,-9999.0,15.81,67.03
201205260200,201205260230,1.73033,0.0,0.0,8.057,19.24,4.82198,2.65549,5.45705,0.0,0.0,-9999.0,15.79,63.89
201205260230,201205260300,0.45685,0.0,0.109,6.644,18.31,4.62318,3.78672,5.0195,0.015549,0.0,-9999.0,15.76,68.44
201205260300,201205260330,5.38318,0.0,0.214,6.422,17.86,4.53028,-1.20567,4.81316,0.030515,0.0,-9999.0,15.74,68.62
201205260330,201205260400,-9999.0,1.0,0.314,5.736,17.21,4.39503,-0.014399,4.52881,0.044756,0.0,-9999.0,15.71,70.8
201205260400,201205260430,7.51734,0.0,0.551,7.048,17.85,4.53727,-3.33131,4.79501,0.078461,0.0,-9999.0,15.69,65.54
201205260430,201205260500,5.25046,0.0,16.11,7.778,18.4,4.66156,-0.972028,5.03004,2.15606,11.1381,-9999.0,15.67,63.26
201205260500,201205260530,-2.50795,0.0,84.1,8.059,18.75,4.74306,6.84734,5.18015,8.91293,108.84,-9999.0,15.64,62.76
201205260530,201205260600,-8.39933,0.0,204.4,8.608,19.34,4.87414,12.8384,5.44444,15.8314,227.63,-9999.0,15.62,61.66
201205260600,201205260630,-6.22534,0.0,250.9,10.075,20.49,5.13236,10.8549,5.99108,17.5991,348.102,-9999.0,15.59,58.21
201205260630,201205260700,-14.9961,0.0,267.5,11.346,21.43,5.34671,19.7836,6.45948,18.1237,468.196,-9999.0,15.57,55.58
201205260700,201205260730,-17.488,0.0,498.7,13.395,22.74,5.64963,22.4878,7.15231,23.1549,585.857,-9999.0,15.55,51.58
201205260730,201205260800,-12.1449,0.0,553.2,14.746,23.57,5.84441,17.2794,7.60764,23.8521,699.071,-9999.0,15.54,49.3
201205260800,201205260830,-5.4143,0.0,619.1,14.619,23.69,5.87341,10.5675,7.66195,24.6341,805.901,-9999.0,15.53,50.1
201205260830,201205260900,-7.16894,0.0,825.0,16.097,24.68,6.10841,12.4834,8.2302,26.3723,904.52,-9999.0,15.52,48.22
201205260900,201205260930,-15.4179,0.0,815.0,17.828,25.3,6.2572,20.8332,8.59106,26.1711,993.24,-9999.0,15.53,44.73
201205260930,201205261000,-18.1311,0.0,868.0,20.254,25.76,6.36845,23.621,8.85914,26.3502,1070.54,-9999.0,15.53,38.9
201205261000,201205261030,-19.7115,0.0,926.0,20.432,26.28,6.49475,25.2859,9.16948,26.6551,1135.11,-9999.0,15.55,40.23
201205261030,201205261100,-26.0777,0.0,691.9,20.231,26.09,6.44972,31.6198,9.02885,24.9241,1185.83,-9999.0,15.58,40.15
201205261100,201205261130,-22.2894,0.0,798.0,22.544,25.73,6.36383,27.7713,8.78396,25.5929,1221.83,-9999.0,15.61,31.87
201205261130,201205261200,-27.2078,0.0,979.0,23.037,26.24,6.48772,32.7726,9.08447,26.6213,1242.51,-9999.0,15.64,32.45
201205261200,201205261230,-21.3686,0.0,967.0,23.346,26.6,6.57582,26.9916,9.29347,26.4832,1247.51,-9999.0,15.68,32.98
201205261230,201205261300,-18.0716,0.0,954.0,23.869,26.72,6.60586,23.7133,9.3497,26.3194,1236.74,-9999.0,15.73,31.96
201205261300,201205261330,-18.3164,0.0,926.0,23.971,26.88,6.64567,23.9834,9.43152,26.1047,1210.38,-9999.0,15.77,32.31
201205261330,201205261400,-4.53961,0.0,810.0,23.976,27.24,6.73434,10.2648,9.64299,25.3316,1168.9,-9999.0,15.82,33.71
201205261400,201205261430,-17.8714,0.0,713.0,23.096,26.88,6.64748,23.5363,9.38923,24.6198,1112.99,-9999.0,15.89,34.78
201205261430,201205261500,-8.96139,0.0,725.0,25.115,27.25,6.73862,14.6861,9.60562,24.5001,1043.61,-9999.0,15.97,30.6
201205261500,201205261530,-18.5098,0.0,683.1,26.267,27.49,6.79824,24.2729,9.73912,23.9983,961.959,-9999.0,16.04,28.43
201205261530,201205261600,-14.7071,0.0,578.7,24.882,27.69,6.84818,20.5021,9.8469,23.0348,869.424,-9999.0,16.12,32.99
201205261600,201205261630,-17.9663,0.0,478.6,23.778,27.45,6.79029,23.7207,9.66835,21.8024,767.59,-9999.0,16.18,35.06
201205261630,201205261700,-16.0985,0.0,408.8,23.076,27.15,6.71786,21.8026,9.45417,20.6874,658.2,-9999.0,16.24,35.86
201205261700,201205261730,-5.98602,0.0,270.5,21.915,26.63,6.59207,11.6036,9.10652,17.543,543.126,-9999.0,16.3,37.2
201205261730,201205261800,-7.25275,0.0,106.0,18.245,25.07,6.21657,12.6135,8.1522,10.3497,424.336,-9999.0,16.34,42.66
201205261800,201205261830,-2.35925,0.0,68.83,15.128,23.51,5.84701,7.46424,7.26452,7.58964,303.864,-9999.0,16.38,47.8
201205261830,201205261900,-9999.0,1.0,24.0,14.529,22.64,5.64403,1.25611,6.79196,3.10726,183.77,-9999.0,16.41,47.16
201205261900,201205261930,-9999.0,1.0,4.426,12.959,21.9,5.47314,-0.678122,6.40487,0.62009,66.1092,-9999.0,16.44,50.7
201205261930,201205262000,5.91835,0.0,0.219,12.536,21.39,5.35649,-1.16015,6.14351,0.031227,0.321422,-9999.0,16.46,50.8
201205262000,201205262030,2.75177,0.0,0.207,12.373,21.18,5.3091,1.97165,6.03163,0.029517,0.0,-9999.0,16.47,50.81
201205262030,201205262100,3.51644,0.0,0.317,10.835,20.39,5.13,1.07885,5.65276,0.045183,0.0,-9999.0,16.48,54.78
201205262100,201205262130,-9999.0,1.0,0.33,10.329,19.91,5.02239,-0.392235,5.42705,0.047033,0.0,-9999.0,16.48,55.59
201205262130,201205262200,-9999.0,1.0,0.329,9.454,19.37,4.9021,-0.700267,5.18199,0.046891,0.0,-9999.0,16.47,57.97
201205262200,201205262230,-9999.0,1.0,0.317,9.003,19.05,4.83153,-0.576418,5.03718,0.045183,0.0,-9999.0,16.47,59.17
201205262230,201205262300,-9999.0,1.0,0.308,8.534,18.81,4.77898,-0.569527,4.92858,0.043902,0.0,-9999.0,16.45,60.71
201205262300,201205262330,-9999.0,1.0,0.324,7.246,18.08,4.61898,-0.285536,4.62413,0.046179,0.0,-9999.0,16.43,65.08
201205262330,201205270000,-9999.0,1.0,0.328,7.259,17.77,4.55195,-0.199193,4.49498,0.046749,0.0,-9999.0,16.41,64.33
201205270000,201205270030,-9999.0,1.0,0.33,6.094,16.96,4.37739,0.283588,4.18002,0.047033,0.0,-9999.0,16.39,68.48
201205270030,201205270100,-9999.0,1.0,0.33,4.592,15.66,4.10193,0.754293,3.70991,0.047033,0.0,-9999.0,16.36,74.2
201205270100,201205270130,-9999.0,1.0,0.33,4.267,15.26,4.01885,1.08767,3.56976,0.047033,0.0,-9999.0,16.34,75.4
201205270130,201205270200,-9999.0,1.0,0.33,3.389,14.44,3.84994,1.30555,3.29869,0.047033,0.0,-9999.0,16.3,79.4
201205270200,201205270230,-9999.0,1.0,0.33,3.566,14.42,3.84636,1.26052,3.28858,0.047033,0.0,-9999.0,16.27,78.3
201205270230,201205270300,-9999.0,1.0,0.33,4.364,14.87,3.93953,1.12512,3.42858,0.047033,0.0,-9999.0,16.24,74.2
201205270300,201205270330,-9999.0,1.0,0.33,3.944,14.42,3.84741,1.3939,3.28105,0.047033,0.0,-9999.0,16.2,76.0
201205270330,201205270400,-9999.0,1.0,0.328,3.2,13.78,3.71758,1.45097,3.08067,0.046749,0.0,-9999.0,16.16,79.7
201205270400,201205270430,-9999.0,1.0,0.514,3.021,13.59,3.67971,1.27172,3.02067,0.073202,0.0,-9999.0,16.11,80.6
201205270430,201205270500,-9999.0,1.0,12.09,3.318,13.89,3.74088,1.68316,3.10713,1.64307,12.4303,-9999.0,16.07,79.1
201205270500,201205270530,-9999.0,1.0,84.0,3.555,14.23,3.8106,15.0963,3.20719,8.88983,111.542,-9999.0,16.02,78.1
201205270530,201205270600,-9999.0,1.0,170.9,3.734,14.78,3.92413,19.8289,3.37522,14.2699,230.154,-9999.0,15.98,77.8
201205270600,201205270630,-9999.0,1.0,176.4,3.646,15.2,4.0118,21.7066,3.50589,14.5342,350.446,-9999.0,15.93,78.9
201205270630,201205270700,-9999.0,1.0,345.6,5.769,17.52,4.50618,23.5333,4.30651,20.2591,470.361,-9999.0,15.89,71.2
201205270700,201205270730,-9999.0,1.0,483.6,9.59,20.58,5.18783,20.0878,5.52548,22.9468,587.845,-9999.0,15.85,60.44
201205270730,201205270800,-20.0693,0.0,560.2,10.763,21.55,5.41082,24.8322,5.94299,23.896,700.89,-9999.0,15.81,58.17
201205270800,201205270830,-21.1529,0.0,636.5,10.825,21.9,5.49247,25.9713,6.09007,24.7666,807.561,-9999.0,15.77,58.82
201205270830,201205270900,-20.4375,0.0,684.4,11.075,22.48,5.62812,25.3486,6.34563,25.19,906.033,-9999.0,15.75,59.33
201205270900,201205270930,-18.7511,0.0,721.0,12.469,23.37,5.83779,23.8052,6.7556,25.211,994.62,-9999.0,15.73,56.61
201205270930,201205271000,-21.2408,0.0,527.6,12.559,23.19,5.79615,26.2649,6.65457,23.1067,1071.81,-9999.0,15.72,55.82
201205271000,201205271030,-21.2664,0.0,922.0,14.117,23.95,5.97672,26.4127,7.00924,26.1991,1136.27,-9999.0,15.72,52.56
201205271030,201205271100,-17.4951,0.0,818.0,15.408,24.58,6.12775,22.7427,7.30746,25.2281,1186.92,-9999.0,15.72,50.14
201205271100,201205271130,-18.5895,0.0,692.6,17.196,25.59,6.37155,24.0004,7.80893,23.8633,1222.87,-9999.0,15.73,47.6
201205271130,201205271200,-25.1485,0.0,760.0,17.033,25.41,6.32893,30.5291,7.69692,24.3973,1243.52,-9999.0,15.76,47.54
201205271200,201205271230,-21.9008,0.0,501.4,16.602,25.29,6.30083,27.2609,7.61702,21.9176,1248.51,-9999.0,15.78,48.5
201205271230,201205271300,-19.1204,0.0,477.0,13.257,24.44,6.09758,24.3414,7.17171,22.1914,1237.75,-9999.0,15.82,56.74
201205271300,201205271330,-21.2125,0.0,292.1,13.344,23.58,5.89378,26.2931,6.73929,18.3757,1211.44,-9999.0,15.85,54.15
201205271330,201205271400,-19.2046,0.0,201.1,8.382,22.2,5.5704,24.0615,6.08986,15.6287,1170.01,-9999.0,15.89,68.69
201205271400,201205271430,-19.6536,0.0,498.9,8.769,22.38,5.61314,24.5386,6.15766,23.1529,1114.19,-9999.0,15.93,67.6
201205271430,201205271500,-20.7088,0.0,401.2,11.189,23.27,5.82287,25.7365,6.55006,21.2371,1044.92,-9999.0,15.96,60.83
201205271500,201205271530,-18.0739,0.0,514.7,14.003,24.5,6.11606,23.2998,7.11919,22.5191,963.385,-9999.0,15.99,54.47
201205271530,201205271600,-17.7885,0.0,373.0,9.834,23.04,5.77021,22.7772,6.41603,20.8578,870.988,-9999.0,16.02,65.09
201205271600,201205271630,-14.3796,0.0,473.9,10.142,23.38,5.85122,19.4223,6.55779,22.724,769.307,-9999.0,16.05,64.73
201205271630,201205271700,-14.9109,0.0,356.6,11.399,24.22,6.05159,20.0885,6.93598,20.2422,660.08,-9999.0,16.08,62.31
201205271700,201205271730,-3.71402,0.0,310.5,12.116,24.05,6.01186,8.86315,6.83979,18.9971,545.178,-9999.0,16.11,59.53
201205271730,201205271800,-4.14202,0.0,159.6,11.447,23.43,5.86542,9.18997,6.53719,13.5686,426.566,-9999.0,16.14,60.31
201205271800,201205271830,3.0728,0.0,87.5,9.962,22.37,5.61687,1.80336,6.05053,9.15281,306.274,-9999.0,16.17,63.17
201205271830,201205271900,3.22908,0.0,32.87,9.008,20.54,5.19486,1.35292,5.27462,4.1263,186.359,-9999.0,16.2,62.75
201205271900,201205271930,3.8201,0.0,9.65,7.133,18.34,4.70137,0.412015,4.4312,1.32403,68.8745,-9999.0,16.22,66.18
201205271930,201205272000,6.38346,0.0,1.893,6.116,17.26,4.46549,-2.32178,4.04779,0.268055,0.579659,-9999.0,16.23,68.96
201205272000,201205272030,-9999.0,1.0,0.33,4.937,16.26,4.25091,0.958292,3.71271,0.047033,0.0,-9999.0,16.24,73.3
201205272030,201205272100,-9999.0,1.0,0.33,4.029,15.55,4.10101,0.893593,3.48513,0.047033,0.0,-9999.0,16.24,77.2
201205272100,201205272130,-9999.0,1.0,0.33,3.197,14.87,3.9593,1.12799,3.27621,0.047033,0.0,-9999.0,16.23,81.1
201205272130,201205272200,-9999.0,1.0,0.33,2.43,14.1,3.801,1.47273,3.0508,0.047033,0.0,-9999.0,16.21,84.9
201205272200,201205272230,-9999.0,1.0,0.33,2.132,13.81,3.74233,1.4867,2.96668,0.047033,0.0,-9999.0,16.19,86.5
201205272230,201205272300,-9999.0,1.0,0.33,1.769,13.4,3.65976,1.1967,2.85206,0.047033,0.0,-9999.0,16.17,88.5
201205272300,201205272330,-9999.0,1.0,0.33,1.342,12.59,3.49827,1.24798,2.63764,0.047033,0.0,-9999.0,16.14,90.8
201205272330,201205280000,-9999.0,1.0,0.33,1.038,11.8,3.34355,1.20944,2.43944,0.047033,0.0,-9999.0,16.1,92.5
201205280000,201205280030,-9999.0,1.0,0.33,0.752,11.34,3.25494,0.968609,2.32816,0.047033,0.0,-9999.0,16.06,94.4
201205280030,201205280100,-9999.0,1.0,0.33,0.546,11.21,3.23039,0.625889,2.31823,0.047033,0.0,-9999.0,16.02,95.9
201205280100,201205280130,-9999.0,1.0,0.33,0.573,10.88,3.16773,1.17249,2.26259,0.047033,0.0,-9999.0,15.98,95.6
201205280130,201205280200,-9999.0,1.0,0.33,0.373,10.7,3.13395,0.912911,2.24194,0.047033,0.0,-9999.0,15.94,97.1
201205280200,201205280230,-9999.0,1.0,0.33,0.214,10.4,3.0777,1.71846,2.19491,0.047033,0.0,-9999.0,15.89,98.3
201205280230,201205280300,-9999.0,1.0,0.33,0.05,10.14,3.02935,1.68001,2.15762,0.047033,0.0,-9999.0,15.84,99.6
201205280300,201205280330,-9999.0,1.0,0.33,0.049,9.81,2.96833,1.43119,2.10603,0.047033,0.0,-9999.0,15.79,99.6
201205280330,201205280400,-9999.0,1.0,0.33,0.08,8.91,2.80392,0.067312,1.93832,0.047033,0.0,-9999.0,15.74,99.3
201205280400,201205280430,-9999.0,1.0,0.593,0.066,8.33,2.70025,0.928781,1.84239,0.084423,0.0,-9999.0,15.68,99.4
201205280430,201205280500,-9999.0,2.0,11.84,0.022,8.41,2.71486,0.638015,1.87682,1.60976,13.7363,-9999.0,15.62,99.8
201205280500,201205280530,-9999.0,2.0,69.24,0.0,8.92,2.80686,1.70046,1.99778,7.65446,114.142,-9999.0,15.57,100.0
201205280530,201205280600,-9999.0,2.0,152.1,0.0,9.62,2.93518,6.73702,2.16338,13.2391,232.582,-9999.0,15.51,100.0
201205280600,201205280630,-9999.0,1.0,249.2,0.181,10.73,3.14345,14.864,2.42985,17.3598,352.699,-9999.0,15.45,98.5954
201205280630,201205280700,-9999.0,1.0,357.4,1.579,14.12,3.81434,23.139,3.31552,20.3615,472.439,-9999.0,15.39,90.2
201205280700,201205280730,-9999.0,1.0,464.5,7.706,17.77,4.59087,22.3376,4.46101,22.4152,589.753,-9999.0,15.34,62.13
201205280730,201205280800,-9999.0,1.0,560.1,10.627,19.45,4.96539,20.5935,5.06787,23.6268,702.633,-9999.0,15.28,52.99
201205280800,201205280830,-7.94456,0.0,647.5,11.517,20.03,5.0974,12.4227,5.30082,24.3715,809.149,-9999.0,15.23,50.85
201205280830,201205280900,-9999.0,1.0,730.0,12.161,20.52,5.20992,21.4221,5.50445,24.9408,907.477,-9999.0,15.19,49.65
201205280900,201205280930,-9999.0,1.0,800.0,13.568,21.44,5.42266,21.5448,5.87772,25.0869,995.936,-9999.0,15.16,46.91
201205280930,201205281000,-9999.0,1.0,863.0,15.27,22.04,5.56309,23.375,6.13434,25.0313,1073.01,-9999.0,15.15,42.4
201205281000,201205281030,-9999.0,1.0,908.0,16.505,22.23,5.60831,24.3772,6.22994,24.957,1137.38,-9999.0,15.14,38.46
201205281030,201205281100,-9999.0,1.0,938.0,17.094,22.8,5.74312,23.4782,6.48005,24.963,1187.95,-9999.0,15.15,38.43
201205281100,201205281130,-15.2898,0.0,948.0,17.595,23.47,5.90266,20.3114,6.77578,24.8911,1223.85,-9999.0,15.16,39.14
201205281130,201205281200,-23.377,0.0,960.0,18.732,23.91,6.0084,28.4683,6.97924,24.6674,1244.47,-9999.0,15.18,36.9
201205281200,201205281230,-25.6003,0.0,947.0,19.885,24.25,6.09068,30.7453,7.14192,24.3345,1249.45,-9999.0,15.21,34.37
201205281230,201205281300,-9.84544,0.0,936.0,20.919,24.84,6.2336,15.0844,7.41383,24.0522,1238.72,-9999.0,15.25,33.35
201205281300,201205281330,-7.62018,0.0,908.0,21.971,25.35,6.35801,12.9403,7.65417,23.6964,1212.44,-9999.0,15.3,32.09
201205281330,201205281400,-7.93677,0.0,856.0,22.216,25.79,6.466,13.3268,7.86583,23.4069,1171.07,-9999.0,15.35,33.1
201205281400,201205281430,-15.2546,0.0,762.0,21.576,25.51,6.39863,20.5985,7.75831,23.0264,1115.33,-9999.0,15.42,33.94
201205281430,201205281500,-17.9832,0.0,734.0,22.078,25.71,6.44822,23.3583,7.86323,22.7619,1046.16,-9999.0,15.5,33.2
201205281500,201205281530,-16.4873,0.0,678.6,22.983,25.88,6.49059,21.8888,7.95494,22.2126,964.747,-9999.0,15.58,31.16
201205281530,201205281600,-15.0792,0.0,581.9,23.151,25.84,6.48169,20.4733,7.95357,21.39,872.484,-9999.0,15.65,30.49
201205281600,201205281630,-14.2624,0.0,481.5,22.701,25.62,6.42887,19.62,7.87329,20.3907,770.95,-9999.0,15.72,30.95
201205281630,201205281700,-5.82548,0.0,386.6,21.998,25.51,6.40292,11.1644,7.84193,19.118,661.883,-9999.0,15.78,32.65
201205281700,201205281730,-9999.0,2.0,281.3,21.915,25.58,6.42084,7.13103,7.88908,16.9423,547.148,-9999.0,15.83,33.18
201205281730,201205281800,-9999.0,1.0,136.7,20.248,25.22,6.3341,10.8605,7.75028,11.8008,428.708,-9999.0,15.88,36.93
201205281800,201205281830,-6.86409,0.0,68.53,16.409,23.1,5.82577,11.8134,6.88757,7.44273,308.591,-9999.0,15.92,41.96
201205281830,201205281900,-1.7342,0.0,39.21,14.184,21.44,5.43652,6.41804,6.259,4.7604,188.851,-9999.0,15.95,44.5
201205281900,201205281930,-9999.0,1.0,13.04,11.944,20.18,5.14673,-0.380425,5.81177,1.76059,71.537,-9999.0,15.99,49.5
201205281930,201205282000,-9999.0,1.0,1.224,10.35,19.27,4.94077,-0.537919,5.50791,0.173772,0.889856,-9999.0,16.01,53.7
201205282000,201205282030,4.32323,0.0,0.33,8.029,17.95,4.64665,-0.191233,5.07715,0.047031,0.0,-9999.0,16.02,60.99
201205282030,201205282100,-9999.0,1.0,0.33,6.922,16.93,4.42373,0.486342,4.76456,0.047031,0.0,-9999.0,16.02,64.13
201205282100,201205282130,-9999.0,1.0,0.33,6.436,16.6,4.35283,0.739016,4.68081,0.047031,0.0,-9999.0,16.02,65.94
201205282130,201205282200,-9999.0,1.0,0.33,4.792,15.33,4.08214,0.861348,4.30986,0.047031,0.0,-9999.0,16.01,72.5
201205282200,201205282230,-9999.0,1.0,0.33,3.667,14.43,3.89434,0.862804,4.06509,0.047031,0.0,-9999.0,16.0,77.7
201205282230,201205282300,-9999.0,1.0,0.33,3.174,13.96,3.79784,1.04662,3.95125,0.047031,0.0,-9999.0,15.98,80.1
201205282300,201205282330,-9999.0,1.0,0.33,2.852,13.69,3.74302,1.07167,3.89598,0.047031,0.0,-9999.0,15.95,81.8
201205282330,201205290000,-9999.0,1.0,0.33,2.515,13.17,3.63785,0.68196,3.77213,0.047031,0.0,-9999.0,15.92,83.4
201205290000,201205290030,-9999.0,1.0,0.33,2.071,12.59,3.52186,0.508513,3.63501,0.04703,0.0,-9999.0,15.89,85.8
201205290030,201205290100,-9999.0,1.0,0.33,1.707,12.21,3.44682,0.931703,3.55426,0.04703,0.0,-9999.0,15.86,88.0
201205290100,201205290130,-9999.0,1.0,0.33,1.265,11.69,3.34501,0.658733,3.43848,0.04703,0.0,-9999.0,15.82,90.8
201205290130,201205290200,-9999.0,1.0,0.33,1.205,11.63,3.33374,0.649318,3.44346,0.04703,0.0,-9999.0,15.78,91.2
201205290200,201205290230,-9999.0,1.0,0.33,0.93,10.96,3.20443,1.66755,3.29256,0.04703,0.0,-9999.0,15.73,92.9
201205290230,201205290300,-9999.0,1.0,0.33,0.652,10.9,3.19334,2.06424,3.29767,0.04703,0.0,-9999.0,15.69,95.0
201205290300,201205290330,-9999.0,1.0,0.33,0.728,11.13,3.23802,0.393951,3.3762,0.04703,0.0,-9999.0,15.65,94.5
201205290330,201205290400,-9999.0,1.0,0.33,0.687,11.1,3.23266,0.388992,3.38885,0.04703,0.0,-9999.0,15.6,94.8
201205290400,201205290430,-9999.0,1.0,0.33,0.723,11.58,3.32621,0.536737,3.53304,0.04703,0.0,-9999.0,15.55,94.7
201205290430,201205290500,-9999.0,1.0,5.573,0.9,11.8,3.3697,0.866782,3.61127,0.77654,15.0468,-9999.0,15.5,93.5
201205290500,201205290530,-9999.0,1.0,36.23,0.83,11.78,3.36623,3.83273,3.62658,4.46597,116.641,-9999.0,15.46,94.0
201205290530,201205290600,-9999.0,1.0,38.25,1.264,12.71,3.55106,5.73698,3.89756,4.67892,234.913,-9999.0,15.41,91.4
201205290600,201205290630,-9999.0,1.0,30.24,1.378,13.16,3.64216,4.86326,4.04316,3.81287,354.861,-9999.0,15.36,90.9
201205290630,201205290700,-22.4775,0.0,44.88,0.996,13.11,3.63253,25.8558,4.05024,5.35597,474.431,-9999.0,15.32,93.4
201205290700,201205290730,-18.4235,0.0,67.74,0.659,13.35,3.68168,21.837,4.13868,7.46035,591.58,-9999.0,15.28,95.7
201205290730,201205290800,-22.5676,0.0,109.3,0.569,13.83,3.78026,26.0523,4.29651,10.5562,704.301,-9999.0,15.25,96.4
201205290800,201205290830,-19.8237,0.0,142.5,0.708,14.82,3.98621,23.457,4.60753,12.5288,810.666,-9999.0,15.22,95.8
201205290830,201205290900,-9999.0,1.0,92.7,0.883,15.23,4.07303,18.4658,4.75197,9.41116,908.855,-9999.0,15.18,94.9
201205290900,201205290930,-25.9767,0.0,38.52,0.76,15.19,4.06513,29.6648,4.76135,4.70372,997.189,-9999.0,15.16,95.6
201205290930,201205291000,-25.224,0.0,36.43,0.704,14.73,3.96895,28.8417,4.64497,4.48318,1074.16,-9999.0,15.13,95.8
201205291000,201205291030,-18.0378,0.0,53.33,0.572,14.34,3.88816,21.5959,4.55111,6.16801,1138.44,-9999.0,15.12,96.5
201205291030,201205291100,-18.9632,0.0,209.0,0.296,14.42,3.90531,22.5327,4.59598,15.5566,1188.94,-9999.0,15.1,98.2
201205291100,201205291130,-27.9706,0.0,377.6,1.03,15.36,4.10327,31.6817,4.89872,20.2715,1224.79,-9999.0,15.09,94.1
201205291130,201205291200,-20.8928,0.0,489.3,2.784,16.32,4.30917,24.7497,5.21643,22.1654,1245.37,-9999.0,15.07,85.0
201205291200,201205291230,-20.8252,0.0,465.8,3.862,17.18,4.49678,24.8135,5.51072,21.805,1250.35,-9999.0,15.05,80.3
201205291230,201205291300,-21.9966,0.0,211.6,4.156,17.18,4.49738,25.9841,5.53219,15.6347,1239.62,-9999.0,15.04,78.8
201205291300,201205291330,-26.7772,0.0,182.8,3.455,17.2,4.50237,30.767,5.56008,14.4507,1213.39,-9999.0,15.04,82.4
201205291330,201205291400,-27.6207,0.0,213.9,3.761,17.5,4.56891,31.6561,5.67827,15.711,1172.08,-9999.0,15.05,81.2
201205291400,201205291430,-22.5322,0.0,328.2,4.672,17.88,4.65354,26.6255,5.82331,19.1345,1116.41,-9999.0,15.05,77.2
201205291430,201205291500,-22.7328,0.0,549.2,6.901,19.34,4.98183,27.0522,6.33095,22.8882,1047.34,-9999.0,15.06,69.26
201205291500,201205291530,-20.4591,0.0,654.8,8.017,20.06,5.1468,24.8902,6.59813,24.0065,966.044,-9999.0,15.07,65.85
201205291530,201205291600,-13.1857,0.0,577.2,8.936,20.7,5.29498,17.7163,6.84097,23.1923,873.911,-9999.0,15.08,63.41
201205291600,201205291630,-16.5667,0.0,476.1,10.053,21.11,5.39088,21.1609,7.00522,21.8703,772.521,-9999.0,15.09,59.86
201205291630,201205291700,-9.19884,0.0,377.9,11.512,21.82,5.5577,13.904,7.27714,20.1234,663.608,-9999.0,15.12,55.99
201205291700,201205291730,-9.65372,0.0,282.9,11.952,22.18,5.64325,14.4148,7.42581,17.8671,549.035,-9999.0,15.14,55.3
201205291730,201205291800,-1.88525,0.0,194.8,12.06,22.0,5.60154,6.61703,7.381,14.883,430.762,-9999.0,15.17,54.4
201205291800,201205291830,3.17225,0.0,112.7,10.881,21.55,5.49655,1.48769,7.24099,10.7148,310.815,-9999.0,15.2,57.71
201205291830,201205291900,0.93806,0.0,45.95,6.766,19.63,5.05318,3.41999,6.59698,5.44626,191.244,-9999.0,15.22,70.4
201205291900,201205291930,1.93554,0.0,17.46,4.138,17.26,4.52276,2.0545,5.83688,2.3124,74.0958,-9999.0,15.24,79.0
201205291930,201205292000,-9999.0,1.0,2.747,2.589,15.71,4.18719,0.273303,5.37116,0.387318,1.24325,-9999.0,15.26,85.5
201205292000,201205292030,-9999.0,1.0,0.33,1.482,14.63,3.95912,0.459775,5.0644,0.047029,0.0,-9999.0,15.27,91.1
201205292030,201205292100,-9999.0,1.0,0.33,0.964,13.82,3.79134,0.423594,4.84564,0.047028,0.0,-9999.0,15.28,93.9
201205292100,201205292130,-9999.0,1.0,0.33,0.787,12.86,3.59601,0.394722,4.58893,0.047028,0.0,-9999.0,15.28,94.7
201205292130,201205292200,-9999.0,1.0,0.33,0.676,12.37,3.4981,0.711546,4.4708,0.047028,0.0,-9999.0,15.27,95.3
201205292200,201205292230,-9999.0,1.0,0.33,0.705,12.07,3.43886,0.621414,4.40731,0.047028,0.0,-9999.0,15.26,95.0
201205292230,201205292300,-9999.0,1.0,0.33,0.421,12.01,3.42742,0.612019,4.41122,0.047028,0.0,-9999.0,15.24,97.0
201205292300,201205292330,-9999.0,1.0,0.33,0.193,11.77,3.38047,0.609431,4.36493,0.047028,0.0,-9999.0,15.22,98.6
201205292330,201205300000,-9999.0,1.0,0.33,0.208,10.85,3.20165,0.440124,4.13277,0.047028,0.0,-9999.0,15.2,98.4
201205300000,201205300030,-9999.0,1.0,0.33,0.152,10.48,3.13111,1.97569,4.05309,0.047028,0.0,-9999.0,15.17,98.8
201205300030,201205300100,-9999.0,1.0,0.33,0.136,10.14,3.0669,2.58367,3.96728,0.047006,0.0,-9999.0,15.14,98.9
201205300100,201205300130,-9999.0,1.0,0.33,0.108,9.66,2.97703,2.44863,3.84473,0.046985,0.0,-9999.0,15.1,99.1
201205300130,201205300200,-9999.0,1.0,0.33,0.06,9.6,2.96622,1.39347,3.83332,0.046963,0.0,-9999.0,15.06,99.5
201205300200,201205300230,-9999.0,1.0,0.33,0.0,9.92,3.02659,2.55061,3.92299,0.046941,0.0,-9999.0,15.02,100.0
201205300230,201205300300,-9999.0,1.0,0.33,0.036,9.73,2.99132,2.45695,3.87677,0.04692,0.0,-9999.0,14.97,99.7
201205300300,201205300330,-9999.0,1.0,0.33,0.035,9.15,2.88391,1.32824,3.72717,0.046898,0.0,-9999.0,14.93,99.7
201205300330,201205300400,-9999.0,2.0,0.279,0.011,8.54,2.77275,0.484091,3.57174,0.039641,0.0,-9999.0,14.88,99.9
201205300400,201205300430,-9999.0,2.0,0.562,0.011,8.09,2.69206,0.374766,3.45933,0.079714,0.0,-9999.0,14.83,99.9
201205300430,201205300500,-9999.0,2.0,8.85,0.0,7.91,2.66029,0.844654,3.41635,1.21065,16.3882,-9999.0,14.78,100.0
201205300500,201205300530,-9999.0,2.0,46.5,0.0,7.87,2.65353,1.12301,3.40894,5.48588,119.037,-9999.0,14.73,100.0
201205300530,201205300600,-9999.0,2.0,136.9,0.0,8.51,2.76879,9.11819,3.57729,12.1548,237.147,-9999.0,14.67,100.0
201205300600,201205300630,-9999.0,1.0,233.0,0.0,10.42,3.12465,13.6891,4.10013,16.3933,356.93,-9999.0,14.62,100.0
201205300630,201205300700,-9999.0,1.0,337.1,0.634,13.51,3.7376,24.816,5.02205,19.3774,476.338,-9999.0,14.57,95.9054
201205300700,201205300730,-9999.0,1.0,449.0,0.036,15.84,4.22795,23.5118,5.78262,21.5802,593.325,-9999.0,14.52,99.8
201205300730,201205300800,-9999.0,1.0,549.3,2.413,17.98,4.69758,21.0722,6.53006,23.0328,705.892,-9999.0,14.48,88.3
201205300800,201205300830,-14.8234,0.0,636.6,4.431,18.89,4.90283,19.0446,6.87213,24.0377,812.111,-9999.0,14.44,79.7
201205300830,201205300900,-6.93909,0.0,732.0,6.687,20.28,5.22161,11.3751,7.40331,24.9362,910.166,-9999.0,14.4,71.9
201205300900,201205300930,-13.2959,0.0,840.0,9.006,21.25,5.4481,17.8825,7.79338,25.7683,998.379,-9999.0,14.38,64.35
201205300930,201205301000,-13.89,0.0,793.0,9.952,21.87,5.59471,18.5728,8.05758,25.4718,1075.24,-9999.0,14.37,62.07
201205301000,201205301030,-20.2819,0.0,906.0,11.175,22.69,5.79019,25.0925,8.40732,26.2517,1139.43,-9999.0,14.38,59.48
201205301030,201205301100,-17.5663,0.0,966.0,12.429,23.29,5.93471,22.4705,8.67635,26.6271,1189.86,-9999.0,14.4,56.54
201205301100,201205301130,-13.8232,0.0,1030.0,13.912,23.99,6.1045,18.8368,8.99238,26.9918,1225.66,-9999.0,14.44,53.36
201205301130,201205301200,-18.6122,0.0,772.0,14.267,24.0,6.10774,23.6264,9.02608,25.4397,1246.22,-9999.0,14.48,52.2
201205301200,201205301230,-21.3109,0.0,681.3,14.667,24.36,6.19602,26.381,9.20711,24.6985,1251.19,-9999.0,14.53,51.91
201205301230,201205301300,-22.0039,0.0,855.0,13.433,24.17,6.15062,27.043,9.15702,26.0986,1240.48,-9999.0,14.59,55.45
201205301300,201205301330,-16.62,0.0,877.0,13.27,24.09,6.13201,21.6456,9.15297,26.2754,1214.28,-9999.0,14.66,55.78
201205301330,201205301400,-13.7384,0.0,853.0,13.505,24.11,6.13768,18.7662,9.1913,26.1514,1173.03,-9999.0,14.73,55.05
201205301400,201205301430,-13.6971,0.0,655.6,13.31,23.83,6.07059,18.6798,9.10098,24.5639,1117.44,-9999.0,14.81,54.95
201205301430,201205301500,-12.2471,0.0,727.0,12.638,23.4,5.96751,17.1611,8.94579,25.2564,1048.46,-9999.0,14.91,56.1
201205301500,201205301530,-14.1923,0.0,648.5,12.488,23.27,5.93699,19.0849,8.91814,24.5482,967.276,-9999.0,15.01,56.28
201205301530,201205301600,-7.14081,0.0,561.5,12.689,23.13,5.9041,12.0105,8.8857,23.5866,875.27,-9999.0,15.09,55.2
201205301600,201205301630,-12.9855,0.0,470.2,11.689,22.56,5.76836,17.7648,8.66842,22.3102,774.019,-9999.0,15.17,57.28
201205301630,201205301700,-10.7626,0.0,375.9,11.847,22.28,5.7024,15.4971,8.57468,20.5802,665.254,-9999.0,15.25,55.96
201205301700,201205301730,-6.31116,0.0,284.6,11.908,22.09,5.658,11.015,8.51878,18.3001,550.838,-9999.0,15.31,55.22
201205301730,201205301800,-2.03537,0.0,202.3,12.229,22.44,5.74202,6.79312,8.69467,15.4291,432.728,-9999.0,15.37,54.98
201205301800,201205301830,-9999.0,1.0,143.8,12.139,22.22,5.69039,7.58618,8.62499,12.6369,312.945,-9999.0,15.42,54.71
201205301830,201205301900,2.61257,0.0,81.6,10.962,21.69,5.5655,2.02609,8.42089,8.5519,193.538,-9999.0,15.46,57.76
201205301900,201205301930,9.82402,0.0,33.29,8.387,20.08,5.18988,-5.43667,7.76122,4.10158,76.5503,-9999.0,15.49,64.32
201205301930,201205302000,-9999.0,1.0,4.339,6.717,18.87,4.91327,-0.406193,7.28255,0.597332,1.66634,-9999.0,15.52,69.19
201205302000,201205302030,5.30609,0.0,0.329,5.782,18.06,4.73111,-1.23157,6.97343,0.046021,0.0,-9999.0,15.53,72.1
201205302030,201205302100,6.94329,0.0,0.329,5.443,17.74,4.66016,-2.91849,6.86208,0.046,0.0,-9999.0,15.55,73.2
201205302100,201205302130,-9999.0,1.0,0.33,4.074,16.94,4.48347,0.10266,6.56163,0.046118,0.0,-9999.0,15.56,78.9
201205302130,201205302200,-9999.0,1.0,0.33,3.137,15.95,4.268,-0.158243,6.1928,0.046096,0.0,-9999.0,15.56,82.7
201205302200,201205302230,-9999.0,1.0,0.33,2.3,14.75,4.01189,0.168717,5.75413,0.046074,0.0,-9999.0,15.56,86.3
201205302230,201205302300,-9999.0,1.0,0.33,1.745,14.02,3.85919,0.134341,5.49761,0.046053,0.0,-9999.0,15.55,89.1
201205302300,201205302330,-9999.0,1.0,0.33,1.204,13.46,3.74369,0.103596,5.30584,0.046031,0.0,-9999.0,15.53,92.2
201205302330,201205310000,-9999.0,1.0,0.33,0.726,13.15,3.68054,-0.112188,5.2045,0.046009,0.0,-9999.0,15.52,95.2
201205310000,201205310030,-9999.0,1.0,0.33,0.643,12.63,3.57523,-0.304571,5.02992,0.045988,0.0,-9999.0,15.5,95.6
201205310030,201205310100,-9999.0,1.0,0.33,0.48,12.09,3.46713,-0.035763,4.8505,0.045966,0.0,-9999.0,15.47,96.6
201205310100,201205310130,-9999.0,1.0,0.33,0.237,11.89,3.42771,0.12882,4.78904,0.045944,0.0,-9999.0,15.44,98.3
201205310130,201205310200,-9999.0,1.0,0.33,0.137,11.63,3.37659,-0.39854,4.70718,0.045922,0.0,-9999.0,15.41,99.0
201205310200,201205310230,-9999.0,1.0,0.33,0.04,11.33,3.31792,-0.612424,4.61205,0.045901,0.0,-9999.0,15.38,99.7
201205310230,201205310300,-9999.0,1.0,0.33,0.079,11.01,3.25577,0.18471,4.5107,0.045879,0.0,-9999.0,15.34,99.4
201205310300,201205310330,-9999.0,1.0,0.33,0.064,10.55,3.16709,-0.169652,4.36375,0.045857,0.0,-9999.0,15.3,99.5
201205310330,201205310400,-9999.0,1.0,0.33,0.0,10.33,3.12525,-0.201479,4.2968,0.045836,0.0,-9999.0,15.27,100.0
201205310400,201205310430,0.447726,0.0,0.618,0.0,9.95,3.05322,2.41783,4.17813,0.085699,0.0,-9999.0,15.22,100.0
201205310430,201205310500,-9999.0,1.0,11.38,0.0,9.91,3.04604,-0.009895,4.16992,1.51273,17.7151,-9999.0,15.18,100.0
201205310500,201205310530,-9999.0,2.0,63.59,0.0,9.78,3.02184,-3.42759,4.13251,7.054,121.33,-9999.0,15.13,100.0
201205310530,201205310600,-4.16766,0.0,143.7,0.0,10.74,3.20589,7.14361,4.45464,12.7287,239.284,-9999.0,15.09,100.0
201205310600,201205310630,-9999.0,1.0,240.4,0.0,12.52,3.55865,13.9785,5.08513,17.1456,358.908,-9999.0,15.04,100.0
201205310630,201205310700,-9999.0,1.0,354.3,0.342,15.05,4.08468,25.013,6.05976,20.5687,478.157,-9999.0,14.99,98.0
201205310700,201205310730,-21.3443,0.0,459.4,3.691,17.89,4.70671,25.3758,7.264,22.7779,594.99,-9999.0,14.94,82.0
201205310730,201205310800,-4.982,0.0,555.5,5.858,19.46,5.0639,9.25297,7.98808,24.3126,707.407,-9999.0,14.9,74.1
201205310800,201205310830,-9.62691,0.0,646.8,6.929,20.4,5.28214,14.0419,8.44823,25.481,813.486,-9999.0,14.86,71.1
201205310830,201205310900,-7.38258,0.0,732.0,8.452,21.53,5.54824,11.9716,9.01662,26.3886,911.411,-9999.0,14.83,67.11
201205310900,201205310930,-17.7993,0.0,798.0,10.772,22.8,5.85199,22.585,9.67712,27.0045,999.506,-9999.0,14.82,61.2
201205310930,201205311000,-17.754,0.0,858.0,12.799,23.34,5.98304,22.6231,9.9818,27.5102,1076.27,-9999.0,14.81,55.38
201205311000,201205311030,-21.0947,0.0,903.0,14.053,24.1,6.16861,26.0817,10.4089,27.8676,1140.37,-9999.0,14.82,53.2
201205311030,201205311100,-16.1191,0.0,938.0,15.645,24.92,6.37057,21.2336,10.8793,28.1377,1190.74,-9999.0,14.83,50.39
201205311100,201205311130,-22.8577,0.0,956.0,18.036,25.85,6.60166,28.1172,11.423,28.2888,1226.49,-9999.0,14.86,45.88
201205311130,201205311200,-20.462,0.0,964.0,20.348,26.61,6.79229,25.8399,11.8852,28.3747,1247.02,-9999.0,14.9,41.62
201205311200,201205311230,-23.714,0.0,919.0,19.805,27.1,6.91627,29.168,12.2023,28.1143,1251.98,-9999.0,14.95,44.79
201205311230,201205311300,-20.2709,0.0,934.0,17.643,26.86,6.85682,25.6861,12.1015,28.2499,1241.29,-9999.0,15.0,50.12
201205311300,201205311330,-20.8408,0.0,901.0,17.7,26.83,6.85019,26.2502,12.1212,28.0577,1215.12,-9999.0,15.07,49.87
201205311330,201205311400,-17.6647,0.0,857.0,18.672,27.13,6.92657,23.1203,12.3331,27.7676,1173.93,-9999.0,15.15,48.04
201205311400,201205311430,-15.8782,0.0,799.0,18.272,26.83,6.85199,21.2856,12.1952,27.3314,1118.41,-9999.0,15.24,48.25
201205311430,201205311500,-19.9362,0.0,727.0,18.287,26.67,6.81272,25.3174,12.1385,26.7027,1049.52,-9999.0,15.34,47.72
201205311500,201205311530,-14.3898,0.0,656.6,18.729,26.27,6.71342,19.7071,11.941,25.9855,968.445,-9999.0,15.44,45.18
201205311530,201205311600,-12.9631,0.0,577.3,18.833,25.97,6.6394,18.2323,11.8015,25.0203,876.561,-9999.0,15.53,43.89
201205311600,201205311630,-15.8501,0.0,491.1,18.619,25.72,6.578,21.0791,11.6905,23.7277,775.444,-9999.0,15.62,43.7
201205311630,201205311700,-4.86761,0.0,412.1,17.651,25.47,6.51675,10.0564,11.579,22.2455,666.824,-9999.0,15.7,45.83
201205311700,201205311730,-9999.0,1.0,246.0,16.753,25.25,6.46307,17.1451,11.4844,17.5848,552.559,-9999.0,15.77,47.91
201205311730,201205311800,-9999.0,1.0,163.2,14.567,24.33,6.23716,6.41968,10.9868,13.9127,434.606,-9999.0,15.82,52.15
201205311800,201205311830,10.092,0.0,160.3,14.821,24.58,6.29939,-5.0454,11.1608,13.7632,314.981,-9999.0,15.88,52.04
201205311830,201205311900,-9999.0,1.0,98.7,14.005,23.98,6.1531,5.99766,10.847,9.89677,195.732,-9999.0,15.92,53.02
201205311900,201205311930,-9999.0,1.0,43.34,10.67,22.39,5.76882,1.24393,9.98312,5.11535,78.8997,-9999.0,15.95,60.6
201205311930,201205312000,5.20348,0.0,3.575,6.682,20.5,5.32157,-0.79259,8.98999,0.483232,2.11413,-9999.0,15.99,72.3
201205312000,201205312030,4.23133,0.0,0.33,4.048,18.84,4.93829,-0.075499,8.15726,0.04512,0.0,-9999.0,16.01,81.4
201205312030,201205312100,-3.68332,0.0,0.33,2.753,17.57,4.65165,7.64554,7.54817,0.045099,0.0,-9999.0,16.03,86.3
201205312100,201205312130,-9999.0,1.0,0.33,1.775,16.26,4.36221,0.555328,6.94144,0.045077,0.0,-9999.0,16.04,90.4
201205312130,201205312200,-9999.0,1.0,0.33,1.17,15.6,4.21918,0.409406,6.65067,0.045055,0.0,-9999.0,16.04,93.4
201205312200,201205312230,-9999.0,1.0,0.33,0.68,15.34,4.16364,0.838904,6.5447,0.045034,0.0,-9999.0,16.04,96.1
201205312230,201205312300,-9999.0,1.0,0.328,0.552,16.18,4.34643,1.34139,6.94411,0.044739,0.0,-9999.0,16.03,97.0
201205312300,201205312330,-9999.0,1.0,0.316,0.663,16.64,4.44801,1.08924,7.17533,0.043084,0.0,-9999.0,16.01,96.5
201205312330,201206010000,-9999.0,1.0,0.308,0.692,16.88,4.50163,0.771669,7.30491,0.041974,0.0,-9999.0,15.99,96.4
201206010000,201206010030,-9999.0,1.0,0.32,0.799,16.71,4.46462,0.411675,7.23715,0.043586,0.0,-9999.0,15.97,95.8
201206010030,201206010100,-9999.0,1.0,0.33,0.625,15.72,4.24851,0.963283,6.76007,0.044926,0.0,-9999.0,15.95,96.5
201206010100,201206010130,-9999.0,1.0,0.33,0.432,14.58,4.00442,0.388616,6.23369,0.044905,0.0,-9999.0,15.92,97.4
201206010130,201206010200,-9999.0,1.0,0.33,0.222,13.89,3.85952,0.157361,5.92372,0.044883,0.0,-9999.0,15.9,98.6
201206010200,201206010230,-9999.0,1.0,0.33,0.123,13.39,3.75592,-0.127752,5.7028,0.044862,0.0,-9999.0,15.88,99.2
201206010230,201206010300,-9999.0,1.0,0.33,0.03,12.85,3.64522,-0.384757,5.47012,0.044841,0.0,-9999.0,15.85,99.8
201206010300,201206010330,-9999.0,1.0,0.33,0.588,12.98,3.67235,-0.3369,5.5176,0.04482,0.0,-9999.0,15.82,96.0708
201206010330,201206010400,-9999.0,1.0,0.33,0.847,13.62,3.80377,-0.386245,5.78034,0.044799,0.0,-9999.0,15.79,94.5728
201206010400,201206010430,12.1132,0.0,0.599,0.801,13.55,3.78831,-8.75921,5.7438,0.081198,0.0,-9999.0,15.76,94.844
201206010430,201206010500,0.43929,0.0,6.846,0.343,13.38,3.75216,2.88929,5.66523,0.906943,16.8952,-9999.0,15.72,97.7699
201206010500,201206010530,-9999.0,1.0,31.13,0.0,13.35,3.74506,6.76947,5.64595,3.79371,119.645,-9999.0,15.69,100.0
201206010530,201206010600,-9999.0,1.0,108.2,0.0,13.35,3.74417,19.608,5.63929,10.5185,237.357,-9999.0,15.65,100.0
201206010600,201206010630,-9999.0,1.0,216.4,0.0,13.75,3.82631,17.5909,5.80162,16.3789,356.806,-9999.0,15.62,100.0
201206010630,201206010700,-9999.0,1.0,320.5,0.0,15.43,4.18156,23.0463,6.5332,19.9889,475.948,-9999.0,15.59,100.0
201206010700,201206010730,-9999.0,1.0,454.4,1.402,17.75,4.69111,24.9278,7.62139,23.1034,592.744,-9999.0,15.55,93.1
201206010730,201206010800,-9999.0,1.0,554.4,4.426,19.6,5.11139,18.8954,8.54804,24.7572,705.196,-9999.0,15.52,80.6
201206010800,201206010830,-9999.0,1.0,642.4,7.357,20.93,5.42031,20.9008,9.24331,25.9029,811.38,-9999.0,15.49,70.3
201206010830,201206010900,-11.6395,0.0,728.0,10.346,22.46,5.78265,16.3229,10.0766,26.816,909.479,-9999.0,15.47,61.96
201206010900,201206010930,-14.2838,0.0,805.0,12.234,23.48,6.02751,19.1226,10.6465,27.5047,997.814,-9999.0,15.45,57.71
201206010930,201206011000,-11.1382,0.0,801.0,12.882,24.23,6.20895,16.0909,11.0709,27.4413,1074.87,-9999.0,15.44,57.43
201206011000,201206011030,-17.4432,0.0,863.0,12.611,24.6,6.29823,22.451,11.2761,27.9211,1139.34,-9999.0,15.45,59.24
201206011030,201206011100,-16.9093,0.0,935.0,13.751,25.28,6.46443,22.0204,11.6686,28.4157,1190.11,-9999.0,15.46,57.32
201206011100,201206011130,-11.7019,0.0,930.0,14.807,25.39,6.49012,16.8278,11.7209,28.351,1226.32,-9999.0,15.48,54.34
201206011130,201206011200,-17.223,0.0,945.0,15.113,25.72,6.57043,22.3979,11.9063,28.4226,1247.34,-9999.0,15.52,54.3
201206011200,201206011230,-18.4113,0.0,857.0,14.995,25.65,6.55148,23.5731,11.8497,27.7566,1252.81,-9999.0,15.56,54.47
201206011230,201206011300,-23.8993,0.0,870.0,13.996,25.1,6.4138,28.9737,11.5053,27.827,1242.65,-9999.0,15.61,56.09
201206011300,201206011330,-21.132,0.0,863.0,15.197,25.48,6.50621,26.263,11.7189,27.744,1217.03,-9999.0,15.67,53.39
201206011330,201206011400,-10.4522,0.0,837.0,16.26,25.84,6.59396,15.6367,11.9219,27.5106,1176.38,-9999.0,15.73,51.18
201206011400,201206011430,-22.9492,0.0,765.0,15.335,25.51,6.51053,28.0804,11.7088,26.8641,1121.39,-9999.0,15.81,53.05
201206011430,201206011500,-13.7276,0.0,604.5,15.034,25.36,6.47187,18.8333,11.6049,25.097,1053.02,-9999.0,15.89,53.56
201206011500,201206011530,-9.85326,0.0,580.0,13.583,24.82,6.33723,14.8734,11.2708,24.7488,972.432,-9999.0,15.97,56.67
201206011530,201206011600,-4.69148,0.0,485.8,12.375,24.52,6.26212,9.66313,11.0814,23.2905,881.001,-9999.0,16.05,59.81
201206011600,201206011630,-9999.0,1.0,450.4,12.828,24.69,6.30229,18.9937,11.1674,22.633,780.293,-9999.0,16.11,58.76
201206011630,201206011700,-9999.0,1.0,234.5,11.382,23.88,6.10299,12.7962,10.6847,16.8185,672.033,-9999.0,16.17,61.59
201206011700,201206011730,-9999.0,1.0,129.0,8.745,22.37,5.73774,7.54758,9.82346,11.6953,558.071,-9999.0,16.21,67.67
201206011730,201206011800,-5.25016,0.0,94.8,7.007,21.63,5.56056,9.77036,9.40855,9.39662,440.359,-9999.0,16.26,72.9
201206011800,201206011830,5.9572,0.0,102.4,6.413,21.37,5.49786,-1.47856,9.25764,9.93508,320.911,-9999.0,16.29,74.8
201206011830,201206011900,7.35164,0.0,71.1,6.755,21.52,5.53192,-2.85213,9.32664,7.5295,201.769,-9999.0,16.32,73.7
201206011900,201206011930,8.29196,0.0,13.29,4.949,19.97,5.16865,-4.02942,8.50338,1.69573,84.9728,-9999.0,16.34,78.8
201206011930,201206012000,-9999.0,1.0,1.857,3.385,18.69,4.87458,-0.657736,7.85102,0.24687,3.44648,-9999.0,16.35,84.3
201206012000,201206012030,-9999.0,1.0,0.33,2.003,17.84,4.68218,-0.234235,7.42969,0.044099,0.0,-9999.0,16.36,90.2
201206012030,201206012100,-9999.0,1.0,0.33,1.101,16.95,4.48371,0.168076,7.00221,0.044078,0.0,-9999.0,16.36,94.3
201206012100,201206012130,-9999.0,1.0,0.33,0.932,16.07,4.29051,-0.523478,6.59283,0.044057,0.0,-9999.0,16.35,94.9
201206012130,201206012200,-9999.0,1.0,0.33,0.602,15.57,4.18171,-0.131685,6.36282,0.044036,0.0,-9999.0,16.34,96.6
201206012200,201206012230,-9999.0,1.0,0.33,0.421,15.42,4.14858,0.276053,6.28931,0.044014,0.0,-9999.0,16.32,97.6
201206012230,201206012300,-9999.0,1.0,0.33,0.237,14.9,4.03694,-0.363043,6.05687,0.043993,0.0,-9999.0,16.3,98.6
201206012300,201206012330,-9999.0,1.0,0.33,0.034,14.9,4.03597,-0.515335,6.04942,0.043972,0.0,-9999.0,16.27,99.8
201206012330,201206020000,-9999.0,1.0,0.327,0.0,15.38,4.13705,0.17268,6.24875,0.043552,0.0,-9999.0,16.24,100.0
201206020000,201206020030,-9999.0,1.0,0.326,0.0,15.56,4.17456,0.19739,6.31945,0.043398,0.0,-9999.0,16.21,100.0
201206020030,201206020100,-9999.0,1.0,0.328,0.0,15.18,4.09245,0.197521,6.14696,0.043643,0.0,-9999.0,16.18,100.0
201206020100,201206020130,-9999.0,1.0,0.329,0.0,14.76,4.00254,-0.618909,5.96025,0.043754,0.0,-9999.0,16.15,100.0
201206020130,201206020200,-9999.0,1.0,0.33,0.0,14.51,3.94901,-0.656613,5.84775,0.043866,0.0,-9999.0,16.12,100.0
201206020200,201206020230,-9999.0,1.0,0.33,0.0,13.96,3.83336,-0.846652,5.61304,0.043845,0.0,-9999.0,16.09,100.0
201206020230,201206020300,-9999.0,1.0,0.33,0.0,13.17,3.67001,-0.961206,5.28833,0.043824,0.0,-9999.0,16.06,100.0
201206020300,201206020330,-9999.0,1.0,0.33,0.0,12.8,3.59402,-1.01526,5.13661,0.043802,0.0,-9999.0,16.02,100.0
201206020330,201206020400,10.533,0.0,0.33,0.0,13.18,3.67028,-7.29742,5.27915,0.043781,0.0,-9999.0,15.99,100.0
201206020400,201206020430,-0.41465,0.0,0.339,0.0,13.36,3.70615,3.67447,5.34385,0.044952,0.0,-9999.0,15.95,100.0
201206020430,201206020500,-9999.0,1.0,2.14,0.0,13.54,3.74215,-0.914138,5.4089,0.281709,18.1382,-9999.0,15.91,100.0
201206020500,201206020530,-9999.0,1.0,14.45,0.0,13.92,3.81956,-0.861221,5.55506,1.81707,121.735,-9999.0,15.88,100.0
201206020530,201206020600,-9999.0,1.0,31.02,0.0,14.48,3.93515,7.04642,5.77739,3.67923,239.302,-9999.0,15.84,100.0
201206020600,201206020630,-4.32547,0.0,118.7,0.0,15.17,4.07953,7.83955,6.05919,10.8407,358.604,-9999.0,15.8,100.0
201206020630,201206020700,-10.2204,0.0,204.9,0.803,16.55,4.37493,13.9338,6.65147,15.2558,477.599,-9999.0,15.77,95.7357
201206020700,201206020730,-13.9606,0.0,263.1,0.52,18.12,4.71989,17.9034,7.36078,17.4074,594.251,-9999.0,15.74,97.5
201206020730,201206020800,-7.31138,0.0,221.0,2.283,19.29,4.98236,11.426,7.91017,15.8803,706.564,-9999.0,15.71,89.8
201206020800,201206020830,-15.1923,0.0,291.4,4.268,20.4,5.2355,19.4707,8.44851,18.2625,812.617,-9999.0,15.69,82.2
201206020830,201206020900,-12.8214,0.0,249.6,5.277,20.78,5.32222,17.1548,8.62952,16.9045,910.596,-9999.0,15.68,78.5
201206020900,201206020930,-21.0503,0.0,367.7,6.831,21.83,5.56633,25.5395,9.15844,20.2162,998.822,-9999.0,15.67,73.9
201206020930,201206021000,-16.1846,0.0,268.8,8.063,22.43,5.70669,20.7621,9.46205,17.5155,1075.79,-9999.0,15.67,70.3
201206021000,201206021030,-21.7157,0.0,395.2,8.445,22.45,5.71005,26.2942,9.46068,20.7787,1140.18,-9999.0,15.67,68.93
201206021030,201206021100,-17.5691,0.0,421.0,9.709,23.25,5.89918,22.2663,9.87601,21.2778,1190.88,-9999.0,15.69,65.97
201206021100,201206021130,-11.1202,0.0,316.0,9.736,23.37,5.92649,15.8334,9.92829,18.8568,1227.04,-9999.0,15.7,66.12
201206021130,201206021200,-17.3512,0.0,487.0,9.759,23.33,5.91548,22.0563,9.8941,22.3979,1248.04,-9999.0,15.72,65.96
201206021200,201206021230,-17.8302,0.0,724.0,11.262,24.3,6.14748,22.6798,10.4106,25.2603,1253.51,-9999.0,15.75,62.94
201206021230,201206021300,-12.8938,0.0,744.0,12.329,25.1,6.34034,17.8624,10.8428,25.4137,1243.36,-9999.0,15.78,61.32
201206021300,201206021330,-13.0065,0.0,653.7,12.836,25.31,6.39009,18.0047,10.9472,24.5077,1217.77,-9999.0,15.81,60.23
201206021330,201206021400,-12.6899,0.0,371.8,12.719,25.0,6.31291,17.6389,10.7592,20.1336,1177.16,-9999.0,15.85,59.86
201206021400,201206021430,-11.4954,0.0,705.0,13.134,25.39,6.40656,16.5013,10.9643,24.9722,1122.25,-9999.0,15.9,59.5
201206021430,201206021500,-16.1435,0.0,396.8,13.093,25.25,6.37081,21.126,10.8716,20.6293,1053.96,-9999.0,15.96,59.29
201206021500,201206021530,-10.4275,0.0,248.6,12.168,24.84,6.26943,15.3458,10.629,16.677,973.471,-9999.0,16.01,61.23
201206021530,201206021600,-11.1605,0.0,177.1,10.441,24.11,6.09125,15.9664,10.2142,13.8146,882.153,-9999.0,16.06,65.25
201206021600,201206021630,-8.6427,0.0,189.0,9.516,23.68,5.98641,13.3817,9.96852,14.3396,781.569,-9999.0,16.11,67.5
201206021630,201206021700,-3.42347,0.0,202.7,9.053,23.43,5.9251,8.12275,9.8218,14.9101,673.442,-9999.0,16.15,68.61
201206021700,201206021730,5.55009,0.0,186.3,9.025,23.31,5.89501,-0.870928,9.74527,14.1968,559.621,-9999.0,16.19,68.48
201206021730,201206021800,-3.42456,0.0,144.3,8.362,22.82,5.77699,8.02812,9.4742,12.1328,442.054,-9999.0,16.22,69.92
201206021800,201206021830,4.15931,0.0,88.7,6.845,22.31,5.655,0.365858,9.19676,8.64649,322.753,-9999.0,16.25,74.6
201206021830,201206021900,0.899768,0.0,46.19,5.625,21.52,5.46838,3.50547,8.78172,5.12835,203.758,-9999.0,16.28,78.1
201206021900,201206021930,6.78155,0.0,18.74,4.114,20.55,5.24226,-2.52245,8.28798,2.28584,87.1056,-9999.0,16.3,83.0
201206021930,201206022000,4.25243,0.0,3.224,2.714,19.46,4.99204,-0.156377,7.75192,0.416428,4.03483,-9999.0,16.31,88.0
201206022000,201206022030,2.48987,0.0,0.332,2.064,18.32,4.7348,1.43692,7.21158,0.043343,0.0,-9999.0,16.32,90.2
201206022030,201206022100,4.50454,0.0,0.304,1.612,17.61,4.57655,-0.683151,6.88203,0.039672,0.0,-9999.0,16.33,92.0
201206022100,201206022130,-9999.0,1.0,0.313,1.125,17.28,4.50306,0.637823,6.727,0.040825,0.0,-9999.0,16.33,94.3
201206022130,201206022200,-9999.0,1.0,0.318,0.684,17.12,4.46703,0.839871,6.64809,0.041456,0.0,-9999.0,16.32,96.5
201206022200,201206022230,-9999.0,1.0,0.293,0.313,17.17,4.47685,1.29393,6.66128,0.038182,0.0,-9999.0,16.31,98.4
201206022230,201206022300,-9999.0,1.0,0.325,0.302,16.6,4.35203,1.02336,6.40599,0.042325,0.0,-9999.0,16.3,98.4
201206022300,201206022330,-9999.0,1.0,0.329,0.167,16.28,4.28207,1.28496,6.26149,0.042825,0.0,-9999.0,16.28,99.1
201206022330,201206030000,-9999.0,1.0,0.329,0.073,16.05,4.23176,1.19977,6.15653,0.042803,0.0,-9999.0,16.27,99.6
201206030000,201206030030,-9999.0,1.0,0.321,5.138,16.1,4.24142,0.211686,6.1694,0.041743,0.0,-9999.0,16.24,71.9282
201206030030,201206030100,-9999.0,1.0,0.268,5.652,16.39,4.30258,0.317372,6.29059,0.034858,0.0,-9999.0,16.22,69.6876
201206030100,201206030130,3.85511,0.0,0.196,6.329,16.64,4.35539,-0.189319,6.39477,0.025501,0.0,-9999.0,16.2,66.5925
201206030130,201206030200,4.16019,0.0,0.195,6.539,16.62,4.35001,-0.498923,6.38477,0.025371,0.0,-9999.0,16.18,65.4392
201206030200,201206030230,-3.67738,0.0,0.287,5.998,16.17,4.25228,7.27235,6.1967,0.037327,0.0,-9999.0,16.15,67.3784
201206030230,201206030300,-9999.0,1.0,0.308,5.199,15.72,4.15537,0.120002,6.01356,0.040055,0.0,-9999.0,16.13,70.8995
201206030300,201206030330,-9999.0,1.0,0.298,4.826,15.55,4.11836,0.094339,5.94617,0.038756,0.0,-9999.0,16.1,72.6914
201206030330,201206030400,-9999.0,1.0,0.207,4.284,15.1,4.02264,-0.010166,5.77029,0.026931,0.0,-9999.0,16.08,75.0447
201206030400,201206030430,-9999.0,1.0,0.827,4.664,14.87,3.97358,-0.419632,5.68334,0.107332,0.0,-9999.0,16.05,72.4302
201206030430,201206030500,-9999.0,1.0,10.74,4.261,14.73,3.94346,-0.490752,5.63224,1.34191,19.3415,-9999.0,16.03,74.5811
201206030500,201206030530,-9999.0,1.0,54.48,3.813,14.86,3.96957,17.9386,5.68409,5.84515,123.72,-9999.0,16.0,77.4429
201206030530,201206030600,-9999.0,1.0,129.3,4.217,15.37,4.07541,17.2871,5.8809,11.1715,241.148,-9999.0,15.98,75.8601
201206030600,201206030630,-9.45897,0.0,220.4,4.685,16.13,4.23547,13.0353,6.1768,15.3921,360.309,-9999.0,15.95,74.453
201206030630,201206030700,-9999.0,1.0,332.0,0.353,18.08,4.65766,21.8666,6.96228,18.7754,479.163,-9999.0,15.92,98.3
201206030700,201206030730,-9999.0,1.0,439.8,2.947,20.0,5.0864,25.4932,7.77284,21.0096,595.677,-9999.0,15.89,87.4
201206030730,201206030800,-14.7385,0.0,541.5,4.878,21.26,5.37379,19.0544,8.31854,22.5612,707.857,-9999.0,15.87,80.7
201206030800,201206030830,-21.7298,0.0,629.0,6.497,21.91,5.52327,26.1395,8.59668,23.6087,813.785,-9999.0,15.86,75.3
201206030830,201206030900,-14.0815,0.0,650.1,8.237,22.42,5.64108,18.5644,8.81169,23.828,911.647,-9999.0,15.84,69.64
201206030900,201206030930,-16.2478,0.0,785.0,9.967,23.29,5.84464,20.8573,9.19198,25.0352,999.769,-9999.0,15.84,65.15
201206030930,201206031000,-15.9234,0.0,845.0,12.245,24.46,6.12204,20.7043,9.71553,25.4742,1076.64,-9999.0,15.84,60.09
201206031000,201206031030,-16.6039,0.0,886.0,12.784,24.94,6.23595,21.454,9.91677,25.7458,1140.96,-9999.0,15.84,59.51
201206031030,201206031100,-15.0206,0.0,927.0,14.829,25.99,6.4888,20.0247,10.3886,25.9981,1191.6,-9999.0,15.86,55.87
201206031100,201206031130,-12.0468,0.0,965.0,16.138,26.64,6.64598,17.1454,10.6699,26.2161,1227.72,-9999.0,15.89,53.78
201206031130,201206031200,-12.9153,0.0,533.2,16.206,26.9,6.70812,18.0503,10.7622,22.4233,1248.69,-9999.0,15.93,54.29
201206031200,201206031230,-14.0106,0.0,690.8,15.424,26.89,6.70402,19.1411,10.7241,24.2033,1254.15,-9999.0,15.97,56.47
201206031230,201206031300,-15.7672,0.0,657.1,15.736,26.99,6.72694,20.9095,10.7381,23.8701,1244.02,-9999.0,16.02,55.85
201206031300,201206031330,-15.2095,0.0,552.5,15.572,26.92,6.70811,20.3383,10.6716,22.6692,1218.45,-9999.0,16.08,56.13
201206031330,201206031400,-13.8369,0.0,403.5,14.661,26.47,6.59631,18.8957,10.4297,20.3035,1177.9,-9999.0,16.13,57.59
201206031400,201206031430,-12.7344,0.0,528.7,15.773,26.51,6.60447,17.7961,10.4164,22.3456,1123.05,-9999.0,16.2,54.48
201206031430,201206031500,-11.2835,0.0,671.5,17.269,26.85,6.68604,16.3926,10.5395,23.9989,1054.84,-9999.0,16.27,51.15
201206031500,201206031530,-9.25567,0.0,648.5,18.298,27.19,6.76783,14.4122,10.6609,23.7638,974.448,-9999.0,16.33,49.26
201206031530,201206031600,-10.2653,0.0,564.3,18.805,27.38,6.8129,15.4469,10.7126,22.8027,883.238,-9999.0,16.39,48.43
201206031600,201206031630,-6.85422,0.0,477.8,19.046,27.4,6.81615,12.0357,10.6864,21.5866,782.773,-9999.0,16.45,47.83
201206031630,201206031700,-9999.0,1.0,384.9,19.927,27.31,6.79235,14.776,10.6111,19.9158,674.774,-9999.0,16.5,45.13
201206031700,201206031730,-9999.0,1.0,293.7,20.991,27.56,6.8522,4.57241,10.6868,17.7261,561.088,-9999.0,16.55,43.04
201206031730,201206031800,-4.3352,0.0,202.4,20.978,27.32,6.79148,9.4954,10.5457,14.6592,443.66,-9999.0,16.6,42.27
201206031800,201206031830,-3.88767,0.0,123.4,18.792,26.43,6.57205,8.91317,10.1276,10.8089,324.5,-9999.0,16.64,45.51
201206031830,201206031900,-9999.0,1.0,50.17,15.406,24.98,6.21969,6.51802,9.49006,5.4535,205.646,-9999.0,16.67,51.32
201206031900,201206031930,-9999.0,1.0,19.26,10.843,22.76,5.68739,1.80384,8.57545,2.3307,89.1316,-9999.0,16.69,60.85
201206031930,201206032000,4.64004,0.0,3.91,7.868,20.77,5.22236,-0.452083,7.80019,0.501367,4.61606,-9999.0,16.71,67.92
201206032000,201206032030,2.96079,0.0,0.33,6.272,19.36,4.89939,1.02119,7.2753,0.042912,0.0,-9999.0,16.73,72.1
201206032030,201206032100,-9999.0,1.0,0.33,5.012,18.25,4.64923,-0.022679,6.87802,0.042912,0.0,-9999.0,16.73,76.1
201206032100,201206032130,-9999.0,1.0,0.33,4.31,17.46,4.47282,0.28183,6.60401,0.042912,0.0,-9999.0,16.73,78.4
201206032130,201206032200,-9999.0,1.0,0.33,3.271,16.25,4.20993,0.397793,6.20221,0.042912,0.0,-9999.0,16.72,82.3
201206032200,201206032230,-9999.0,1.0,0.33,2.514,15.36,4.01938,0.034427,5.91833,0.042912,0.0,-9999.0,16.7,85.6
201206032230,201206032300,-9999.0,1.0,0.33,2.028,14.73,3.88547,-0.556433,5.72442,0.042912,0.0,-9999.0,16.68,87.9
201206032300,201206032330,-9999.0,1.0,0.33,1.736,14.22,3.77772,-0.620673,5.5724,0.042912,0.0,-9999.0,16.65,89.3
201206032330,201206040000,-9999.0,1.0,0.33,1.663,13.85,3.69933,-0.754995,5.46587,0.042912,0.0,-9999.0,16.62,89.5
201206040000,201206040030,-9999.0,1.0,0.33,1.645,13.83,3.6916,-0.759684,5.46428,0.042912,0.0,-9999.0,16.58,89.6
201206040030,201206040100,-9999.0,1.0,0.33,1.595,13.51,3.62399,-0.976564,5.37551,0.042912,0.0,-9999.0,16.54,89.7
201206040100,201206040130,-9999.0,1.0,0.33,1.364,12.84,3.48809,-1.15092,5.18931,0.042912,0.0,-9999.0,16.49,90.8
201206040130,201206040200,-9999.0,1.0,0.33,1.377,12.66,3.44942,-1.17718,5.14499,0.042912,0.0,-9999.0,16.44,90.6
201206040200,201206040230,-9999.0,1.0,0.33,1.463,12.64,3.44205,-1.18173,5.14586,0.042912,0.0,-9999.0,16.39,90.0
201206040230,201206040300,-9999.0,1.0,0.33,1.467,12.68,3.44636,-1.17816,5.16338,0.042912,0.0,-9999.0,16.34,90.0
201206040300,201206040330,-9999.0,1.0,0.33,1.285,12.44,3.39633,-0.899864,5.10408,0.042912,0.0,-9999.0,16.29,91.1
201206040330,201206040400,-9999.0,1.0,0.33,1.024,12.0,3.30831,-0.960828,4.99223,0.042912,0.0,-9999.0,16.24,92.7
201206040400,201206040430,-9999.0,1.0,0.952,0.771,11.44,3.19867,-0.851522,4.85159,0.12349,0.0,-9999.0,16.19,94.3
201206040430,201206040500,-9999.0,1.0,16.68,0.476,11.1,3.13165,-0.997697,4.77161,2.03724,20.5315,-9999.0,16.14,96.4
201206040500,201206040530,-9999.0,1.0,76.4,0.314,11.57,3.21669,24.0183,4.90221,7.63662,125.6,-9999.0,16.08,97.7
201206040530,201206040600,-9999.0,1.0,165.6,0.553,12.95,3.47788,14.8654,5.27382,13.0198,242.895,-9999.0,16.03,96.3
201206040600,201206040630,-9999.0,2.0,267.2,1.315,14.42,3.76472,15.3654,5.67732,16.8984,361.92,-9999.0,15.97,92.0
201206040630,201206040700,-9999.0,1.0,367.6,4.159,17.8,4.46021,25.9817,6.63537,19.4806,480.639,-9999.0,15.92,79.6
201206040700,201206040730,-9999.0,1.0,468.4,8.747,20.45,5.03168,20.8909,7.41566,21.3478,597.021,-9999.0,15.87,63.63
201206040730,201206040800,-9999.0,1.0,564.5,9.954,21.6,5.28319,16.6591,7.75197,22.6971,709.075,-9999.0,15.83,61.43
201206040800,201206040830,-9999.0,1.0,653.7,11.668,22.65,5.51526,18.945,8.05656,23.692,814.882,-9999.0,15.79,57.59
201206040830,201206040900,-5.69491,0.0,732.0,13.707,23.54,5.71308,10.2141,8.30991,24.4152,912.633,-9999.0,15.76,52.79
201206040900,201206040930,-6.98509,0.0,797.0,14.647,24.31,5.88477,11.6125,8.52364,24.9321,1000.66,-9999.0,15.75,51.83
201206040930,201206041000,-3.37417,0.0,852.0,16.106,25.25,6.09728,8.13455,8.78632,25.3207,1077.44,-9999.0,15.74,49.92
201206041000,201206041030,-7.85258,0.0,898.0,17.944,25.81,6.2221,12.691,8.92928,25.6159,1141.68,-9999.0,15.74,46.03
201206041030,201206041100,-27.914,0.0,945.0,23.816,26.83,6.45605,32.8971,9.20879,25.8937,1192.27,-9999.0,15.76,32.55
201206041100,201206041130,-22.7672,0.0,968.0,25.549,27.42,6.58934,27.8327,9.3535,26.0194,1228.35,-9999.0,15.79,30.1
201206041130,201206041200,-17.7616,0.0,974.0,26.331,27.64,6.63488,22.8558,9.38386,26.0481,1249.3,-9999.0,15.83,28.88
201206041200,201206041230,-26.367,0.0,966.0,26.693,27.72,6.64708,31.4697,9.37128,25.9994,1254.75,-9999.0,15.88,28.24
201206041230,201206041300,-19.6446,0.0,949.0,26.698,27.75,6.64737,24.7485,9.34353,25.8991,1244.63,-9999.0,15.93,28.35
201206041300,201206041330,-14.8405,0.0,916.0,26.578,27.67,6.62153,19.9296,9.28394,25.7006,1219.09,-9999.0,15.98,28.34
201206041330,201206041400,-4.58937,0.0,872.0,27.081,28.04,6.70255,9.72884,9.35256,25.4199,1178.58,-9999.0,16.05,28.54
201206041400,201206041430,-14.3956,0.0,813.0,26.718,27.88,6.65764,19.5088,9.27004,25.0094,1123.8,-9999.0,16.12,28.84
201206041430,201206041500,-21.7652,0.0,745.0,26.988,28.25,6.7386,26.9286,9.33504,24.4775,1055.67,-9999.0,16.2,29.65
201206041500,201206041530,-25.7459,0.0,671.0,27.097,27.93,6.65572,30.8599,9.20938,23.811,975.364,-9999.0,16.28,28.04
201206041530,201206041600,-15.588,0.0,584.1,26.446,27.95,6.65356,20.7017,9.17742,22.8796,884.256,-9999.0,16.36,29.85
201206041600,201206041630,-5.46194,0.0,494.3,25.885,27.49,6.53812,10.5062,9.01878,21.6909,783.906,-9999.0,16.42,29.47
201206041630,201206041700,-0.666553,0.0,397.5,25.677,27.34,6.49608,5.68612,8.94431,20.043,676.029,-9999.0,16.48,29.42
201206041700,201206041730,5.30007,0.0,302.7,25.217,27.06,6.4237,-0.323894,8.83789,17.8729,562.472,-9999.0,16.53,29.54
201206041730,201206041800,-9.34739,0.0,211.6,24.438,26.72,6.33763,14.2716,8.71867,14.952,445.177,-9999.0,16.58,30.34
201206041800,201206041830,-4.5717,0.0,128.9,23.084,26.13,6.19402,9.40824,8.54058,11.0896,326.152,-9999.0,16.61,31.87
201206041830,201206041900,-1.84467,0.0,51.25,19.942,24.75,5.87051,6.48076,8.17636,5.54151,207.432,-9999.0,16.64,36.12
201206041900,201206041930,1.87217,0.0,19.11,15.698,22.5,5.35802,2.44089,7.61855,2.31214,91.0504,-9999.0,16.65,42.42
201206041930,201206042000,-9999.0,1.0,3.788,13.286,21.03,5.02929,1.44642,7.26035,0.48588,5.21678,-9999.0,16.67,46.69
201206042000,201206042030,-9999.0,1.0,0.33,10.602,19.63,4.72248,0.394898,6.92909,0.042911,0.0,-9999.0,16.68,53.62
201206042030,201206042100,2.02257,0.0,0.33,8.115,18.03,4.3808,1.65629,6.56328,0.042911,0.0,-9999.0,16.68,60.77
201206042100,201206042130,3.99713,0.0,0.33,6.606,16.77,4.11734,-0.494087,6.2825,0.042911,0.0,-9999.0,16.67,65.42
201206042130,201206042200,9.51589,0.0,0.33,5.797,16.28,4.01397,-6.08206,6.17491,0.042911,0.0,-9999.0,16.65,68.69
201206042200,201206042230,3.22396,0.0,0.33,5.285,15.45,3.84414,0.094851,5.99749,0.042911,0.0,-9999.0,16.63,69.9
201206042230,201206042300,5.93041,0.0,0.33,4.457,14.49,3.65197,-2.74318,5.79701,0.042911,0.0,-9999.0,16.6,73.0
201206042300,201206042330,5.05323,0.0,0.33,3.599,13.4,3.43911,-2.01357,5.57428,0.042911,0.0,-9999.0,16.57,76.6
201206042330,201206050000,7.50452,0.0,0.33,3.542,13.49,3.45255,-4.45481,5.59784,0.042911,0.0,-9999.0,16.53,77.1
201206050000,201206050030,-6.60203,0.0,0.33,3.655,13.38,3.42808,9.63523,5.58046,0.042911,0.0,-9999.0,16.49,76.2
201206050030,201206050100,3.62558,0.0,0.33,3.09,12.65,3.28767,-0.690705,5.42789,0.042911,0.0,-9999.0,16.44,78.9
201206050100,201206050130,-9999.0,1.0,0.33,2.869,12.57,3.26935,-1.27569,5.40721,0.042911,0.0,-9999.0,16.39,80.3
201206050130,201206050200,-9999.0,1.0,0.33,3.328,13.43,3.42666,-1.08292,5.57669,0.042911,0.0,-9999.0,16.34,78.4
201206050200,201206050230,-9999.0,1.0,0.33,3.495,13.69,3.47218,-0.450789,5.62469,0.042911,0.0,-9999.0,16.28,77.7
201206050230,201206050300,-9999.0,1.0,0.33,3.618,13.68,3.4666,-0.454045,5.61798,0.042911,0.0,-9999.0,16.23,76.9
201206050300,201206050330,-9999.0,1.0,0.33,3.822,13.81,3.48754,-0.867191,5.63958,0.042911,0.0,-9999.0,16.17,75.8
201206050330,201206050400,-9999.0,1.0,0.33,3.018,12.88,3.30942,-1.24421,5.44718,0.042911,0.0,-9999.0,16.12,79.7
201206050400,201206050430,-9999.0,1.0,0.914,2.825,13.21,3.36732,-1.12148,5.50912,0.118576,0.0,-9999.0,16.07,81.4
201206050430,201206050500,-9999.0,1.0,21.66,3.032,13.65,3.44624,3.18004,5.5932,2.59639,21.6814,-9999.0,16.02,80.6
201206050500,201206050530,-9999.0,1.0,32.77,3.155,13.64,3.44068,5.69295,5.5865,3.77464,127.374,-9999.0,15.96,79.8
201206050530,201206050600,-9999.0,1.0,29.0,4.134,14.83,3.66342,4.362,5.82172,3.38544,244.541,-9999.0,15.92,75.5
201206050600,201206050630,-9999.0,1.0,16.69,4.339,15.84,3.85569,1.40629,6.02069,2.03788,363.438,-9999.0,15.86,75.9
201206050630,201206050700,-9999.0,1.0,28.32,2.568,16.02,3.88688,3.71773,6.05197,3.31433,482.029,-9999.0,15.82,85.9
201206050700,201206050730,-9999.0,1.0,63.77,1.428,16.3,3.93784,17.271,6.10337,6.62469,598.285,-9999.0,15.78,92.3
201206050730,201206050800,-9999.0,1.0,50.54,0.882,17.18,4.10844,8.08404,6.27568,5.48046,710.217,-9999.0,15.74,95.5
201206050800,201206050830,-9999.0,1.0,28.99,0.161,17.56,4.18027,1.23263,6.34699,3.38503,815.91,-9999.0,15.71,99.2
201206050830,201206050900,-9999.0,1.0,75.2,5.539,18.02,4.26861,7.24363,6.43429,7.54084,913.555,-9999.0,15.69,73.2041
201206050900,201206050930,-9999.0,1.0,121.0,6.461,18.57,4.37581,8.66772,6.53955,10.6449,1001.48,-9999.0,15.67,69.8034
201206050930,201206051000,-18.8364,0.0,67.56,7.618,18.88,4.43446,22.5715,6.59637,6.93777,1078.19,-9999.0,15.65,65.0792
201206051000,201206051030,-20.9532,0.0,299.4,7.799,19.13,4.48096,24.7201,6.64102,17.8261,1142.36,-9999.0,15.65,64.8049
201206051030,201206051100,-22.4133,0.0,631.4,1.517,21.0,4.8652,26.435,7.01043,23.4759,1192.89,-9999.0,15.65,93.9
201206051100,201206051130,-19.9089,0.0,609.2,3.615,21.61,4.98893,24.0124,7.12657,23.2401,1228.93,-9999.0,15.65,86.0
201206051130,201206051200,-21.97,0.0,430.4,5.579,22.31,5.13264,26.1679,7.26036,20.723,1249.85,-9999.0,15.66,79.3
201206051200,201206051230,-24.368,0.0,734.0,9.083,23.51,5.38542,28.73,7.49328,24.4722,1255.3,-9999.0,15.69,68.66
201206051230,201206051300,-9999.0,1.0,478.3,9.283,23.49,5.37525,15.4891,7.48296,21.5304,1245.19,-9999.0,15.72,67.93
201206051300,201206051330,-9999.0,1.0,374.6,7.797,22.85,5.23152,19.1561,7.34939,19.6539,1219.68,-9999.0,15.76,72.0
201206051330,201206051400,-19.8056,0.0,311.5,6.843,22.5,5.15095,24.0191,7.27357,18.1743,1179.22,-9999.0,15.81,74.9
201206051400,201206051430,-18.0823,0.0,427.2,7.268,22.66,5.17952,22.3153,7.29919,20.6896,1124.49,-9999.0,15.87,73.6
201206051430,201206051500,-11.1978,0.0,590.2,8.54,23.38,5.32825,15.5278,7.43578,23.0646,1056.44,-9999.0,15.92,70.3
201206051500,201206051530,-16.3013,0.0,594.1,10.788,24.3,5.52135,20.7563,7.61144,23.0546,976.217,-9999.0,15.97,64.5
201206051530,201206051600,-14.5511,0.0,366.8,10.236,24.06,5.4633,18.9699,7.55757,19.4947,885.209,-9999.0,16.02,65.83
201206051600,201206051630,-16.7057,0.0,140.6,7.676,22.59,5.14209,20.9182,7.26051,11.7734,784.967,-9999.0,16.07,72.0
201206051630,201206051700,-16.5992,0.0,162.2,6.247,21.67,4.94221,20.6822,7.07217,12.878,677.207,-9999.0,16.12,75.9
201206051700,201206051730,-13.0522,0.0,290.0,6.889,22.03,5.01247,17.1821,7.13738,17.6141,563.773,-9999.0,16.18,74.0
201206051730,201206051800,-6.29748,0.0,227.0,10.169,23.33,5.28274,10.604,7.38797,15.5908,446.605,-9999.0,16.22,64.53
201206051800,201206051830,3.14069,0.0,128.5,11.006,23.3,5.27055,1.1589,7.37575,11.0851,327.708,-9999.0,16.26,61.54
201206051830,201206051900,5.04509,0.0,45.2,9.445,22.28,5.04859,-0.888762,7.16842,4.99562,209.117,-9999.0,16.29,64.89
201206051900,201206051930,11.4506,0.0,11.78,5.489,19.91,4.55205,-7.62095,6.69435,1.46581,92.8614,-9999.0,16.32,76.4
201206051930,201206052000,2.81816,0.0,2.824,3.394,18.53,4.26896,0.822234,6.41591,0.363655,5.81043,-9999.0,16.34,84.1
201206052000,201206052030,-9999.0,1.0,0.319,5.379,17.73,4.10593,0.267373,6.2524,0.041483,0.0,-9999.0,16.35,73.5
201206052030,201206052100,-9999.0,1.0,0.249,7.675,17.44,4.04458,0.155177,6.18981,0.032389,0.0,-9999.0,16.35,61.49
201206052100,201206052130,-9999.0,1.0,0.255,6.31,16.94,3.94291,0.259993,6.08594,0.033169,0.0,-9999.0,16.35,67.32
201206052130,201206052200,-9999.0,1.0,0.323,4.729,16.12,3.78113,0.2349,5.91928,0.042003,0.0,-9999.0,16.34,74.2
201206052200,201206052230,-9999.0,1.0,0.327,4.479,15.64,3.68598,-0.122019,5.81983,0.042522,0.0,-9999.0,16.33,74.8
201206052230,201206052300,-9999.0,1.0,0.33,3.593,14.9,3.5434,-0.562634,5.66961,0.042912,0.0,-9999.0,16.31,78.8
201206052300,201206052330,-9999.0,1.0,0.33,2.555,13.88,3.35207,-0.935735,5.46506,0.042912,0.0,-9999.0,16.28,83.9
201206052330,201206060000,-9999.0,1.0,0.33,1.608,13.05,3.19893,-1.21574,5.29837,0.042912,0.0,-9999.0,16.26,89.3
201206060000,201206060030,-9999.0,1.0,0.33,1.37,12.74,3.14031,-1.33849,5.23344,0.042912,0.0,-9999.0,16.22,90.7
201206060030,201206060100,-9999.0,1.0,0.33,0.961,12.34,3.06641,-1.07878,5.1512,0.042912,0.0,-9999.0,16.18,93.3
201206060100,201206060130,-9999.0,1.0,0.33,0.801,11.76,2.96216,-0.96818,5.03435,0.042912,0.0,-9999.0,16.14,94.2
201206060130,201206060200,-9999.0,1.0,0.33,0.772,11.21,2.86461,-1.03912,4.92373,0.042912,0.0,-9999.0,16.1,94.2
201206060200,201206060230,-9999.0,1.0,0.33,0.695,10.69,2.77357,-2.38028,4.81931,0.042912,0.0,-9999.0,16.05,94.6
201206060230,201206060300,-9999.0,1.0,0.33,0.569,10.42,2.72536,-0.562581,4.76327,0.042912,0.0,-9999.0,16.0,95.5
201206060300,201206060330,-9999.0,1.0,0.33,0.457,10.5,2.73563,-0.554327,4.77448,0.042912,0.0,-9999.0,15.95,96.4
201206060330,201206060400,-9999.0,1.0,0.33,0.41,11.11,2.83491,-1.05852,4.88743,0.042912,0.0,-9999.0,15.9,96.9
201206060400,201206060430,5.2908,0.0,0.61,0.449,11.53,2.90301,-2.59871,4.96392,0.079236,0.0,-9999.0,15.84,96.7
201206060430,201206060500,-9999.0,1.0,14.39,0.37,11.1,2.82687,-1.16249,4.87701,1.77381,22.7981,-9999.0,15.79,97.2
201206060500,201206060530,-9999.0,2.0,75.0,0.322,11.34,2.86423,23.821,4.91879,7.55124,129.041,-9999.0,15.73,97.6
201206060530,201206060600,-9999.0,2.0,171.0,0.354,12.13,2.99598,16.8023,5.06622,13.3464,246.088,-9999.0,15.68,97.5
201206060600,201206060630,-9999.0,1.0,270.9,0.615,13.79,3.28391,12.1784,5.38164,17.1374,364.862,-9999.0,15.63,96.1
201206060630,201206060700,-9999.0,2.0,375.9,3.493,17.02,3.87534,23.0038,6.00198,19.833,483.33,-9999.0,15.57,82.0
201206060700,201206060730,-9999.0,1.0,480.7,6.777,19.44,4.33897,24.7632,6.46561,21.7604,599.467,-9999.0,15.52,70.0
201206060730,201206060800,-9999.0,1.0,571.2,7.712,20.54,4.55234,15.207,6.67274,23.0349,711.283,-9999.0,15.48,68.11
201206060800,201206060830,-14.3413,0.0,667.9,8.525,20.83,4.60524,18.2302,6.72291,24.1229,816.867,-9999.0,15.45,65.37
201206060830,201206060900,-13.7662,0.0,746.0,9.472,21.49,4.73284,17.7412,6.84431,24.8513,914.412,-9999.0,15.43,63.05
201206060900,201206060930,-17.8023,0.0,817.0,10.904,22.31,4.89388,21.8852,6.99614,25.2391,1002.25,-9999.0,15.41,59.54
201206060930,201206061000,-17.9973,0.0,885.0,12.473,22.82,4.99258,22.1464,7.08796,25.3785,1078.87,-9999.0,15.41,55.13
201206061000,201206061030,-18.0669,0.0,870.0,13.523,23.56,5.13913,22.3133,7.22358,25.0594,1142.98,-9999.0,15.42,53.48
201206061030,201206061100,-17.0059,0.0,950.0,15.222,24.4,5.30744,21.3633,7.37782,25.1565,1193.46,-9999.0,15.44,50.21
201206061100,201206061130,-18.039,0.0,1010.0,18.152,25.4,5.51057,22.5292,7.56189,24.7975,1229.46,-9999.0,15.46,44.06
201206061130,201206061200,-19.0481,0.0,936.0,18.718,25.46,5.51689,23.5435,7.56663,24.2915,1250.36,-9999.0,15.5,42.52
201206061200,201206061230,-23.501,0.0,906.0,18.656,25.85,5.59262,28.0464,7.63399,24.1256,1255.81,-9999.0,15.55,44.02
201206061230,201206061300,-17.8307,0.0,974.0,20.434,27.05,5.84027,22.5361,7.8543,24.056,1245.7,-9999.0,15.61,42.87
201206061300,201206061330,-21.7907,0.0,661.1,19.132,27.12,5.84848,26.5025,7.86056,22.299,1220.22,-9999.0,15.67,46.73
201206061330,201206061400,-18.8463,0.0,804.0,16.304,26.5,5.71038,23.4708,7.73664,23.9696,1179.8,-9999.0,15.74,52.92
201206061400,201206061430,-16.1423,0.0,799.0,17.337,26.9,5.78843,20.8181,7.80522,23.6954,1125.13,-9999.0,15.81,51.1
201206061430,201206061500,-11.927,0.0,452.2,16.034,26.17,5.62783,16.5007,7.6607,20.3713,1057.15,-9999.0,15.89,52.79
201206061500,201206061530,-16.3213,0.0,702.0,16.824,26.32,5.65287,20.9123,7.68218,23.0532,977.01,-9999.0,15.97,50.9
201206061530,201206061600,-13.3388,0.0,691.7,18.288,26.73,5.73263,17.9823,7.75251,22.6427,886.095,-9999.0,16.05,47.9
201206061600,201206061630,-13.5947,0.0,612.0,17.784,26.37,5.65036,18.1864,7.67795,22.0106,785.957,-9999.0,16.12,48.25
201206061630,201206061700,-8.32558,0.0,545.4,17.942,26.34,5.63756,12.9102,7.66549,21.2487,678.308,-9999.0,16.19,47.7
201206061700,201206061730,-9999.0,1.0,382.7,17.907,26.21,5.60386,17.815,7.63425,18.8445,564.99,-9999.0,16.26,47.4
201206061730,201206061800,-9999.0,1.0,202.2,17.489,25.84,5.52026,13.2326,7.55797,14.1178,447.943,-9999.0,16.31,47.49
201206061800,201206061830,-9999.0,1.0,79.2,14.936,24.63,5.26396,4.59462,7.32369,7.76735,329.169,-9999.0,16.37,51.81
201206061830,201206061900,-9999.0,1.0,51.41,13.165,23.6,5.04789,2.69813,7.12308,5.54259,210.7,-9999.0,16.41,54.82
201206061900,201206061930,2.65678,0.0,22.69,10.8,22.18,4.75694,1.35534,6.84868,2.7135,94.5642,-9999.0,16.45,59.61
201206061930,201206062000,-9999.0,1.0,3.922,7.864,20.53,4.42686,-0.250662,6.53056,0.503032,6.40393,-9999.0,16.48,67.46
201206062000,201206062030,-9999.0,1.0,0.369,5.373,19.16,4.15811,0.216103,6.26547,0.047977,0.0,-9999.0,16.5,75.8
201206062030,201206062100,-9999.0,1.0,0.33,3.611,17.72,3.88234,0.254284,5.98744,0.042913,0.0,-9999.0,16.52,82.2
201206062100,201206062130,-9999.0,1.0,0.33,2.615,16.53,3.65898,0.421694,5.7572,0.042913,0.0,-9999.0,16.52,86.1
201206062130,201206062200,-9999.0,1.0,0.33,2.012,15.95,3.54982,-0.424628,5.6426,0.042913,0.0,-9999.0,16.52,88.9
201206062200,201206062230,-9999.0,1.0,0.33,1.36,15.54,3.47228,-0.012893,5.56029,0.042913,0.0,-9999.0,16.51,92.3
201206062230,201206062300,-9999.0,1.0,0.33,0.733,15.35,3.43444,-0.203846,5.51954,0.042913,0.0,-9999.0,16.49,95.8
201206062300,201206062330,-9999.0,1.0,0.329,0.317,15.5,3.45705,-0.186837,5.54278,0.042783,0.0,-9999.0,16.47,98.2
201206062330,201206070000,-9999.0,1.0,0.33,0.337,14.82,3.33304,-0.727158,5.41012,0.042913,0.0,-9999.0,16.44,98.0
201206070000,201206070030,-9999.0,1.0,0.33,0.319,13.96,3.17988,-1.19412,5.24417,0.042913,0.0,-9999.0,16.41,98.0
201206070030,201206070100,-9999.0,1.0,0.33,0.294,13.49,3.09579,-1.25482,5.13705,0.042897,0.0,-9999.0,16.38,98.1
201206070100,201206070130,-9999.0,1.0,0.33,0.215,13.39,3.07517,-1.35038,5.09929,0.042881,0.0,-9999.0,16.34,98.6
201206070130,201206070200,-9999.0,1.0,0.33,0.047,13.73,3.12935,-1.30991,5.14298,0.042865,0.0,-9999.0,16.3,99.7
201206070200,201206070230,-9999.0,1.0,0.33,0.03,13.25,3.04428,-1.37159,5.03522,0.042849,0.0,-9999.0,16.26,99.8
201206070230,201206070300,-9999.0,1.0,0.33,0.045,12.93,2.98697,-1.41312,4.95754,0.042833,0.0,-9999.0,16.21,99.7
201206070300,201206070330,-9999.0,1.0,0.33,0.015,13.25,3.0371,-1.37537,4.99712,0.042818,0.0,-9999.0,16.17,99.9
201206070330,201206070400,-9999.0,1.0,0.33,0.015,12.85,2.96658,-1.42673,4.90534,0.042802,0.0,-9999.0,16.12,99.9
201206070400,201206070430,-9999.0,1.0,1.448,1.486,12.71,2.9398,-1.44584,4.86123,0.186919,0.0,-9999.0,16.08,89.888
201206070430,201206070500,-9999.0,1.0,17.55,0.63,12.3,2.8687,-1.49803,4.76871,2.13039,21.4867,-9999.0,16.03,95.5984
201206070500,201206070530,-9999.0,2.0,60.05,0.749,12.65,2.92291,17.3987,4.81311,6.29888,126.757,-9999.0,15.98,94.8819
201206070530,201206070600,-9999.0,2.0,147.3,0.362,12.89,2.95916,14.3329,4.8374,12.078,243.597,-9999.0,15.94,97.5667
201206070600,201206070630,-9999.0,2.0,245.7,0.86,13.81,3.10966,17.0919,4.9828,16.1552,362.23,-9999.0,15.89,94.5569
201206070630,201206070700,-16.3097,0.0,366.4,0.693,16.89,3.64217,19.5761,5.5131,19.3702,480.626,-9999.0,15.84,96.4
201206070700,201206070730,-20.7667,0.0,475.2,4.684,19.94,4.19728,24.4229,6.03489,21.3332,596.759,-9999.0,15.8,79.9
201206070730,201206070800,-17.5931,0.0,571.9,7.167,21.76,4.53792,21.4837,6.33365,22.6235,708.641,-9999.0,15.76,72.5
201206070800,201206070830,-9999.0,1.0,658.9,8.19,22.1,4.59792,21.193,6.36856,23.5333,814.36,-9999.0,15.73,69.22
201206070830,201206070900,-9999.0,1.0,717.0,9.529,22.96,4.75895,17.3456,6.49411,24.0275,912.104,-9999.0,15.7,66.01
201206070900,201206070930,-11.6097,0.0,736.0,10.486,23.64,4.88597,15.7385,6.58685,24.0188,1000.2,-9999.0,15.69,64.1
201206070930,201206071000,-14.7752,0.0,780.0,12.81,24.67,5.08287,19.0366,6.73907,23.7152,1077.15,-9999.0,15.69,58.77
201206071000,201206071030,-14.0103,0.0,818.0,12.696,24.92,5.12626,18.3017,6.75513,23.9638,1141.63,-9999.0,15.7,59.74
201206071030,201206071100,-16.8672,0.0,780.0,13.102,25.06,5.14784,21.1741,6.75195,23.5542,1192.53,-9999.0,15.72,58.8
201206071100,201206071130,-12.9184,0.0,604.1,13.896,25.14,5.15749,17.2329,6.73831,21.835,1228.99,-9999.0,15.75,56.51
201206071130,201206071200,-13.8586,0.0,741.0,15.211,25.62,5.24654,18.2332,6.79256,22.6689,1250.38,-9999.0,15.79,53.73
201206071200,201206071230,-15.8052,0.0,815.0,15.222,25.45,5.20645,20.1545,6.73609,23.1256,1256.34,-9999.0,15.84,53.23
201206071230,201206071300,-15.647,0.0,944.0,17.218,25.64,5.23784,20.0183,6.74054,23.2756,1246.76,-9999.0,15.89,47.69
201206071300,201206071330,-19.8082,0.0,944.0,18.548,25.8,5.26325,24.1976,6.73968,22.8922,1221.81,-9999.0,15.94,44.18
201206071330,201206071400,-12.8014,0.0,867.0,18.605,25.77,5.25093,17.1838,6.70685,22.4641,1181.91,-9999.0,16.01,43.91
201206071400,201206071430,-12.5441,0.0,718.0,18.456,25.53,5.19708,16.8921,6.63911,21.5616,1127.76,-9999.0,16.08,43.56
201206071430,201206071500,-11.1894,0.0,484.3,17.045,24.75,5.03746,15.4324,6.48202,19.6051,1060.27,-9999.0,16.16,45.4
201206071500,201206071530,-9.57156,0.0,505.9,15.494,24.24,4.9319,13.7451,6.3705,20.1325,980.592,-9999.0,16.23,48.83
201206071530,201206071600,-10.2033,0.0,473.5,14.186,23.78,4.83679,14.314,6.26784,19.9186,890.101,-9999.0,16.3,51.84
201206071600,201206071630,-8.96686,0.0,540.1,13.82,24.12,4.89663,13.119,6.29732,20.7946,790.341,-9999.0,16.36,54.03
201206071630,201206071700,-9.81881,0.0,309.5,13.328,23.79,4.82692,13.9252,6.21664,17.0332,683.018,-9999.0,16.4,54.78
201206071700,201206071730,-9999.0,1.0,264.0,10.569,22.79,4.6296,15.2877,6.02699,16.1465,569.969,-9999.0,16.44,61.91
201206071730,201206071800,-9999.0,1.0,224.5,10.464,23.03,4.66962,13.3879,6.0403,14.8857,453.129,-9999.0,16.48,62.83
201206071800,201206071830,-2.69395,0.0,85.2,8.682,22.02,4.47279,6.56296,5.8507,8.07531,334.496,-9999.0,16.5,67.21
201206071830,201206071900,-9999.0,1.0,64.96,6.655,20.85,4.24923,6.58203,5.63634,6.55984,216.1,-9999.0,16.53,73.0
201206071900,201206071930,-9999.0,1.0,24.68,4.799,19.55,4.00606,1.03269,5.4024,2.87099,99.967,-9999.0,16.54,78.9
201206071930,201206072000,-9999.0,1.0,2.755,3.29,18.34,3.78398,0.109203,5.18455,0.349511,8.35637,-9999.0,16.55,84.4
201206072000,201206072030,-9999.0,1.0,0.348,2.329,17.42,3.61717,0.227861,5.01477,0.044579,0.0,-9999.0,16.55,88.3
201206072030,201206072100,-9999.0,1.0,0.33,1.969,16.63,3.47562,-0.085954,4.86702,0.04226,0.0,-9999.0,16.55,89.6
201206072100,201206072130,-9999.0,1.0,0.33,1.14,16.42,3.43526,0.167135,4.81232,0.042244,0.0,-9999.0,16.54,93.9
201206072130,201206072200,-9999.0,1.0,0.33,0.642,16.14,3.38318,-0.303357,4.74689,0.042229,0.0,-9999.0,16.52,96.5
201206072200,201206072230,-9999.0,1.0,0.33,0.37,15.5,3.2707,-0.782032,4.62537,0.042213,0.0,-9999.0,16.5,97.9
201206072230,201206072300,-9999.0,1.0,0.33,0.123,15.41,3.25155,-0.840115,4.59069,0.042197,0.0,-9999.0,16.47,99.3
201206072300,201206072330,-9999.0,1.0,0.33,0.069,15.28,3.22577,-1.02245,4.54992,0.042181,0.0,-9999.0,16.45,99.6
201206072330,201206080000,-9999.0,1.0,0.33,0.067,14.79,3.14039,-1.0047,4.45367,0.042165,0.0,-9999.0,16.41,99.6
201206080000,201206080030,-9999.0,1.0,0.33,0.0,14.26,3.04946,-1.22331,4.35201,0.042149,0.0,-9999.0,16.38,100.0
201206080030,201206080100,-9999.0,1.0,0.33,2.574,13.96,2.99687,-1.11868,4.28635,0.042133,0.0,-9999.0,16.35,83.8626
201206080100,201206080130,-9999.0,1.0,0.33,3.521,13.91,2.98504,-1.12669,4.25919,0.042117,0.0,-9999.0,16.31,77.8524
201206080130,201206080200,-9999.0,1.0,0.33,3.439,13.4,2.89937,-1.36133,4.16245,0.042101,0.0,-9999.0,16.27,77.6396
201206080200,201206080230,-9999.0,1.0,0.33,2.723,13.09,2.84643,-1.40049,4.09661,0.042085,0.0,-9999.0,16.24,81.934
201206080230,201206080300,-9999.0,1.0,0.33,2.745,13.09,2.84287,-1.40237,4.07767,0.042069,0.0,-9999.0,16.2,81.787
201206080300,201206080330,-9999.0,1.0,0.33,2.506,12.85,2.80145,-1.51416,4.02295,0.042053,0.0,-9999.0,16.15,83.1111
201206080330,201206080400,-9999.0,1.0,0.33,1.892,12.33,2.71671,-1.57794,3.92712,0.042037,0.0,-9999.0,16.11,86.8031
201206080400,201206080430,-9999.0,1.0,0.991,1.536,11.92,2.65001,-0.556399,3.84832,0.125829,0.0,-9999.0,16.07,88.995
201206080430,201206080500,-9999.0,1.0,19.19,1.48,11.89,2.64208,-0.897593,3.8258,2.25664,22.4636,-9999.0,16.02,89.3753
201206080500,201206080530,-9999.0,2.0,67.85,1.025,12.02,2.65869,20.59,3.82665,6.66495,128.213,-9999.0,15.98,92.7022
201206080530,201206080600,-9999.0,2.0,137.7,1.004,12.49,2.72783,16.41,3.87672,10.938,244.946,-9999.0,15.94,93.0689
201206080600,201206080630,-9999.0,1.0,246.4,1.803,13.55,2.89051,11.7882,4.0118,15.0778,363.47,-9999.0,15.9,88.3879
201206080630,201206080700,-9999.0,2.0,349.0,0.893,16.36,3.34457,25.3663,4.39954,17.5379,481.756,-9999.0,15.85,95.2
201206080700,201206080730,-9999.0,2.0,463.1,4.197,19.25,3.83518,24.4301,4.796,19.4002,597.782,-9999.0,15.81,81.2
201206080730,201206080800,-10.0611,0.0,560.0,7.213,21.11,4.16021,13.7436,5.04005,20.538,709.561,-9999.0,15.77,71.2
201206080800,201206080830,-16.2414,0.0,652.1,9.082,21.92,4.30105,20.0236,5.13116,21.3713,815.182,-9999.0,15.73,65.49
201206080830,201206080900,-9.39421,0.0,738.0,12.351,22.53,4.4065,13.2509,5.19262,21.5427,912.836,-9999.0,15.71,54.78
201206080900,201206080930,-21.3177,0.0,804.0,12.439,22.93,4.47398,25.2224,5.22352,21.8973,1000.85,-9999.0,15.7,55.55
201206080930,201206081000,-15.7125,0.0,858.0,13.616,24.11,4.68562,19.7642,5.3631,21.9199,1077.73,-9999.0,15.69,54.68
201206081000,201206081030,-15.2293,0.0,904.0,14.722,24.91,4.82843,19.3799,5.44777,21.883,1142.15,-9999.0,15.7,53.29
201206081030,201206081100,-18.8228,0.0,936.0,16.77,25.63,4.95708,23.0622,5.52005,21.5784,1193.0,-9999.0,15.71,49.02
201206081100,201206081130,-9999.0,1.0,955.0,17.624,26.05,5.02974,22.3966,5.55,21.4491,1229.43,-9999.0,15.74,47.74
201206081130,201206081200,-9999.0,1.0,959.0,17.754,26.78,5.16118,22.1397,5.62152,21.4004,1250.8,-9999.0,15.77,49.57
201206081200,201206081230,-15.4667,0.0,955.0,19.537,27.01,5.19815,19.8729,5.62418,21.0051,1256.75,-9999.0,15.82,45.25
201206081230,201206081300,-13.2225,0.0,940.0,21.554,27.15,5.21802,17.6434,5.61437,20.536,1247.18,-9999.0,15.87,40.09
201206081300,201206081330,-13.3798,0.0,909.0,22.665,27.34,5.24734,17.8218,5.61106,20.1824,1222.26,-9999.0,15.93,37.7
201206081330,201206081400,-11.033,0.0,866.0,22.794,27.16,5.2065,15.449,5.55821,19.9541,1182.4,-9999.0,15.99,36.68
201206081400,201206081430,-11.2339,0.0,811.0,22.823,27.16,5.1998,15.6468,5.52945,19.6751,1128.29,-9999.0,16.07,36.6
201206081430,201206081500,-10.146,0.0,744.0,23.011,27.27,5.21386,14.5698,5.51519,19.2807,1060.86,-9999.0,16.14,36.49
201206081500,201206081530,-9.25363,0.0,668.9,23.171,27.34,5.22034,13.6832,5.49554,18.7939,981.261,-9999.0,16.23,36.31
201206081530,201206081600,-9.55172,0.0,586.1,23.193,27.17,5.18156,13.9566,5.44448,18.1917,890.853,-9999.0,16.3,35.61
201206081600,201206081630,-0.032562,0.0,496.2,22.949,27.16,5.17298,4.43304,5.41442,17.4233,791.185,-9999.0,16.37,36.25
201206081630,201206081700,-9.33933,0.0,402.6,22.155,26.93,5.12313,13.7076,5.35596,16.4333,683.961,-9999.0,16.43,37.62
201206081700,201206081730,-4.04713,0.0,307.2,21.173,26.64,5.06229,8.37558,5.29007,15.006,571.017,-9999.0,16.48,39.36
201206081730,201206081800,-8.24095,0.0,214.9,20.176,26.18,4.97016,12.5082,5.20278,12.9194,454.284,-9999.0,16.53,40.63
201206081800,201206081830,-1.17626,0.0,131.9,19.525,25.68,4.87126,5.37742,5.11094,9.95511,335.761,-9999.0,16.56,40.82
201206081830,201206081900,-0.000797,0.0,54.85,16.969,24.45,4.6398,4.0442,4.92681,5.43495,217.474,-9999.0,16.59,44.66
201206081900,201206081930,2.15839,0.0,20.63,12.882,22.31,4.2498,1.61434,4.6282,2.3672,101.448,-9999.0,16.61,52.2
201206081930,201206082000,-9999.0,1.0,4.035,9.64,20.42,3.91393,-0.673825,4.36329,0.499157,8.97814,-9999.0,16.63,59.84
201206082000,201206082030,-9999.0,1.0,0.371,7.596,18.61,3.60095,-0.114989,4.11066,0.046661,0.0,-9999.0,16.64,64.59
201206082030,201206082100,0.410788,0.0,0.33,6.015,17.64,3.43495,2.77915,3.96599,0.041496,0.0,-9999.0,16.65,70.2
201206082100,201206082130,2.35344,0.0,0.33,5.093,17.29,3.37295,0.791804,3.90015,0.04148,0.0,-9999.0,16.64,74.2
201206082130,201206082200,-9999.0,1.0,0.33,3.904,16.27,3.20316,-0.093276,3.75162,0.041464,0.0,-9999.0,16.63,78.9
201206082200,201206082230,-9999.0,1.0,0.33,2.958,15.4,3.06046,-0.364936,3.62313,0.041449,0.0,-9999.0,16.61,83.1
201206082230,201206082300,-9999.0,1.0,0.33,2.402,15.09,3.00769,-0.511555,3.56458,0.041433,0.0,-9999.0,16.58,86.0
201206082300,201206082330,-9999.0,1.0,0.33,1.795,14.45,2.90416,-0.732353,3.46632,0.041417,0.0,-9999.0,16.55,89.1
201206082330,201206090000,-9999.0,1.0,0.33,1.293,13.97,2.82659,-0.818939,3.38838,0.041401,0.0,-9999.0,16.51,91.9
201206090000,201206090030,2.70695,0.0,0.33,1.122,13.6,2.76659,-0.013662,3.32438,0.041385,0.0,-9999.0,16.48,92.8
201206090030,201206090100,-9999.0,1.0,0.33,1.023,13.52,2.75084,-1.00316,3.32312,0.041409,0.0,-9999.0,16.43,93.4
201206090100,201206090130,-9999.0,1.0,0.33,1.278,13.06,2.67815,-1.05862,3.27599,0.041433,0.0,-9999.0,16.39,91.5
201206090130,201206090200,-9999.0,1.0,0.33,1.507,12.79,2.63446,-1.14302,3.25159,0.041457,0.0,-9999.0,16.35,89.8
201206090200,201206090230,-9999.0,1.0,0.33,1.539,12.67,2.61321,-1.15874,3.24519,0.041482,0.0,-9999.0,16.3,89.5
201206090230,201206090300,-9999.0,1.0,0.33,1.627,12.8,2.62893,-1.14557,3.26903,0.041506,0.0,-9999.0,16.25,89.0
201206090300,201206090330,-9999.0,1.0,0.33,1.487,12.58,2.59302,-1.1728,3.25041,0.04153,0.0,-9999.0,16.2,89.8
201206090330,201206090400,-9999.0,1.0,0.33,1.486,12.72,2.61014,-0.308943,3.27551,0.041554,0.0,-9999.0,16.15,89.9
201206090400,201206090430,-9999.0,1.0,0.52,1.653,13.05,2.65535,-0.727537,3.32394,0.065458,0.0,-9999.0,16.1,89.0
201206090430,201206090500,-9999.0,1.0,6.739,1.584,12.96,2.63849,-0.739805,3.32111,0.824427,23.3689,-9999.0,16.05,89.4
201206090500,201206090530,-9999.0,2.0,59.57,1.198,12.8,2.61141,20.408,3.30962,5.86128,129.562,-9999.0,16.01,91.9
201206090530,201206090600,-8.55319,0.0,94.5,1.883,14.23,2.82097,11.2986,3.49412,8.23467,246.194,-9999.0,15.96,88.4
201206090600,201206090630,-9999.0,1.0,177.0,2.922,15.87,3.06894,12.7758,3.70612,12.1384,364.615,-9999.0,15.91,83.8
201206090630,201206090700,-9999.0,1.0,299.0,7.512,19.48,3.64479,15.8149,4.1651,15.5932,482.799,-9999.0,15.87,66.83
201206090700,201206090730,-10.4708,0.0,458.3,12.971,22.74,4.19052,14.2321,4.5818,17.917,598.724,-9999.0,15.84,53.11
201206090730,201206090800,-6.36309,0.0,470.8,15.153,23.95,4.3948,10.2704,4.74363,17.8638,710.406,-9999.0,15.8,49.08
201206090800,201206090830,-3.4884,0.0,542.1,17.813,24.85,4.54667,7.5038,4.86721,18.3364,815.935,-9999.0,15.78,43.28
201206090830,201206090900,-15.0023,0.0,609.7,18.964,25.73,4.69605,19.1234,4.98858,18.7905,913.505,-9999.0,15.76,42.69
201206090900,201206090930,-10.4195,0.0,652.5,20.221,26.75,4.87143,14.6637,5.1276,18.9788,1001.45,-9999.0,15.76,42.46
201206090930,201206091000,-1.10534,0.0,680.8,23.103,27.49,4.99757,5.43794,5.23203,18.8726,1078.25,-9999.0,15.76,37.05
201206091000,201206091030,-13.0249,0.0,948.0,25.375,28.45,5.16406,17.4731,5.36399,19.8701,1142.62,-9999.0,15.78,34.62
201206091030,201206091100,-9999.0,1.0,881.0,25.219,28.79,5.21866,19.2014,5.41912,19.6733,1193.43,-9999.0,15.81,36.29
201206091100,201206091130,-9999.0,1.0,948.0,26.611,28.82,5.21699,23.8007,5.4358,19.794,1229.82,-9999.0,15.85,32.89
201206091130,201206091200,-22.8719,0.0,949.0,27.013,28.47,5.14661,27.3129,5.40501,19.7869,1251.17,-9999.0,15.9,30.48
201206091200,201206091230,-15.5105,0.0,916.0,26.959,28.29,5.10715,19.9261,5.39529,19.7114,1257.12,-9999.0,15.96,29.89
201206091230,201206091300,-17.5054,0.0,950.0,27.659,28.69,5.17219,21.9671,5.45834,19.7904,1247.56,-9999.0,16.02,29.72
201206091300,201206091330,-20.1714,0.0,915.0,29.479,29.25,5.26619,24.6989,5.54164,19.5112,1222.66,-9999.0,16.09,27.48
201206091330,201206091400,-20.4216,0.0,873.0,29.899,29.4,5.28608,24.9643,5.57359,19.3504,1182.83,-9999.0,16.16,27.08
201206091400,201206091430,-14.386,0.0,815.0,29.903,29.07,5.2193,18.8848,5.54508,19.1507,1128.77,-9999.0,16.23,25.67
201206091430,201206091500,-15.5605,0.0,754.0,30.719,29.53,5.29503,20.1126,5.61627,18.8295,1061.4,-9999.0,16.32,25.64
201206091500,201206091530,-8.37383,0.0,674.4,32.626,30.08,5.38711,12.9903,5.69899,18.2732,981.87,-9999.0,16.4,23.48
201206091530,201206091600,-5.27479,0.0,601.0,33.243,30.33,5.42492,9.91858,5.74395,17.7972,891.541,-9999.0,16.49,23.14
201206091600,201206091630,-3.94412,0.0,123.3,27.988,28.46,5.08158,8.35492,5.51936,9.50487,791.959,-9999.0,16.57,27.93
201206091630,201206091700,-5.62641,0.0,393.0,26.189,27.77,4.95206,9.94942,5.44376,16.3602,684.828,-9999.0,16.63,29.8
201206091700,201206091730,-2.39432,0.0,238.5,26.84,27.85,4.95935,6.72396,5.46669,13.4997,571.982,-9999.0,16.69,28.39
201206091730,201206091800,-0.030826,0.0,250.6,27.235,27.58,4.90711,4.32427,5.44453,13.7953,455.35,-9999.0,16.74,26.18
201206091800,201206091830,4.21577,0.0,119.9,26.762,27.28,4.8498,0.037871,5.4183,9.41393,336.93,-9999.0,16.78,26.18
201206091830,201206091900,5.41061,0.0,73.2,25.198,26.66,4.7368,-1.23574,5.35026,6.79222,218.746,-9999.0,16.81,27.92
201206091900,201206091930,6.64301,0.0,28.08,24.043,26.07,4.62982,-2.54306,5.28561,3.14651,102.821,-9999.0,16.83,28.79
201206091930,201206092000,2.8261,0.0,4.621,22.881,25.47,4.5219,1.19789,5.21915,0.579847,9.55442,-9999.0,16.85,29.78
201206092000,201206092030,2.71116,0.0,0.25,20.88,24.53,4.35677,1.19588,5.10743,0.032095,0.0,-9999.0,16.86,32.23
201206092030,201206092100,-9999.0,1.0,0.061,20.091,24.17,4.29157,1.39081,5.07155,0.007843,0.0,-9999.0,16.87,33.37
201206092100,201206092130,-9999.0,1.0,0.135,20.146,23.97,4.25373,1.36381,5.05661,0.017361,0.0,-9999.0,16.87,32.38
201206092130,201206092200,-9999.0,1.0,0.31,16.91,22.52,4.00698,0.815842,4.87523,0.039855,0.0,-9999.0,16.87,38.05
201206092200,201206092230,3.93781,0.0,0.329,14.094,21.07,3.76496,-0.457802,4.69245,0.042319,0.0,-9999.0,16.86,43.59
201206092230,201206092300,-9999.0,1.0,0.33,11.446,19.64,3.53116,-0.109881,4.51111,0.042473,0.0,-9999.0,16.86,49.96
201206092300,201206092330,-9999.0,1.0,0.33,9.56,18.37,3.32753,-0.542666,4.35027,0.042497,0.0,-9999.0,16.84,54.76
201206092330,201206100000,4.34013,0.0,0.33,8.365,17.62,3.20808,-1.27577,4.25883,0.042522,0.0,-9999.0,16.82,58.5
201206100000,201206100030,1.01891,0.0,0.33,8.63,17.65,3.2097,2.04624,4.27247,0.042546,0.0,-9999.0,16.79,57.27
201206100030,201206100100,3.14536,0.0,0.33,9.759,17.97,3.25609,-0.045579,4.32544,0.04257,0.0,-9999.0,16.77,52.64
201206100100,201206100130,4.81714,0.0,0.33,9.824,18.17,3.28401,-1.69675,4.36231,0.042594,0.0,-9999.0,16.73,52.92
201206100130,201206100200,-9999.0,1.0,0.33,9.421,17.68,3.20529,-0.675839,4.30531,0.042618,0.0,-9999.0,16.7,53.44
201206100200,201206100230,-9999.0,1.0,0.33,8.958,17.39,3.15785,-0.596587,4.27532,0.042643,0.0,-9999.0,16.66,54.91
201206100230,201206100300,-9999.0,1.0,0.33,8.209,16.87,3.07582,-0.582671,4.2137,0.042667,0.0,-9999.0,16.62,57.3
201206100300,201206100330,-9999.0,1.0,0.33,7.868,16.37,2.99766,-0.638765,4.15453,0.042691,0.0,-9999.0,16.58,57.75
201206100330,201206100400,-9999.0,1.0,0.33,7.433,15.93,2.92921,-1.02656,4.10332,0.042715,0.0,-9999.0,16.54,58.95
201206100400,201206100430,-9999.0,1.0,0.711,9.383,16.68,3.03851,-0.761951,4.21559,0.091915,0.0,-9999.0,16.5,50.6
201206100430,201206100500,-9999.0,1.0,11.02,9.395,16.91,3.07028,-0.681751,4.25661,1.35804,24.2467,-9999.0,16.46,51.25
201206100500,201206100530,2.49808,0.0,58.66,9.49,17.3,3.12637,0.499502,4.31991,5.93588,130.803,-9999.0,16.42,51.96
201206100530,201206100600,2.10458,0.0,170.4,11.367,18.89,3.36765,1.07455,4.54982,12.1176,247.34,-9999.0,16.37,47.93
201206100600,201206100630,-5.9455,0.0,176.5,12.119,20.25,3.57799,9.28059,4.74865,12.343,365.665,-9999.0,16.33,48.98
201206100630,201206100700,-13.6753,0.0,316.1,14.31,22.07,3.8665,17.2214,5.01193,16.1272,483.753,-9999.0,16.29,46.12
201206100700,201206100730,-13.241,0.0,337.1,17.671,24.22,4.21602,17.0384,5.32124,16.433,599.584,-9999.0,16.26,41.57
201206100730,201206100800,-17.7864,0.0,186.6,17.079,24.17,4.20371,21.5745,5.32587,12.6412,711.176,-9999.0,16.23,43.36
201206100800,201206100830,-15.7078,0.0,158.3,16.271,23.98,4.16823,19.47,5.31101,11.5865,816.619,-9999.0,16.2,45.42
201206100830,201206100900,-12.4003,0.0,386.3,16.779,24.25,4.20899,16.191,5.36015,17.3302,914.11,-9999.0,16.19,44.62
201206100900,201206100930,-18.4117,0.0,376.1,18.445,25.55,4.42194,22.3532,5.55297,17.1325,1001.98,-9999.0,16.18,43.66
201206100930,201206101000,-15.932,0.0,190.9,13.447,23.92,4.14644,19.6769,5.33711,12.891,1078.73,-9999.0,16.18,54.73
201206101000,201206101030,-18.4155,0.0,335.9,11.172,23.78,4.11943,22.1405,5.32894,16.6687,1143.03,-9999.0,16.19,62.07
201206101030,201206101100,-24.2684,0.0,327.6,11.761,24.43,4.22275,28.0668,5.43178,16.5025,1193.81,-9999.0,16.2,61.6
201206101100,201206101130,-17.9948,0.0,385.9,13.703,24.79,4.27838,21.8322,5.49408,17.4784,1230.17,-9999.0,16.22,56.21
201206101130,201206101200,-21.5894,0.0,575.1,14.277,25.16,4.3358,25.4671,5.55795,19.7196,1251.51,-9999.0,16.24,55.37
201206101200,201206101230,-20.9996,0.0,744.0,15.343,25.89,4.45356,24.9599,5.67272,20.9427,1257.45,-9999.0,16.27,54.07
201206101230,201206101300,-16.2599,0.0,547.1,16.276,26.1,4.48449,20.2415,5.71443,19.4246,1247.9,-9999.0,16.3,51.88
201206101300,201206101330,-18.2941,0.0,584.5,15.374,25.99,4.46176,22.2591,5.71102,19.8101,1223.01,-9999.0,16.33,54.25
201206101330,201206101400,-15.5258,0.0,638.9,13.552,25.72,4.41237,19.4554,5.68485,20.3253,1183.22,-9999.0,16.38,59.02
201206101400,201206101430,-11.5341,0.0,424.3,11.015,24.9,4.27201,15.3637,5.58023,18.172,1129.2,-9999.0,16.42,65.03
201206101430,201206101500,-14.4845,0.0,484.0,9.86,25.02,4.28773,18.3247,5.60913,18.9667,1061.89,-9999.0,16.47,68.92
201206101500,201206101530,-13.4453,0.0,240.4,7.202,24.23,4.15364,17.1894,5.50788,14.5676,982.42,-9999.0,16.52,76.2
201206101530,201206101600,-14.1386,0.0,217.5,5.653,23.6,4.0469,17.8057,5.42894,13.8986,892.164,-9999.0,16.57,80.6
201206101600,201206101630,-13.7341,0.0,102.7,5.099,23.41,4.01219,17.3757,5.41294,9.00838,792.663,-9999.0,16.61,82.3
201206101630,201206101700,-11.15,0.0,184.5,4.637,23.1,3.95824,14.7522,5.37948,12.7976,685.619,-9999.0,16.65,83.6
201206101700,201206101730,-11.3482,0.0,102.3,4.54,23.16,3.96408,14.9541,5.39941,8.99345,572.864,-9999.0,16.69,84.0
201206101730,201206101800,-7.95779,0.0,91.5,4.092,22.73,3.89117,11.5105,5.34823,8.34028,456.327,-9999.0,16.72,85.2
201206101800,201206101830,-3.49916,0.0,69.39,4.109,22.58,3.86342,7.0312,5.33752,6.83672,338.002,-9999.0,16.74,85.0
201206101830,201206101900,-9999.0,1.0,39.22,3.791,22.27,3.81028,1.83189,5.30336,4.3426,219.914,-9999.0,16.77,85.9
201206101900,201206101930,-9999.0,1.0,7.32,3.089,21.83,3.73688,0.057575,5.24995,0.932463,104.083,-9999.0,16.78,88.2
201206101930,201206102000,5.85407,0.0,0.728,2.545,21.37,3.66087,-2.47115,5.1933,0.095754,10.1294,-9999.0,16.8,90.0
201206102000,201206102030,2.56782,0.0,0.177,2.362,20.99,3.5979,0.76839,5.1481,0.023356,0.0,-9999.0,16.81,90.5
201206102030,201206102100,3.4661,0.0,0.046,2.122,20.68,3.54621,-0.168436,5.11298,0.006077,0.0,-9999.0,16.82,91.3
201206102100,201206102130,2.19184,0.0,0.033,2.139,20.62,3.53346,1.09594,5.11461,0.004362,0.0,-9999.0,16.82,91.2
201206102130,201206102200,5.84025,0.0,0.124,2.248,20.36,3.48986,-2.58515,5.08657,0.016394,0.0,-9999.0,16.82,90.6
201206102200,201206102230,3.01032,0.0,0.094,2.013,20.2,3.46185,0.223565,5.07322,0.012437,0.0,-9999.0,16.82,91.5
201206102230,201206102300,1.73769,0.0,0.062,1.927,20.08,3.44006,1.47958,5.06572,0.008209,0.0,-9999.0,16.82,91.8
201206102300,201206102330,2.25398,0.0,0.075,1.668,19.85,3.40155,0.934224,5.04174,0.009935,0.0,-9999.0,16.81,92.8
201206102330,201206110000,3.03486,0.0,0.035,1.692,19.85,3.39822,0.150401,5.05199,0.00464,0.0,-9999.0,16.8,92.7
201206110000,201206110030,5.6253,0.0,0.012,2.06,20.01,3.41928,-2.42487,5.08621,0.001592,0.0,-9999.0,16.79,91.2
201206110030,201206110100,3.3332,0.0,0.018,1.935,19.95,3.40678,-0.142514,5.06147,0.002372,0.0,-9999.0,16.78,91.7
201206110100,201206110130,2.31049,0.0,0.01,1.741,19.88,3.39279,0.869331,5.0353,0.001309,0.0,-9999.0,16.78,92.5
201206110130,201206110200,2.35693,0.0,0.034,1.648,19.88,3.38946,0.819945,5.01958,0.004419,0.0,-9999.0,16.76,92.9
201206110200,201206110230,2.55825,0.0,0.046,1.574,19.83,3.37854,0.610041,4.99646,0.005937,0.0,-9999.0,16.75,93.2
201206110230,201206110300,3.11896,0.0,0.102,1.471,19.72,3.35856,0.034003,4.96454,0.013071,0.0,-9999.0,16.75,93.6
201206110300,201206110330,3.21462,0.0,0.15,1.358,19.74,3.35827,-0.062338,4.95183,0.019084,0.0,-9999.0,16.73,94.1
201206110330,201206110400,2.88129,0.0,0.205,1.365,19.82,3.36705,0.277053,4.9479,0.025893,0.0,-9999.0,16.72,94.1
201206110400,201206110430,1.94766,0.0,0.476,1.423,19.69,3.34411,1.19315,4.91322,0.059622,0.0,-9999.0,16.71,93.8
201206110430,201206110500,1.81524,0.0,10.0,1.476,19.52,3.31524,1.30359,4.87283,1.19007,25.0492,-9999.0,16.7,93.5
201206110500,201206110530,2.51125,0.0,33.88,1.627,19.22,3.26704,0.571113,4.81373,3.61549,131.936,-9999.0,16.69,92.7
201206110530,201206110600,1.2965,0.0,60.12,1.602,18.76,3.19539,1.7317,4.73173,5.76392,248.385,-9999.0,16.69,92.6
201206110600,201206110630,-3.00792,0.0,241.8,2.361,18.91,3.21446,6.04998,4.73818,13.9863,366.62,-9999.0,16.68,89.2
201206110630,201206110700,-2.04992,0.0,359.3,6.196,20.68,3.47713,5.28698,4.97731,16.5805,484.619,-9999.0,16.66,74.6
201206110700,201206110730,-0.82789,0.0,303.0,6.961,20.99,3.52088,4.09672,5.00558,15.3891,600.363,-9999.0,16.65,72.0
201206110730,201206110800,-0.843676,0.0,542.6,8.292,22.05,3.68011,4.22868,5.14043,19.0872,711.871,-9999.0,16.64,68.74
201206110800,201206110830,8.52918,0.0,495.0,8.748,22.31,3.71666,-5.11805,5.1606,18.478,817.235,-9999.0,16.63,67.54
201206110830,201206110900,-9999.0,1.0,614.4,8.339,22.29,3.70987,19.6542,5.14092,19.7491,914.652,-9999.0,16.63,69.02
201206110900,201206110930,-9999.0,1.0,763.0,10.009,23.18,3.84449,19.5168,5.24944,20.9585,1002.46,-9999.0,16.63,64.77
201206110930,201206111000,-2.63415,0.0,843.0,12.148,24.14,3.99133,6.24205,5.3667,21.4804,1079.14,-9999.0,16.63,59.64
201206111000,201206111030,-5.17494,0.0,860.0,13.971,24.83,4.09653,8.85749,5.44517,21.5682,1143.4,-9999.0,16.63,55.46
201206111030,201206111100,-9.57281,0.0,791.0,15.319,25.54,4.2055,13.3323,5.5256,21.0838,1194.14,-9999.0,16.64,53.18
201206111100,201206111130,-14.4338,0.0,761.0,15.976,26.12,4.29417,18.2554,5.58727,20.8376,1230.47,-9999.0,16.66,52.82
201206111130,201206111200,-16.0444,0.0,1013.0,14.521,26.07,4.28185,19.8567,5.56179,22.3976,1251.79,-9999.0,16.69,56.99
201206111200,201206111230,-14.9511,0.0,986.0,15.617,26.36,4.32407,18.7926,5.5829,22.2437,1257.73,-9999.0,16.72,54.53
201206111230,201206111300,-26.0561,0.0,964.0,16.654,26.43,4.33097,29.9019,5.57373,22.1093,1248.19,-9999.0,16.76,51.71
201206111300,201206111330,-25.9496,0.0,929.0,16.925,26.47,4.33303,29.7963,5.56041,21.8903,1223.32,-9999.0,16.8,51.04
201206111330,201206111400,-18.3818,0.0,887.0,17.386,26.58,4.34631,22.2373,5.55653,21.6106,1183.56,-9999.0,16.85,50.03
201206111400,201206111430,-17.7685,0.0,834.0,20.439,26.92,4.39653,21.6586,5.58355,21.2301,1129.58,-9999.0,16.9,42.42
201206111430,201206111500,-15.8252,0.0,763.0,18.09,27.14,4.42748,19.7365,5.5941,20.6675,1062.32,-9999.0,16.97,49.69
201206111500,201206111530,-18.8154,0.0,683.0,14.697,26.02,4.24381,22.5969,5.425,19.9428,982.91,-9999.0,17.03,56.34
201206111530,201206111600,-10.4216,0.0,597.0,14.205,25.71,4.19032,14.1647,5.36496,19.0314,892.722,-9999.0,17.09,57.02
201206111600,201206111630,-15.7603,0.0,513.8,16.82,26.08,4.24477,19.5413,5.39588,17.9806,793.296,-9999.0,17.15,50.21
201206111630,201206111700,-13.0234,0.0,418.1,18.281,25.91,4.21351,16.7818,5.35471,16.5092,686.333,-9999.0,17.2,45.34
201206111700,201206111730,-7.235,0.0,282.8,16.007,25.23,4.10193,10.9137,5.24608,13.7227,573.663,-9999.0,17.24,50.17
201206111730,201206111800,-9.14017,0.0,237.4,13.42,24.03,3.91044,12.6815,5.06899,12.4612,457.214,-9999.0,17.27,55.12
201206111800,201206111830,-6.25627,0.0,152.7,10.152,22.78,3.71418,9.65539,4.88593,9.54519,338.979,-9999.0,17.29,63.39
201206111830,201206111900,1.60353,0.0,74.1,8.032,22.18,3.6192,1.72599,4.78959,5.67735,220.979,-9999.0,17.3,69.96
201206111900,201206111930,4.3035,0.0,20.22,5.992,20.79,3.40711,-1.13013,4.58951,1.84436,105.236,-9999.0,17.31,75.6
201206111930,201206112000,6.9209,0.0,4.205,4.465,19.74,3.24895,-3.86536,4.43518,0.404863,10.6553,-9999.0,17.31,80.6
201206112000,201206112030,3.19439,0.0,0.396,3.33,19.16,3.16128,-0.204066,4.34342,0.038377,0.0,-9999.0,17.31,85.0
201206112030,201206112100,3.07049,0.0,0.301,3.231,19.11,3.15082,-0.087668,4.32149,0.028915,0.0,-9999.0,17.29,85.4
201206112100,201206112130,1.82667,0.0,0.271,2.848,19.07,3.14183,1.14974,4.30092,0.025795,0.0,-9999.0,17.27,87.1
201206112130,201206112200,2.16973,0.0,0.194,3.048,19.43,3.19281,0.843651,4.33232,0.018299,0.0,-9999.0,17.25,86.5
201206112200,201206112230,2.03294,0.0,0.149,3.181,19.65,3.22365,1.00222,4.34526,0.013925,0.0,-9999.0,17.23,86.1
201206112230,201206112300,3.28561,0.0,0.08,3.246,19.86,3.25311,-0.229758,4.35671,0.007407,0.0,-9999.0,17.2,86.0
201206112300,201206112330,3.56607,0.0,0.078,3.161,20.02,3.27533,-0.494968,4.36154,0.007153,0.0,-9999.0,17.17,86.5
201206112330,201206120000,3.05819,0.0,0.066,3.325,20.02,3.27418,0.01077,4.34576,0.005994,0.0,-9999.0,17.15,85.8
201206120000,201206120030,1.66242,0.0,0.067,3.524,20.07,3.28034,1.40982,4.33634,0.006025,0.0,-9999.0,17.12,85.0
201206120030,201206120100,3.02291,0.0,0.104,3.415,19.89,3.25293,0.027674,4.29767,0.009259,0.0,-9999.0,17.1,85.3
201206120100,201206120130,3.20122,0.0,0.164,2.909,19.41,3.18211,-0.204679,4.2212,0.014451,0.0,-9999.0,17.08,87.1
201206120130,201206120200,1.70844,0.0,0.199,2.816,19.14,3.14202,1.25689,4.17165,0.017356,0.0,-9999.0,17.06,87.3
201206120200,201206120230,3.68851,0.0,0.156,3.348,19.14,3.14092,-0.725261,4.15627,0.01347,0.0,-9999.0,17.04,84.9
201206120230,201206120300,2.18949,0.0,0.181,3.453,18.91,3.10678,0.746947,4.1121,0.015466,0.0,-9999.0,17.02,84.2
201206120300,201206120330,6.01681,0.0,0.143,3.645,19.08,3.13009,-3.06416,4.11803,0.012093,0.0,-9999.0,17.0,83.5
201206120330,201206120400,3.74474,0.0,0.139,3.528,19.15,3.13906,-0.786642,4.11138,0.011632,0.0,-9999.0,16.98,84.1
201206120400,201206120430,2.99963,0.0,0.267,3.309,19.49,3.18697,-0.007057,4.13809,0.022096,0.0,-9999.0,16.96,85.4
201206120430,201206120500,1.7958,0.0,2.795,3.498,19.74,3.22204,1.22157,4.15337,0.226753,23.3103,-9999.0,16.94,84.8
201206120500,201206120530,2.16057,0.0,14.02,4.189,19.92,3.24703,0.874058,4.15982,1.08271,129.135,-9999.0,16.92,82.0
201206120530,201206120600,-9999.0,1.0,18.89,4.775,20.09,3.27062,-0.157084,4.16488,1.4208,245.409,-9999.0,16.9,79.7
201206120600,201206120630,-9999.0,1.0,76.8,4.613,20.35,3.3074,8.3863,4.18075,4.85729,363.535,-9999.0,16.88,80.7
201206120630,201206120700,-3.32157,0.0,42.9,4.39,20.5,3.32817,6.41222,4.18301,2.94118,481.492,-9999.0,16.87,81.8
201206120700,201206120730,-5.57543,0.0,40.95,3.736,20.28,3.29485,8.64022,4.1404,2.79511,597.263,-9999.0,16.85,84.3
201206120730,201206120800,-7.91526,0.0,40.92,3.542,20.26,3.29078,10.9757,4.12209,2.76537,708.865,-9999.0,16.84,85.1
201206120800,201206120830,-17.6324,0.0,49.16,3.257,20.38,3.30712,20.7036,4.12059,3.21624,814.39,-9999.0,16.83,86.4
201206120830,201206120900,-12.0499,0.0,99.6,4.138,20.84,3.3733,15.1684,4.1596,5.72011,912.032,-9999.0,16.82,83.2
201206120900,201206120930,-9.51118,0.0,74.38,6.292,21.009,3.39696,12.6457,4.16353,4.48215,1000.12,-9999.0,16.825,74.7215
201206120930,201206121000,-15.7865,0.0,663.315,6.897,21.516,3.47059,18.9734,4.20735,18.4995,1077.15,-9999.0,16.663,73.1373
201206121000,201206121030,-24.2135,0.0,815.375,7.718,21.907,3.52739,27.4403,4.23697,20.1882,1141.8,-9999.0,16.638,70.65
201206121030,201206121100,-20.8879,0.0,851.691,8.202,21.947,3.5321,24.1167,4.22501,20.5292,1192.96,-9999.0,16.65,68.8874
201206121100,201206121130,-24.6375,0.0,877.75,8.299,22.166,3.56348,27.8876,4.23393,20.7615,1229.76,-9999.0,16.668,68.9351
201206121130,201206121200,-24.7497,0.0,893.109,8.026,21.62,3.48109,27.9387,4.15354,20.8892,1251.57,-9999.0,16.694,68.9404
201206121200,201206121230,-24.234,0.0,897.504,8.173,21.829,3.51084,27.4432,4.16127,20.9135,1258.02,-9999.0,16.726,68.7737
201206121230,201206121300,-21.3192,0.0,890.861,10.484,22.549,3.61691,24.6037,4.22781,20.8331,1249.0,-9999.0,16.764,61.6584
201206121300,201206121330,-17.9718,0.0,806.433,10.111,22.295,3.57768,21.2266,4.18164,19.9567,1224.65,-9999.0,16.806,62.4487
201206121330,201206121400,-21.6854,0.0,780.402,9.548,21.9,3.51765,24.8954,4.11953,19.6473,1185.41,-9999.0,16.856,63.6747
201206121400,201206121430,-18.2878,0.0,745.006,11.628,22.534,3.61084,21.5637,4.17522,19.2143,1131.93,-9999.0,16.91,57.4372
201206121430,201206121500,-16.947,0.0,700.852,12.219,22.787,3.64744,20.2477,4.187,18.6463,1065.14,-9999.0,16.968,55.9554
201206121500,201206121530,-15.8753,0.0,648.695,11.36,22.127,3.54762,19.1028,4.09526,17.9285,986.168,-9999.0,17.028,57.3787
201206121530,201206121600,-14.76,0.0,589.428,11.256,21.997,3.52706,17.9713,4.06384,17.0428,896.378,-9999.0,17.088,57.4308
201206121600,201206121630,-13.089,0.0,423.714,11.281,21.822,3.49988,16.2793,4.02748,14.1455,797.303,-9999.0,17.142,56.8756
201206121630,201206121700,-11.2083,0.0,366.843,10.693,21.506,3.45199,14.3625,3.9755,12.9062,690.636,-9999.0,17.19,58.3287
201206121700,201206121730,-7.13358,0.0,306.92,10.379,21.264,3.41518,10.2598,3.93204,11.4506,578.204,-9999.0,17.23,58.9498
201206121730,201206121800,-6.19043,0.0,244.971,10.468,21.104,3.39052,9.29734,3.89791,9.75319,461.93,-9999.0,17.26,58.1881
201206121800,201206121830,-2.63092,0.0,182.056,9.379,20.532,3.3059,5.67486,3.81834,7.78526,343.804,-9999.0,17.282,61.1961
201206121830,201206121900,-9999.0,1.0,119.25,8.312,19.961,3.22214,4.84866,3.73937,5.51478,225.847,-9999.0,17.296,64.3758
201206121900,201206121930,-9999.0,1.0,4.719,7.248,19.216,3.1143,1.52288,3.64179,0.262366,110.076,-9999.0,17.304,67.463
201206121930,201206122000,3.21938,0.0,0.0,6.084,18.426,3.00141,-0.403619,3.53995,0.0,12.8511,-9999.0,17.304,71.3074
201206122000,201206122030,3.54494,0.0,0.0,5.072,17.679,2.89594,-0.809111,3.44352,0.0,0.0,-9999.0,16.768,74.9345
201206122030,201206122100,2.41757,0.0,0.0,4.124,16.962,2.79595,0.241928,3.35105,0.0,0.0,-9999.0,16.672,78.6712
201206122100,201206122130,-9999.0,1.0,0.0,3.631,16.438,2.72343,-0.377744,3.28012,0.0,0.0,-9999.0,17.27,80.5876
201206122130,201206122200,-9999.0,2.0,0.0,3.037,15.812,2.63792,0.070204,3.19874,0.0,0.0,-9999.0,17.248,83.1021
201206122200,201206122230,-9999.0,2.0,0.0,2.344,15.132,2.54628,-0.28636,3.11222,0.0,0.0,-9999.0,17.224,86.3728
201206122230,201206122300,-9999.0,2.0,0.0,1.781,14.583,2.47304,-0.549092,3.04034,0.0,0.0,-9999.0,17.2,89.2721
201206122300,201206122330,3.63406,0.0,0.0,2.001,14.762,2.49565,-1.209,3.04602,0.0,0.0,-9999.0,17.174,88.0908
201206122330,201206130000,-9999.0,1.0,0.0,1.446,13.7,2.35668,-1.46475,2.92089,0.0,0.0,-9999.0,17.148,90.7811
201206130000,201206130030,-9999.0,1.0,0.0,1.408,13.722,2.35867,-1.46422,2.91034,0.0,0.0,-9999.0,17.124,91.0347
201206130030,201206130100,3.92812,0.0,0.0,1.354,13.44,2.32168,-1.64112,2.88506,0.0,0.0,-9999.0,17.102,91.2184
201206130100,201206130130,-9999.0,2.0,0.0,1.239,12.997,2.26453,-0.404408,2.84265,0.0,0.0,-9999.0,17.08,91.7269
201206130130,201206130200,-9999.0,2.0,0.0,1.255,12.866,2.24718,-0.27735,2.8329,0.0,0.0,-9999.0,17.06,91.5468
201206130200,201206130230,-9999.0,2.0,0.0,1.625,12.966,2.259,-1.09072,2.8475,0.0,0.0,-9999.0,17.04,89.1317
201206130230,201206130300,-9999.0,2.0,0.0,1.352,13.181,2.28541,-0.658766,2.8744,0.0,0.0,-9999.0,17.02,91.0811
201206130300,201206130330,-9999.0,2.0,0.0,2.233,14.037,2.39419,-0.911003,2.96996,0.0,0.0,-9999.0,17.0,86.0692
201206130330,201206130400,-9999.0,2.0,0.0,1.717,13.219,2.28861,-0.429638,2.88673,0.0,0.0,-9999.0,16.98,88.7027
201206130400,201206130430,-9999.0,2.0,0.0,1.133,12.148,2.1535,-1.00184,2.7761,0.0,0.0,-9999.0,16.96,92.0035
201206130430,201206130500,-9999.0,2.0,9.625,0.606,11.26,2.04392,-0.615253,2.68481,0.468481,23.9619,-9999.0,16.94,95.4645
201206130500,201206130530,-9999.0,2.0,67.344,0.271,11.091,2.02275,4.68703,2.67017,3.05277,130.052,-9999.0,16.92,97.9482
201206130530,201206130600,-9999.0,1.0,127.018,0.257,12.452,2.18894,11.8462,2.82025,5.3795,246.252,-9999.0,16.902,98.2246
201206130600,201206130630,-9.82237,0.0,187.626,0.699,13.7,2.34578,12.117,2.95983,7.45191,364.303,-9999.0,16.884,95.5428
201206130630,201206130700,-9.52392,0.0,248.131,2.032,15.039,2.51866,11.9505,3.11093,9.28051,482.185,-9999.0,16.868,88.116
201206130700,201206130730,-13.6673,0.0,406.99,3.521,16.698,2.73924,16.2598,3.29901,13.1794,597.882,-9999.0,16.854,81.483
201206130730,201206130800,-17.5545,0.0,482.718,4.564,18.085,2.92842,20.2867,3.45871,14.7047,709.413,-9999.0,16.842,78.0093
201206130800,201206130830,-16.398,0.0,554.303,5.623,18.87,3.03688,19.2089,3.55247,15.9895,814.87,-9999.0,16.835,74.2111
201206130830,201206130900,-18.9716,0.0,620.519,6.937,19.604,3.13936,21.8562,3.64123,17.0624,912.45,-9999.0,16.83,69.602
201206130900,201206130930,-18.2047,0.0,680.235,8.871,20.352,3.2449,21.1646,3.73223,17.9475,1000.48,-9999.0,16.825,62.8889
201206130930,201206131000,-21.5597,0.0,732.43,10.161,21.117,3.35395,24.5968,3.82583,18.6624,1077.46,-9999.0,16.663,59.4482
201206131000,201206131030,-18.8709,0.0,827.126,11.357,21.59,3.42143,21.955,3.8869,19.8181,1142.07,-9999.0,16.638,55.9671
201206131030,201206131100,-17.7872,0.0,864.015,12.78,22.334,3.52906,20.9465,3.97932,20.2181,1193.2,-9999.0,16.65,52.6486
201206131100,201206131130,-15.017,0.0,890.509,13.263,22.453,3.5453,18.1864,4.00077,20.5015,1229.98,-9999.0,16.668,51.2126
201206131130,201206131200,-21.9413,0.0,906.156,13.468,22.535,3.55609,25.1169,4.01807,20.6664,1251.78,-9999.0,16.694,50.7022
201206131200,201206131230,-20.4365,0.0,910.689,14.577,22.655,3.5725,23.6223,4.03983,20.6957,1258.22,-9999.0,16.726,47.0333
201206131230,201206131300,-15.891,0.0,904.031,15.925,22.567,3.55825,19.0653,4.03759,20.6026,1249.2,-9999.0,16.764,41.8224
201206131300,201206131330,-13.3555,0.0,811.214,16.422,22.67,3.57214,16.5382,4.05749,19.5735,1224.87,-9999.0,16.806,40.3849
201206131330,201206131400,-15.9679,0.0,785.12,16.651,22.928,3.60892,19.1751,4.0956,19.2641,1185.65,-9999.0,16.856,40.4874
201206131400,201206131430,-14.8976,0.0,749.612,15.63,22.87,3.59905,18.0964,4.09688,18.8529,1132.21,-9999.0,16.91,43.9441
201206131430,201206131500,-13.8609,0.0,705.298,15.069,22.64,3.56387,17.0334,4.07786,18.2982,1065.46,-9999.0,16.968,45.1955
201206131500,201206131530,-12.4967,0.0,652.936,14.824,22.494,3.54114,15.6517,4.06855,17.5906,986.539,-9999.0,17.028,45.606
201206131530,201206131600,-13.5002,0.0,593.423,14.305,22.275,3.50776,16.6302,4.05047,16.7265,896.807,-9999.0,17.088,46.8109
201206131600,201206131630,-12.5801,0.0,415.301,13.771,22.083,3.47844,15.688,4.0354,13.579,797.794,-9999.0,17.142,48.192
201206131630,201206131700,-9.66384,0.0,359.701,14.29,22.252,3.50188,12.7869,4.06329,12.3907,691.196,-9999.0,17.19,46.7913
201206131700,201206131730,-9.58884,0.0,301.109,13.688,22.062,3.47287,12.6899,4.04829,11.0183,578.835,-9999.0,17.23,48.4374
201206131730,201206131800,-6.3302,0.0,240.529,13.053,21.625,3.4081,9.38395,4.0034,9.41885,462.636,-9999.0,17.26,49.5014
201206131800,201206131830,-3.0545,0.0,178.995,11.213,20.84,3.29371,6.02534,3.91617,7.57066,344.585,-9999.0,17.282,54.4798
201206131830,201206131900,-0.61905,0.0,117.562,8.819,19.933,3.16332,3.49494,3.81363,5.41326,226.702,-9999.0,17.296,62.1366
201206131900,201206131930,-9999.0,1.0,5.273,6.963,19.098,3.04476,4.6256,3.71923,0.292362,111.006,-9999.0,17.304,68.5142
201206131930,201206132000,-9999.0,2.0,0.0,5.108,18.117,2.90766,1.29543,3.60666,0.0,13.3427,-9999.0,17.304,75.4406
201206132000,201206132030,-9999.0,2.0,0.0,3.922,17.384,2.80641,-0.448751,3.52371,0.0,0.0,-9999.0,17.298,80.2511
201206132030,201206132100,-9999.0,2.0,0.0,3.388,17.173,2.77679,-0.471818,3.50377,0.0,0.0,-9999.0,17.286,82.7121
201206132100,201206132130,-9999.0,2.0,0.0,2.545,16.248,2.65166,-0.486533,3.39684,0.0,0.0,-9999.0,17.27,86.2263
201206132130,201206132200,-9999.0,2.0,0.0,2.133,15.123,2.50256,-0.085418,3.26539,0.0,0.0,-9999.0,17.248,87.5954
201206132200,201206132230,-9999.0,2.0,0.0,1.624,14.592,2.43286,-0.424578,3.20577,0.0,0.0,-9999.0,17.224,90.2265
201206132230,201206132300,-9999.0,2.0,0.0,1.049,14.126,2.37222,-0.67701,3.15383,0.0,0.0,-9999.0,17.2,93.4957
201206132300,201206132330,-9999.0,2.0,0.0,0.723,13.074,2.23863,-0.615255,3.03079,0.0,0.0,-9999.0,17.174,95.1982
201206132330,201206140000,-9999.0,1.0,0.0,0.922,12.474,2.16348,3.37535,2.96235,0.0,0.0,-9999.0,17.148,93.632
201206140000,201206140030,1.95107,0.0,0.0,1.147,12.869,2.2115,0.203308,3.01409,0.0,0.0,-9999.0,17.124,92.2776
201206140030,201206140100,-4.46543,0.0,0.0,1.666,13.737,2.31942,6.70171,3.12404,0.0,0.0,-9999.0,17.102,89.3994
201206140100,201206140130,7.5794,0.0,0.0,1.712,12.684,2.18701,-5.44594,2.99957,0.0,0.0,-9999.0,17.08,88.3345
201206140130,201206140200,1.5176,0.0,0.0,2.0,13.258,2.25753,0.669222,3.07382,0.0,0.0,-9999.0,17.06,86.8724
201206140200,201206140230,5.30815,0.0,0.0,2.179,12.846,2.20545,-3.16242,3.02734,0.0,0.0,-9999.0,17.04,85.3112
201206140230,201206140300,-0.13438,0.0,0.0,2.459,13.535,2.29061,2.34452,3.11636,0.0,0.0,-9999.0,17.02,84.1502
201206140300,201206140330,2.18134,0.0,0.0,2.411,13.277,2.25745,0.002381,3.08864,0.0,0.0,-9999.0,17.0,84.1925
201206140330,201206140400,-9999.0,1.0,0.0,1.744,12.002,2.09961,1.03732,2.93527,0.0,0.0,-9999.0,16.98,87.5704
201206140400,201206140430,-9999.0,2.0,0.0,1.279,11.156,1.99722,0.008985,2.8351,0.0,0.0,-9999.0,16.96,90.3565
201206140430,201206140500,-9999.0,2.0,9.802,1.18,11.303,2.014,0.553304,2.85657,0.579346,24.5368,-9999.0,16.94,91.1962
201206140500,201206140530,-9999.0,2.0,68.112,0.493,10.793,1.95283,12.0334,2.79739,3.60181,130.86,-9999.0,16.92,96.1914
201206140530,201206140600,-9999.0,1.0,128.404,1.595,12.342,2.13793,12.6942,2.99247,6.15772,246.993,-9999.0,16.902,88.8832
201206140600,201206140630,-10.3584,0.0,189.648,2.544,13.976,2.34034,12.5992,3.20189,8.3376,364.975,-9999.0,16.884,84.0651
201206140630,201206140700,-10.8565,0.0,250.796,3.788,15.526,2.53864,13.2454,3.40417,10.2022,482.789,-9999.0,16.868,78.5334
201206140700,201206140730,-17.8725,0.0,415.649,5.651,17.226,2.76284,20.426,3.62901,14.1228,598.419,-9999.0,16.854,71.2576
201206140730,201206140800,-19.3068,0.0,492.999,7.748,18.557,2.94268,21.99,3.8087,15.5846,709.886,-9999.0,16.842,63.7611
201206140800,201206140830,-20.4642,0.0,566.127,9.83,19.561,3.08051,23.2453,3.94727,16.8005,815.282,-9999.0,16.835,56.8141
201206140830,201206140900,-14.25,0.0,633.782,11.006,20.242,3.17476,17.097,4.04426,17.7623,912.806,-9999.0,16.83,53.6418
201206140900,201206140930,-13.488,0.0,694.807,11.781,20.907,3.26758,16.3994,4.13991,18.5469,1000.79,-9999.0,16.825,52.3694
201206140930,201206141000,-14.2374,0.0,748.159,13.343,21.439,3.34216,17.2,4.21847,19.1303,1077.72,-9999.0,16.663,47.7872
201206141000,201206141030,-14.8052,0.0,855.147,16.092,22.536,3.49879,17.8759,4.37389,20.1597,1142.29,-9999.0,16.638,41.1054
201206141030,201206141100,-13.8626,0.0,893.341,18.087,23.287,3.60677,17.0068,4.4837,20.4328,1193.39,-9999.0,16.65,36.7437
201206141100,201206141130,-14.8192,0.0,920.798,17.441,23.178,3.58955,17.95,4.47709,20.7236,1230.15,-9999.0,16.668,38.6012
201206141130,201206141200,-13.3602,0.0,937.048,16.566,23.418,3.62329,16.5128,4.5181,20.9187,1251.94,-9999.0,16.694,42.5184
201206141200,201206141230,-17.0896,0.0,941.813,17.144,23.924,3.69615,20.2908,4.59587,20.9292,1258.38,-9999.0,16.726,42.2983
201206141230,201206141300,-12.5776,0.0,935.012,17.953,24.144,3.72718,15.7986,4.63473,20.8224,1249.36,-9999.0,16.764,40.3678
201206141300,201206141330,-19.1606,0.0,882.319,14.988,23.865,3.68479,22.351,4.60478,20.4989,1225.05,-9999.0,16.806,49.3737
201206141330,201206141400,-17.1919,0.0,854.037,15.335,23.203,3.58663,20.3133,4.52152,20.2049,1185.85,-9999.0,16.856,46.0938
201206141400,201206141430,-16.88,0.0,815.52,15.458,22.733,3.51707,19.9518,4.46446,19.8087,1132.44,-9999.0,16.91,44.098
201206141430,201206141500,-15.0816,0.0,767.429,15.445,22.693,3.51,18.1522,4.46689,19.2961,1065.72,-9999.0,16.968,44.0071
201206141500,201206141530,-14.81,0.0,710.586,15.413,22.396,3.46583,17.8536,4.4334,18.6478,986.852,-9999.0,17.028,43.1064
201206141530,201206141600,-12.3855,0.0,645.963,15.229,22.097,3.42157,15.4019,4.39942,17.8534,897.171,-9999.0,17.088,42.7547
201206141600,201206141630,-11.53,0.0,431.434,15.295,22.011,3.40799,14.5405,4.39506,14.4955,798.216,-9999.0,17.142,42.2065
201206141630,201206141700,-8.78873,0.0,373.813,14.427,21.877,3.38756,11.7885,4.38389,13.3988,691.679,-9999.0,17.19,45.0391
201206141700,201206141730,-8.63106,0.0,313.084,13.742,21.518,3.33567,11.5976,4.3409,12.0756,579.384,-9999.0,17.23,46.4866
201206141730,201206141800,-4.31198,0.0,250.284,13.033,21.166,3.28503,7.24586,4.29865,10.4937,463.251,-9999.0,17.26,48.1389
201206141800,201206141830,-1.65423,0.0,186.49,12.242,20.714,3.22056,4.54546,4.24203,8.59883,345.269,-9999.0,17.282,49.9172
201206141830,201206141900,-1.60226,0.0,122.791,11.406,20.154,3.14142,4.44005,4.16988,6.3104,227.454,-9999.0,17.296,51.6955
201206141900,201206141930,-9999.0,1.0,11.317,9.567,19.356,3.03004,4.38892,4.06382,0.737485,111.825,-9999.0,17.304,57.431
201206141930,201206142000,-9999.0,2.0,0.004,7.28,18.287,2.88316,3.76751,3.91937,0.000269,13.7766,-9999.0,17.304,65.3679
201206142000,201206142030,-9999.0,2.0,0.0,6.162,17.74,2.8087,-0.366182,3.84833,0.0,0.0,-9999.0,17.298,69.6621
201206142030,201206142100,-9999.0,2.0,0.0,5.702,17.741,2.80827,-0.453076,3.85433,0.0,0.0,-9999.0,17.286,71.9295
201206142100,201206142130,-9999.0,2.0,0.0,4.077,16.365,2.62491,-0.507005,3.66629,0.0,0.0,-9999.0,17.27,78.1018
201206142130,201206142200,-9999.0,3.0,0.0,3.326,15.405,2.49949,-0.084582,3.53709,0.0,0.0,-9999.0,17.248,81.0053
201206142200,201206142230,-9999.0,3.0,0.0,2.639,14.091,2.33177,-0.495192,3.35911,0.0,0.0,-9999.0,17.224,83.5966
201206142230,201206142300,-9999.0,3.0,0.0,2.007,13.017,2.19795,-0.801497,3.21527,0.0,0.0,-9999.0,17.2,86.6165
201206142300,201206142330,-9999.0,2.0,0.0,2.009,12.535,2.13868,-0.680277,3.15313,0.0,0.0,-9999.0,17.174,86.1779
201206142330,201206150000,-9999.0,2.0,0.0,2.095,12.814,2.17222,3.39796,3.19542,0.0,0.0,-9999.0,17.148,85.8429
201206150000,201206150030,-9999.0,2.0,0.0,2.521,13.007,2.1954,0.472816,3.2261,0.0,0.0,-9999.0,17.124,83.181
201206150030,201206150100,-9999.0,2.0,0.0,3.332,13.118,2.20859,0.742605,3.24558,0.0,0.0,-9999.0,17.102,77.9343
201206150100,201206150130,-9999.0,2.0,0.0,2.152,11.685,2.03486,0.370281,3.05163,0.0,0.0,-9999.0,17.08,84.337
201206150130,201206150200,-9999.0,2.0,0.0,1.394,10.983,1.95168,0.603915,2.95915,0.0,0.0,-9999.0,17.06,89.3751
201206150200,201206150230,-9999.0,2.0,0.0,1.853,10.973,1.95012,-0.344787,2.96116,0.0,0.0,-9999.0,17.04,85.861
201206150230,201206150300,-9999.0,2.0,0.0,1.67,10.563,1.90208,0.328509,2.90853,0.0,0.0,-9999.0,17.02,86.9067
201206150300,201206150330,-9999.0,2.0,0.0,2.022,10.368,1.87921,-0.245207,2.88517,0.0,0.0,-9999.0,17.0,83.9381
201206150330,201206150400,-9999.0,2.0,0.0,3.881,10.884,1.93856,0.645558,2.95904,0.0,0.0,-9999.0,16.98,70.2135
201206150400,201206150430,-9999.0,2.0,0.0,2.276,9.736,1.80638,1.26916,2.80539,0.0,0.0,-9999.0,16.96,81.1389
201206150430,201206150500,-9999.0,2.0,9.759,1.829,9.959,1.83131,1.68737,2.83875,0.6788,25.0351,-9999.0,16.94,85.0693
201206150500,201206150530,-9999.0,2.0,67.724,2.888,10.645,1.90965,4.99531,2.93604,4.09903,131.559,-9999.0,16.92,77.4824
201206150530,201206150600,-9999.0,2.0,127.668,2.353,10.784,1.92538,8.79159,2.95855,6.85582,247.631,-9999.0,16.902,81.8239
201206150600,201206150630,-9999.0,2.0,188.567,3.509,12.194,2.09155,14.4564,3.15947,9.12297,365.552,-9999.0,16.884,75.3056
201206150630,201206150700,-9999.0,1.0,249.377,5.723,14.656,2.39494,18.8016,3.51684,11.009,483.305,-9999.0,16.868,65.6963
201206150700,201206150730,-16.4879,0.0,417.97,7.077,17.206,2.72514,19.0913,3.89757,14.9283,598.875,-9999.0,16.854,63.9588
201206150730,201206150800,-16.4203,0.0,495.779,10.008,20.077,3.11436,19.3174,4.33664,16.3184,710.284,-9999.0,16.842,57.4166
201206150800,201206150830,-15.0939,0.0,569.351,13.133,21.954,3.37747,18.1867,4.63175,17.2418,815.626,-9999.0,16.835,50.2041
201206150830,201206150900,-12.0791,0.0,637.428,15.528,23.321,3.57288,15.3163,4.85164,17.9827,913.099,-9999.0,16.83,45.8042
201206150900,201206150930,-9.49606,0.0,698.846,17.586,24.283,3.71202,12.8363,5.01043,18.5591,1001.03,-9999.0,16.825,42.0732
201206150930,201206151000,-12.8082,0.0,752.555,19.248,24.855,3.79512,16.2112,5.10915,19.0074,1077.93,-9999.0,16.762,38.7268
201206151000,201206151030,-11.9209,0.0,854.491,21.406,25.685,3.91689,15.4138,5.24944,19.7984,1142.46,-9999.0,16.77,35.1402
201206151030,201206151100,-10.3601,0.0,892.717,23.103,26.281,4.00471,13.9187,5.35359,19.9794,1193.54,-9999.0,16.79,32.4201
201206151100,201206151130,-9.03539,0.0,920.222,24.635,26.943,4.1029,12.6668,5.46902,20.0678,1230.28,-9999.0,16.82,30.6924
201206151130,201206151200,-13.2774,0.0,936.534,24.984,27.154,4.13374,16.9342,5.51282,20.1593,1252.05,-9999.0,16.859,30.5726
201206151200,201206151230,-11.0074,0.0,941.375,25.508,27.38,4.16689,14.6913,5.55927,20.1448,1258.49,-9999.0,16.932,30.0487
201206151230,201206151300,-7.8872,0.0,934.663,26.263,27.645,4.20598,11.6024,5.61225,20.0215,1249.48,-9999.0,17.008,29.0853
201206151300,201206151330,-9999.0,1.0,876.598,24.681,27.44,4.17424,14.2134,5.5893,19.6903,1225.18,-9999.0,17.088,32.5542
201206151330,201206151400,-9999.0,1.0,848.595,20.642,26.508,4.0337,14.0053,5.44815,19.8014,1186.0,-9999.0,17.17,40.4206
201206151400,201206151430,-12.6551,0.0,810.428,20.657,26.324,4.00546,16.2403,5.42797,19.4588,1132.62,-9999.0,17.253,39.7277
201206151430,201206151500,-10.669,0.0,762.751,19.868,26.168,3.98144,14.2409,5.4122,19.0765,1065.94,-9999.0,17.327,41.4941
201206151500,201206151530,-13.234,0.0,706.379,19.386,25.976,3.95212,16.7887,5.39041,18.5441,987.107,-9999.0,17.402,42.2634
201206151530,201206151600,-9.71287,0.0,642.277,19.358,25.676,3.90687,13.2389,5.35079,17.8335,897.473,-9999.0,17.473,41.3134
201206151600,201206151630,-9.32477,0.0,441.635,18.939,25.445,3.87196,12.8294,5.32225,15.0484,798.568,-9999.0,17.54,41.7874
201206151630,201206151700,-8.36414,0.0,382.786,18.605,24.999,3.80553,11.8246,5.25822,14.0212,692.087,-9999.0,17.6,41.2768
201206151700,201206151730,-6.51452,0.0,320.754,18.039,24.455,3.72513,9.92043,5.1778,12.785,579.85,-9999.0,17.653,41.1885
201206151730,201206151800,-1.43845,0.0,256.598,18.056,24.307,3.70279,4.83167,5.16221,11.2462,463.777,-9999.0,17.697,40.6086
201206151800,201206151830,-2.71226,0.0,191.418,17.76,23.959,3.65144,6.07159,5.11352,9.3767,345.856,-9999.0,17.733,40.3503
201206151830,201206151900,-9999.0,1.0,126.327,16.693,23.203,3.54149,5.35762,4.99735,7.05981,228.103,-9999.0,17.762,41.3238
201206151900,201206151930,-9999.0,2.0,4.865,13.996,22.179,3.39441,3.67285,4.83691,0.374306,112.533,-9999.0,17.782,47.6499
201206151930,201206152000,-9999.0,2.0,0.066,11.986,21.2,3.25557,1.97897,4.68387,0.005172,14.1527,-9999.0,17.797,52.4055
201206152000,201206152030,-9999.0,2.0,0.0,11.22,20.882,3.21042,1.25348,4.63903,0.0,0.0,-9999.0,17.803,54.5671
201206152030,201206152100,-9999.0,3.0,0.0,9.925,20.149,3.10798,-0.088947,4.52606,0.0,0.0,-9999.0,17.804,57.9572
201206152100,201206152130,-9999.0,3.0,0.0,7.974,18.709,2.91054,-0.157367,4.29807,0.0,0.0,-9999.0,17.798,63.0551
201206152130,201206152200,-9999.0,3.0,0.0,6.709,17.576,2.75818,-0.326189,4.12091,0.0,0.0,-9999.0,17.788,66.6235
201206152200,201206152230,-9999.0,3.0,0.0,5.723,16.686,2.6404,-0.792238,3.98352,0.0,0.0,-9999.0,17.772,69.8784
201206152230,201206152300,-9999.0,3.0,0.0,5.714,16.524,2.61873,-1.00683,3.96297,0.0,0.0,-9999.0,17.753,69.6186
201206152300,201206152330,-9999.0,3.0,0.0,6.026,16.649,2.6345,-0.172432,3.98845,0.0,0.0,-9999.0,17.729,68.2101
201206152330,201206160000,-9999.0,2.0,0.0,4.541,15.371,2.46907,3.97174,3.78896,0.0,0.0,-9999.0,17.704,74.0066
201206160000,201206160030,-9999.0,2.0,0.0,4.104,14.987,2.4198,1.66981,3.7327,0.0,0.0,-9999.0,17.674,75.9203
201206160030,201206160100,-9999.0,2.0,0.0,3.25,14.09,2.30684,3.04234,3.59522,0.0,0.0,-9999.0,17.643,79.7953
201206160100,201206160130,-9999.0,1.0,0.0,3.636,14.572,2.36654,2.52056,3.67612,0.0,0.0,-9999.0,17.61,78.0875
201206160130,201206160200,0.57309,0.0,0.0,3.791,14.643,2.37498,1.85261,3.69208,0.0,0.0,-9999.0,17.577,77.2575
201206160200,201206160230,-0.78143,0.0,0.0,4.112,14.804,2.39474,3.22562,3.72251,0.0,0.0,-9999.0,17.541,75.5862
201206160230,201206160300,-9999.0,1.0,0.0,3.297,14.129,2.30981,1.57713,3.61926,0.0,0.0,-9999.0,17.505,79.5558
201206160300,201206160330,-9999.0,1.0,0.0,4.605,15.735,2.51207,0.659872,3.88258,0.0,0.0,-9999.0,17.468,74.2487
201206160330,201206160400,2.60985,0.0,0.0,4.206,15.685,2.50516,-0.068951,3.8795,0.0,0.0,-9999.0,17.43,76.4027
201206160400,201206160430,3.82354,0.0,0.0,4.683,16.265,2.5793,-1.22054,3.97954,0.0,0.0,-9999.0,17.392,74.6859
201206160430,201206160500,-1.84461,0.0,9.546,4.394,16.43,2.60016,4.46695,4.01201,0.76421,23.0103,-9999.0,17.354,76.495
201206160500,201206160530,-3.77968,0.0,66.533,6.2,17.134,2.69152,6.47757,4.13414,4.54691,128.335,-9999.0,17.316,68.2851
201206160530,201206160600,-9999.0,1.0,125.474,6.461,17.369,2.7219,7.02187,4.17902,7.48704,244.258,-9999.0,17.278,67.4345
201206160600,201206160630,-9999.0,1.0,185.361,5.622,16.861,2.65467,12.966,4.09978,9.83267,362.097,-9999.0,17.241,70.7397
201206160630,201206160700,-7.26701,0.0,245.169,8.44,19.791,3.04626,10.2523,4.60182,11.736,479.834,-9999.0,17.206,63.445
201206160700,201206160730,-19.8293,0.0,413.524,12.215,22.305,3.39574,23.0863,5.04485,15.4295,595.456,-9999.0,17.173,54.6611
201206160730,201206160800,-11.4149,0.0,490.547,15.599,23.919,3.62573,14.8491,5.33721,16.4211,706.983,-9999.0,17.145,47.4857
201206160800,201206160830,-11.6891,0.0,563.388,17.72,25.083,3.79394,15.2527,5.55304,17.235,812.509,-9999.0,17.133,44.354
201206160830,201206160900,-9.95851,0.0,630.799,19.52,26.052,3.93536,13.6307,5.73601,17.8609,910.227,-9999.0,17.127,42.1213
201206160900,201206160930,-8.94293,0.0,691.629,22.332,27.252,4.11247,12.7494,5.96246,18.2044,998.465,-9999.0,17.129,38.2987
201206160930,201206161000,-4.61844,0.0,744.837,26.178,28.39,4.28209,8.55288,6.17973,18.2869,1075.71,-9999.0,17.141,32.3176
201206161000,201206161030,-6.12486,0.0,847.538,28.081,28.904,4.35873,10.1191,6.28445,18.8949,1140.65,-9999.0,17.164,29.5244
201206161030,201206161100,-6.89697,0.0,885.519,30.325,29.597,4.46283,10.9708,6.42277,18.907,1192.17,-9999.0,17.183,26.8778
201206161100,201206161130,-5.9382,0.0,912.871,30.122,29.592,4.46116,10.0149,6.43308,19.1036,1229.38,-9999.0,17.212,27.3436
201206161130,201206161200,-5.08057,0.0,929.127,27.786,29.378,4.42779,9.13715,6.40472,19.4694,1251.65,-9999.0,17.249,32.1473
201206161200,201206161230,-7.61501,0.0,934.009,28.738,29.802,4.49125,11.7218,6.49451,19.3809,1258.6,-9999.0,17.306,31.5165
201206161230,201206161300,-7.72793,0.0,927.433,28.551,29.685,4.47256,11.8253,6.48407,19.3518,1250.11,-9999.0,17.63,31.503
201206161300,201206161330,-8.537,0.0,873.838,28.702,29.893,4.50325,12.6608,6.53416,18.9699,1226.32,-9999.0,17.673,31.9564
201206161330,201206161400,-6.16757,0.0,846.016,28.678,29.804,4.48881,10.285,6.52889,18.7708,1187.65,-9999.0,17.718,31.6654
201206161400,201206161430,-9999.0,1.0,808.066,26.596,29.187,4.39438,11.4049,6.42456,18.7253,1134.74,-9999.0,17.762,34.334
201206161430,201206161500,-9999.0,1.0,760.637,24.781,28.447,4.28194,10.9785,6.29681,18.5547,1068.52,-9999.0,17.848,36.1406
201206161500,201206161530,-9999.0,1.0,704.54,25.596,28.716,4.32153,12.1191,6.35802,17.9784,990.112,-9999.0,17.934,35.0603
201206161530,201206161600,-7.84102,0.0,640.735,25.272,28.595,4.30244,11.8383,6.34602,17.4106,900.855,-9999.0,18.016,35.4295
201206161600,201206161630,-8.38255,0.0,438.413,23.802,27.657,4.16106,12.2793,6.1799,15.0798,802.279,-9999.0,18.094,35.7764
201206161630,201206161700,-7.2468,0.0,380.119,23.575,27.296,4.10645,11.1068,6.12212,14.1638,696.07,-9999.0,18.164,35.0292
201206161700,201206161730,-4.05016,0.0,318.662,23.36,27.209,4.09269,7.90373,6.1158,13.0316,584.045,-9999.0,18.228,35.2939
201206161730,201206161800,-3.15352,0.0,255.093,22.913,26.957,4.05447,6.98237,6.07818,11.6374,468.122,-9999.0,18.284,35.5879
201206161800,201206161830,-1.90184,0.0,190.501,22.347,26.653,4.00867,5.70015,6.03053,9.87367,350.284,-9999.0,18.332,36.0481
201206161830,201206161900,2.19221,0.0,125.989,21.022,26.125,3.93006,1.55067,5.94023,7.60155,232.547,-9999.0,18.37,37.9369
201206161900,201206161930,2.70319,0.0,4.815,19.606,25.395,3.82239,0.961811,5.81145,0.421692,116.925,-9999.0,18.4,39.5618
201206161930,201206162000,-9999.0,1.0,0.123,19.171,25.071,3.77444,1.18442,5.75928,0.010997,16.4193,-9999.0,18.42,39.7521
201206162000,201206162030,-9999.0,2.0,0.0,17.493,24.407,3.67751,1.76906,5.64257,0.0,0.0,-9999.0,18.43,42.8032
201206162030,201206162100,-9999.0,3.0,0.0,14.965,23.12,3.49241,-0.446017,5.40834,0.0,0.0,-9999.0,18.432,47.132
201206162100,201206162130,-9999.0,3.0,0.0,12.042,21.629,3.28165,0.037002,5.13688,0.0,0.0,-9999.0,18.426,53.4237
201206162130,201206162200,-9999.0,3.0,0.0,9.031,19.847,3.0353,-0.005044,4.81348,0.0,0.0,-9999.0,18.414,61.0223
201206162200,201206162230,-9999.0,3.0,0.0,7.667,18.942,2.91229,-0.399272,4.65368,0.0,0.0,-9999.0,18.396,64.993
201206162230,201206162300,-9999.0,3.0,0.0,7.324,18.622,2.86883,-0.591148,4.60134,0.0,0.0,-9999.0,18.374,65.8822
201206162300,201206162330,-9999.0,3.0,0.0,8.051,18.888,2.90386,-1.90844,4.65645,0.0,0.0,-9999.0,18.348,63.1155
201206162330,201206170000,-9999.0,3.0,0.0,6.177,17.25,2.68642,1.95429,4.36313,0.0,0.0,-9999.0,18.318,68.633
201206170000,201206170030,-9999.0,3.0,0.0,5.271,16.553,2.5954,0.534063,4.24256,0.0,0.0,-9999.0,18.282,72.0235
201206170030,201206170100,-1.92677,0.0,0.0,6.379,17.355,2.69904,4.73869,4.3936,0.0,0.0,-9999.0,18.244,67.8194
201206170100,201206170130,-9999.0,2.0,0.0,5.954,17.033,2.6565,3.49118,4.34055,0.0,0.0,-9999.0,18.202,69.346
201206170130,201206170200,-9999.0,2.0,0.0,5.053,16.306,2.56203,3.4152,4.21394,0.0,0.0,-9999.0,18.158,72.7564
201206170200,201206170230,-9999.0,2.0,0.0,4.871,16.342,2.56613,2.81377,4.22577,0.0,0.0,-9999.0,18.112,73.7958
201206170230,201206170300,-9999.0,2.0,0.0,4.136,15.587,2.46933,1.83034,4.09434,0.0,0.0,-9999.0,18.066,76.6495
201206170300,201206170330,-9999.0,2.0,0.0,3.569,15.091,2.40632,0.696038,4.01002,0.0,0.0,-9999.0,18.016,79.1988
201206170330,201206170400,-9999.0,2.0,0.0,4.058,15.556,2.46439,1.10228,4.09876,0.0,0.0,-9999.0,17.966,77.0471
201206170400,201206170430,-9999.0,2.0,0.0,3.854,15.212,2.42052,2.39494,4.04151,0.0,0.0,-9999.0,17.914,77.715
201206170430,201206170500,-9999.0,2.0,9.409,3.559,14.96,2.38845,2.37015,4.00086,0.852053,23.346,-9999.0,17.86,79.081
201206170500,201206170530,-9999.0,2.0,66.238,4.527,16.113,2.53366,2.24834,4.21557,5.03796,128.816,-9999.0,17.806,75.2855
201206170530,201206170600,-9999.0,2.0,125.023,4.101,15.784,2.49125,4.98773,4.16045,8.18745,244.693,-9999.0,17.754,77.1359
201206170600,201206170630,-9999.0,2.0,184.758,5.845,18.341,2.82268,11.5057,4.64157,10.6288,362.485,-9999.0,17.702,72.2884
201206170630,201206170700,-9999.0,1.0,244.422,8.803,20.989,3.1803,17.4013,5.15504,12.5609,480.175,-9999.0,17.652,64.5913
201206170700,201206170730,-15.5259,0.0,411.958,12.684,23.096,3.47401,19.0052,5.5751,16.0636,595.751,-9999.0,17.608,55.1263
201206170730,201206170800,-12.795,0.0,488.748,15.298,24.664,3.69718,16.454,5.89524,16.9704,707.234,-9999.0,17.568,50.7423
201206170800,201206170830,-12.9857,0.0,561.379,18.29,26.259,3.92798,16.8284,6.22529,17.531,812.718,-9999.0,17.536,46.4275
201206170830,201206170900,-10.6565,0.0,628.608,21.434,27.614,4.12666,14.6565,6.51055,17.8385,910.397,-9999.0,17.514,42.0207
201206170900,201206170930,-9.15927,0.0,689.285,24.298,28.735,4.29262,13.2903,6.75072,18.0022,998.6,-9999.0,17.502,38.4195
201206170930,201206171000,-9.99883,0.0,742.372,27.057,29.643,4.42794,14.237,6.94898,18.0399,1075.82,-9999.0,17.502,34.93
201206171000,201206171030,-4.23265,0.0,844.882,29.852,30.57,4.56702,8.58025,7.15272,18.3224,1140.73,-9999.0,17.516,31.9211
201206171030,201206171100,-3.3843,0.0,882.813,32.739,31.082,4.64378,7.79406,7.27126,18.1235,1192.22,-9999.0,17.542,27.4826
201206171100,201206171130,-6.26537,0.0,910.153,34.878,31.65,4.72933,10.7438,7.40224,17.9562,1229.42,-9999.0,17.582,25.1965
201206171130,201206171200,-9999.0,1.0,926.437,33.005,31.4,4.69025,10.0599,7.36197,18.2918,1251.68,-9999.0,17.634,28.2047
201206171200,201206171230,-9999.0,1.0,931.385,30.316,31.085,4.64137,11.7471,7.30781,18.698,1258.63,-9999.0,17.678,32.8624
201206171230,201206171300,-7.16968,0.0,924.912,28.305,30.432,4.54144,11.5192,7.18226,18.9558,1250.14,-9999.0,17.63,34.9365
201206171300,201206171330,-8.54359,0.0,867.82,28.171,30.149,4.49777,12.8641,7.13426,18.6559,1226.36,-9999.0,17.673,34.1909
201206171330,201206171400,-6.62792,0.0,840.28,28.95,30.295,4.51888,10.9687,7.1766,18.375,1187.71,-9999.0,17.718,32.9313
201206171400,201206171430,-6.7159,0.0,802.685,28.694,30.279,4.51553,11.0584,7.18479,18.1789,1134.83,-9999.0,17.762,33.4634
201206171430,201206171500,-6.53941,0.0,755.675,27.916,29.99,4.47103,10.8521,7.13506,17.9811,1068.63,-9999.0,17.848,34.1856
201206171500,201206171530,-8.86736,0.0,700.057,27.531,29.567,4.40651,13.1348,7.05666,17.6374,990.25,-9999.0,17.934,33.4964
201206171530,201206171600,-6.45543,0.0,636.78,26.777,29.375,4.37681,10.7042,7.02706,17.237,901.029,-9999.0,18.016,34.5994
201206171600,201206171630,-6.27644,0.0,436.66,26.612,29.369,4.37501,10.528,7.03691,15.1447,802.492,-9999.0,18.094,34.9828
201206171630,201206171700,-4.33618,0.0,378.715,26.459,29.293,4.36273,8.58236,7.0318,14.3367,696.325,-9999.0,18.164,35.0714
201206171700,201206171730,-2.3847,0.0,317.617,26.191,29.057,4.32654,6.60703,6.99243,13.3289,584.345,-9999.0,18.228,34.8454
201206171730,201206171800,-1.86841,0.0,254.412,25.359,28.64,4.26347,6.04592,6.91416,12.0798,468.468,-9999.0,18.284,35.3787
201206171800,201206171830,1.90417,0.0,190.181,24.532,28.281,4.20924,2.23516,6.84805,10.4166,350.677,-9999.0,18.332,36.1692
201206171830,201206171900,2.24775,0.0,126.022,22.454,27.548,4.09996,1.81008,6.70174,8.19569,232.986,-9999.0,18.37,39.0262
201206171900,201206171930,0.881735,0.0,5.059,20.319,26.57,3.95559,3.0662,6.50307,0.496633,117.41,-9999.0,18.4,41.5676
201206171930,201206172000,-9999.0,1.0,0.184,17.398,25.295,3.76967,2.23902,6.2416,0.018482,16.7044,-9999.0,18.42,46.048
201206172000,201206172030,-9999.0,2.0,0.0,16.868,24.858,3.70601,1.96391,6.15808,0.0,0.0,-9999.0,18.43,46.3131
201206172030,201206172100,-9999.0,3.0,0.0,15.232,24.287,3.62353,-0.12624,6.04608,0.0,0.0,-9999.0,18.432,49.8358
201206172100,201206172130,-9999.0,3.0,0.0,13.99,23.441,3.50268,0.471351,5.87603,0.0,0.0,-9999.0,18.426,51.5245
201206172130,201206172200,-9999.0,3.0,0.0,11.119,21.914,3.28821,0.463604,5.56391,0.0,0.0,-9999.0,18.414,57.737
201206172200,201206172230,-9999.0,3.0,0.0,8.8,20.394,3.07889,-2.88252,5.25597,0.0,0.0,-9999.0,18.396,63.2811
201206172230,201206172300,-9999.0,3.0,0.0,9.235,20.461,3.08735,-2.87227,5.27679,0.0,0.0,-9999.0,18.374,61.623
201206172300,201206172330,-9999.0,3.0,0.0,7.054,19.0,2.89021,-3.03575,4.98329,0.0,0.0,-9999.0,18.348,67.9079
201206172330,201206180000,-9999.0,2.0,0.0,6.71,18.754,2.85695,0.136341,4.93941,0.0,0.0,-9999.0,18.318,69.0017
201206180000,201206180030,-9999.0,2.0,0.0,8.453,19.738,2.98771,0.250551,5.14791,0.0,0.0,-9999.0,18.282,63.2675
201206180030,201206180100,-9999.0,2.0,0.0,8.245,19.538,2.96024,3.84764,5.11325,0.0,0.0,-9999.0,18.244,63.7235
201206180100,201206180130,-9999.0,2.0,0.0,9.252,20.127,3.03891,3.95224,5.24212,0.0,0.0,-9999.0,18.202,60.7543
201206180130,201206180200,-9999.0,2.0,0.0,9.492,20.099,3.0345,3.95162,5.24313,0.0,0.0,-9999.0,18.158,59.6644
201206180200,201206180230,-9999.0,2.0,0.0,7.729,18.873,2.86976,3.20681,4.99534,0.0,0.0,-9999.0,18.112,64.5559
201206180230,201206180300,-9999.0,2.0,0.0,6.265,17.887,2.73943,2.19274,4.7989,0.0,0.0,-9999.0,18.066,69.4391
201206180300,201206180330,-9999.0,2.0,0.0,4.374,16.569,2.56873,0.963125,4.5369,0.0,0.0,-9999.0,18.016,76.8046
201206180330,201206180400,-9999.0,2.0,0.0,3.961,16.104,2.50912,1.26769,4.44865,0.0,0.0,-9999.0,17.966,78.3657
201206180400,201206180430,-9999.0,2.0,0.0,4.029,16.084,2.50607,2.59498,4.44984,0.0,0.0,-9999.0,17.914,77.9655
201206180430,201206180500,-9999.0,2.0,9.217,5.42,17.157,2.64252,2.71787,4.67278,0.931805,23.6141,-9999.0,17.86,72.3119
201206180500,201206180530,-9999.0,2.0,65.919,6.428,18.112,2.76599,2.58072,4.87504,5.52438,129.187,-9999.0,17.806,69.0841
201206180530,201206180600,-9999.0,2.0,124.581,6.782,18.682,2.84034,5.42074,4.9997,8.88606,245.025,-9999.0,17.754,68.5266
201206180600,201206180630,3.60071,0.0,184.199,6.769,19.288,2.92013,-0.430786,5.13317,11.4253,362.777,-9999.0,17.702,69.7504
201206180630,201206180700,-9999.0,2.0,243.754,9.134,21.487,3.21714,11.6663,5.60896,13.3879,480.428,-9999.0,17.652,64.3633
201206180700,201206180730,-9999.0,2.0,410.996,12.649,23.839,3.54433,13.1297,6.12984,16.752,595.964,-9999.0,17.608,57.2071
201206180730,201206180800,-9999.0,2.0,487.681,16.069,25.493,3.77944,16.8913,6.50576,17.3972,707.41,-9999.0,17.568,50.7533
201206180800,201206180830,-9999.0,2.0,560.223,20.283,26.774,3.96403,16.2791,6.80298,17.5932,812.858,-9999.0,17.536,42.3637
201206180830,201206180900,-9999.0,2.0,627.38,23.58,27.88,4.125,15.3077,7.06375,17.6828,910.505,-9999.0,17.514,37.197
201206180900,201206180930,-9999.0,2.0,688.006,26.496,28.619,4.23309,13.2332,7.24299,17.6601,998.678,-9999.0,17.502,32.3958
201206180930,201206181000,-9999.0,1.0,741.061,30.224,29.733,4.39765,10.9087,7.50999,17.3766,1075.87,-9999.0,17.502,27.6874
201206181000,201206181030,-7.53078,0.0,842.634,33.49,30.472,4.50723,12.0371,7.69234,17.335,1140.76,-9999.0,17.516,23.196
201206181030,201206181100,-5.4566,0.0,880.537,33.871,30.826,4.55942,10.0086,7.78632,17.4207,1192.24,-9999.0,17.542,23.8746
201206181100,201206181130,-5.08787,0.0,907.883,35.154,31.317,4.63237,9.70188,7.91276,17.2976,1229.42,-9999.0,17.582,23.1664
201206181130,201206181200,-2.4256,0.0,924.203,37.172,31.881,4.71656,7.11042,8.05703,17.0009,1251.68,-9999.0,17.634,21.3159
201206181200,201206181230,-5.07478,0.0,929.219,36.203,32.081,4.74584,9.78711,8.11645,17.1695,1258.62,-9999.0,17.678,24.2258
201206181230,201206181300,-3.57412,0.0,922.846,35.773,31.914,4.71959,8.27022,8.08956,17.2071,1250.13,-9999.0,17.63,24.4161
201206181300,201206181330,-9999.0,1.0,870.521,36.187,32.065,4.74145,7.90639,8.13762,16.9296,1226.37,-9999.0,17.673,24.1908
201206181330,201206181400,-9999.0,1.0,842.985,35.467,31.665,4.68002,8.32628,8.05544,16.9309,1187.72,-9999.0,17.718,24.0001
201206181400,201206181430,-0.916835,0.0,805.361,34.572,31.335,4.6293,5.55471,7.98956,16.9129,1134.86,-9999.0,17.762,24.5187
201206181430,201206181500,-6.46677,0.0,758.295,33.457,31.115,4.59524,11.0819,7.94951,16.8738,1068.68,-9999.0,17.848,26.0341
201206181500,201206181530,-4.39689,0.0,702.59,33.981,31.226,4.61097,9.02895,7.98786,16.4968,990.331,-9999.0,17.934,25.3486
201206181530,201206181600,-6.33486,0.0,639.201,34.292,31.053,4.58402,10.9498,7.95873,16.0802,901.14,-9999.0,18.016,23.9179
201206181600,201206181630,-4.52047,0.0,438.792,34.311,30.842,4.5514,9.11368,7.92041,14.4944,802.636,-9999.0,18.094,22.9559
201206181630,201206181700,-6.37463,0.0,380.673,31.701,29.848,4.40197,10.8521,7.6955,14.156,696.505,-9999.0,18.164,24.652
201206181700,201206181730,-4.24709,0.0,319.382,27.166,28.756,4.23923,8.59688,7.44747,13.7721,584.563,-9999.0,18.228,31.2346
201206181730,201206181800,-9999.0,1.0,255.969,25.727,28.249,4.16371,9.60314,7.3381,12.6849,468.725,-9999.0,18.284,32.9335
201206181800,201206181830,-9999.0,2.0,191.518,22.352,27.436,4.04384,4.37469,7.15624,11.2579,350.973,-9999.0,18.332,38.9026
201206181830,201206181900,-9999.0,2.0,127.131,18.951,26.117,3.85181,3.03803,6.85556,9.02728,233.322,-9999.0,18.37,44.026
201206181900,201206181930,-9999.0,2.0,5.321,13.876,24.5,3.61999,1.91737,6.48695,0.579653,117.785,-9999.0,18.4,54.8813
201206181930,201206182000,-9999.0,2.0,0.244,10.451,23.442,3.47025,0.941893,6.25028,0.027201,16.9334,-9999.0,18.42,63.7907
201206182000,201206182030,-9999.0,2.0,0.0,9.295,23.141,3.42748,0.033462,6.18901,0.0,0.0,-9999.0,18.43,67.207
201206182030,201206182100,-9999.0,3.0,0.0,8.112,22.265,3.30526,-0.49909,5.99529,0.0,0.0,-9999.0,18.432,69.8176
201206182100,201206182130,-9999.0,3.0,0.0,6.685,21.128,3.14888,-0.334209,5.74291,0.0,0.0,-9999.0,18.426,73.3387
201206182130,201206182200,-9999.0,3.0,0.0,6.17,20.586,3.07484,-0.371677,5.62696,0.0,0.0,-9999.0,18.414,74.5595
201206182200,201206182230,-9999.0,2.0,0.0,6.468,20.441,3.05466,-2.75183,5.60109,0.0,0.0,-9999.0,18.396,73.0875
201206182230,201206182300,-9999.0,2.0,0.0,6.775,20.343,3.04085,-2.76082,5.58582,0.0,0.0,-9999.0,18.374,71.641
201206182300,201206182330,-9999.0,2.0,0.0,7.3,20.799,3.10167,-2.70416,5.69674,0.0,0.0,-9999.0,18.348,70.2925
201206182330,201206190000,-9999.0,2.0,0.0,4.185,18.45,2.78879,0.218631,5.1728,0.0,0.0,-9999.0,18.318,80.2929
201206190000,201206190030,-9999.0,2.0,0.0,4.024,17.997,2.72928,0.167965,5.07801,0.0,0.0,-9999.0,18.282,80.5076
201206190030,201206190100,-9999.0,3.0,0.0,5.857,17.953,2.72301,2.96222,5.06133,0.0,0.0,-9999.0,18.244,71.5479
201206190100,201206190130,-9999.0,3.0,0.0,5.429,17.593,2.67597,3.15369,4.97488,0.0,0.0,-9999.0,18.202,73.0208
201206190130,201206190200,-9999.0,1.0,0.0,6.611,18.021,2.73068,-0.409031,5.06259,0.0,0.0,-9999.0,18.31,68.0199
201206190200,201206190230,-9999.0,1.0,0.0,6.001,17.269,2.63328,0.313797,4.89022,0.0,0.0,-9999.0,18.362,69.5608
201206190230,201206190300,-9999.0,1.0,0.0,6.941,17.383,2.64733,-0.842433,4.90847,0.0,0.0,-9999.0,18.368,65.0443
201206190300,201206190330,-9999.0,1.0,0.0,5.705,16.464,2.52994,0.749818,4.702,0.0,0.0,-9999.0,18.474,69.5489
201206190330,201206190400,-9999.0,1.0,0.0,4.783,16.122,2.48642,0.526575,4.62197,0.0,0.0,-9999.0,18.483,73.9066
201206190400,201206190430,-9999.0,1.0,0.0,5.372,16.044,2.47614,0.519734,4.5989,0.0,0.0,-9999.0,18.469,70.5477
201206190430,201206190500,-9999.0,3.0,0.0,7.63,17.916,2.71368,3.22882,4.99806,0.0,23.8051,-9999.0,17.86,62.8482
201206190500,201206190530,-9999.0,2.0,64.982,6.056,16.817,2.57244,1.86895,4.75222,5.79892,129.447,-9999.0,17.806,68.3927
201206190530,201206190600,-9999.0,2.0,123.021,7.013,17.216,2.62266,1.91801,4.8319,9.20351,245.254,-9999.0,17.754,64.3108
201206190600,201206190630,-9999.0,2.0,182.015,8.687,18.653,2.8077,9.17737,5.13908,11.6857,362.973,-9999.0,17.702,59.612
201206190630,201206190700,-9999.0,2.0,240.953,10.676,20.815,3.09411,9.48947,5.61362,13.4857,480.592,-9999.0,17.652,56.5948
201206190700,201206190730,-9999.0,2.0,407.429,13.779,23.267,3.42925,9.78823,6.16429,16.4847,596.097,-9999.0,17.608,51.7519
201206190730,201206190800,-9999.0,2.0,483.537,18.781,25.368,3.72401,17.1851,6.643,16.7574,707.512,-9999.0,17.568,42.0096
201206190800,201206190830,-9999.0,2.0,555.544,21.534,26.822,3.93145,16.3229,6.97493,17.0254,812.931,-9999.0,17.536,38.9839
201206190830,201206190900,-9999.0,2.0,622.218,26.104,28.466,4.16939,15.8602,7.3542,16.8398,910.55,-9999.0,17.514,32.8034
201206190900,201206190930,-9999.0,2.0,682.419,27.407,29.329,4.29515,12.1317,7.5493,16.9846,998.7,-9999.0,17.502,32.885
201206190930,201206191000,-9999.0,1.0,735.116,28.828,30.179,4.41977,9.80451,7.74162,17.0209,1075.87,-9999.0,17.502,32.7688
201206191000,201206191030,-8.11208,0.0,836.974,30.963,31.226,4.5745,12.8814,7.9814,17.1081,1140.74,-9999.0,17.516,31.9801
201206191030,201206191100,-2.22367,0.0,874.7,33.48,31.73,4.64885,7.05876,8.0911,16.8481,1192.21,-9999.0,17.542,28.5211
201206191100,201206191130,-9.34014,0.0,901.942,33.91,31.914,4.67542,14.2016,8.1239,16.8564,1229.38,-9999.0,17.582,28.3532
201206191130,201206191200,-2.94031,0.0,918.235,33.953,31.889,4.6707,7.80237,8.10651,16.8846,1251.63,-9999.0,17.634,28.1624
201206191200,201206191230,-5.97767,0.0,923.3,31.612,31.182,4.5641,10.7559,7.92626,17.2227,1258.57,-9999.0,17.678,30.3789
201206191230,201206191300,-7.66401,0.0,922.0,30.355,30.961,4.53024,12.4185,7.8625,17.3809,1250.09,-9999.0,17.63,32.2987
201206191300,201206191330,-9999.0,1.0,947.0,44.802,35.37,5.19407,12.1885,8.90756,15.4761,1226.32,-9999.0,17.59,21.95
201206191330,201206191400,-9999.0,1.0,897.0,45.455,35.48,5.20977,12.4473,8.92149,15.2786,1187.69,-9999.0,17.67,21.29
201206191400,201206191430,-9999.0,1.0,842.0,43.561,34.85,5.11267,12.5309,8.75746,15.3627,1134.84,-9999.0,17.76,21.9
201206191430,201206191500,-9.02263,0.0,776.0,43.033,34.86,5.11312,14.2753,8.74748,15.22,1068.69,-9999.0,17.85,22.89
201206191500,201206191530,-6.47666,0.0,701.0,43.486,34.93,5.1227,11.742,8.75185,14.8966,990.355,-9999.0,17.94,22.38
201206191530,201206191600,-7.37523,0.0,616.2,43.815,34.78,5.09881,12.6259,8.70357,14.492,901.188,-9999.0,18.02,21.14
201206191600,201206191630,-9999.0,1.0,525.4,43.472,34.49,5.0537,14.0095,8.622,14.027,802.711,-9999.0,18.1,20.49
201206191630,201206191700,-9999.0,1.0,430.2,41.536,33.88,4.96024,13.6461,8.46454,13.4995,696.609,-9999.0,18.17,21.41
201206191700,201206191730,-3.35122,0.0,332.8,36.59,32.84,4.80243,8.37219,8.20594,12.8474,584.698,-9999.0,18.24,26.62
201206191730,201206191800,-1.70259,0.0,239.8,35.325,32.49,4.74888,6.68368,8.11158,11.4177,468.892,-9999.0,18.29,27.75
201206191800,201206191830,-1.44251,0.0,141.9,31.732,31.81,4.64615,6.34246,7.93993,8.97127,351.172,-9999.0,18.34,32.56
201206191830,201206191900,1.5756,0.0,62.89,25.973,29.88,4.359,3.08692,7.47735,5.33986,233.554,-9999.0,18.38,38.38
201206191900,201206191930,6.44324,0.0,17.72,17.816,27.16,3.96191,-2.11684,6.83885,1.84736,118.049,-9999.0,18.41,50.51
201206191930,201206192000,-9999.0,2.0,5.023,12.221,25.1,3.66741,0.743776,6.36107,0.557145,17.0966,-9999.0,18.43,61.66
201206192000,201206192030,-9999.0,1.0,0.548,9.523,23.46,3.43728,-1.03499,5.98489,0.062122,0.0,-9999.0,18.44,67.04
201206192030,201206192100,-9999.0,1.0,0.33,7.425,22.52,3.30705,-0.919403,5.76841,0.037449,0.0,-9999.0,18.44,72.8
201206192100,201206192130,-9999.0,1.0,0.33,6.691,22.0,3.23535,-1.50892,5.64602,0.037449,0.0,-9999.0,18.43,74.7
201206192130,201206192200,-9999.0,1.0,0.33,6.175,21.28,3.13715,-1.95716,5.48106,0.037448,0.0,-9999.0,18.42,75.6
201206192200,201206192230,-9999.0,1.0,0.33,5.074,20.22,2.99465,-0.495704,5.24465,0.037448,0.0,-9999.0,18.4,78.6
201206192230,201206192300,-9999.0,1.0,0.33,4.56,19.67,2.92127,-0.560467,5.11968,0.037448,0.0,-9999.0,18.38,80.1
201206192300,201206192330,7.80773,0.0,0.33,4.692,19.81,2.93911,-4.36846,5.14203,0.037448,0.0,-9999.0,18.35,79.7
201206192330,201206200000,-9999.0,1.0,0.33,4.155,19.26,2.8662,-0.605541,5.01805,0.037447,0.0,-9999.0,18.32,81.4
201206200000,201206200030,-9999.0,1.0,0.33,3.459,18.44,2.75895,-1.48359,4.83866,0.037447,0.0,-9999.0,18.29,83.7
201206200030,201206200100,-9999.0,1.0,0.33,4.939,18.42,2.75579,-0.888291,4.82745,0.037447,0.0,-9999.0,18.25,76.7
201206200100,201206200130,-9999.0,1.0,0.33,4.602,17.85,2.68194,-1.02923,4.70216,0.037447,0.0,-9999.0,18.2,77.5
201206200130,201206200200,-9999.0,1.0,0.33,4.422,17.36,2.61894,-0.154564,4.59447,0.037446,0.0,-9999.0,18.16,77.7
201206200200,201206200230,-9999.0,1.0,0.33,4.621,17.16,2.59306,0.723584,4.54684,0.037446,0.0,-9999.0,18.11,76.4
201206200230,201206200300,-9999.0,1.0,0.33,5.732,17.31,2.6115,0.744077,4.57081,0.037446,0.0,-9999.0,18.07,71.0
201206200300,201206200330,-9999.0,1.0,0.33,5.558,17.04,2.57681,0.908112,4.5091,0.037445,0.0,-9999.0,18.02,71.4
201206200330,201206200400,-9999.0,1.0,0.33,4.103,16.11,2.45996,0.602615,4.31483,0.037445,0.0,-9999.0,17.97,77.6
201206200400,201206200430,-9999.0,1.0,1.157,4.004,15.8,2.42111,0.567538,4.24656,0.13072,0.0,-9999.0,17.91,77.7
201206200430,201206200500,-9999.0,1.0,16.76,3.989,15.95,2.43911,1.31321,4.27019,1.75126,23.9187,-9999.0,17.86,78.0
201206200500,201206200530,-9999.0,2.0,74.2,5.143,17.02,2.57212,5.25637,4.47857,6.07923,129.598,-9999.0,17.81,73.5
201206200530,201206200600,-9999.0,1.0,115.2,5.766,17.24,2.59933,5.97733,4.51642,8.17563,245.379,-9999.0,17.75,70.7
201206200600,201206200630,-9999.0,1.0,259.3,7.637,18.7,2.78555,11.8041,4.80759,12.5472,363.074,-9999.0,17.7,64.6
201206200630,201206200700,-9999.0,1.0,363.0,12.025,22.24,3.25497,12.5628,5.54237,14.1773,480.667,-9999.0,17.65,55.19
201206200700,201206200730,-9999.0,1.0,464.3,16.995,25.56,3.71439,15.189,6.25137,15.0283,596.148,-9999.0,17.6,48.12
201206200730,201206200800,-15.6289,0.0,562.1,23.579,28.1,4.07624,20.1555,6.80171,15.397,707.539,-9999.0,17.56,38.0
201206200800,201206200830,-9999.0,1.0,652.1,27.15,29.73,4.31227,14.7919,7.15457,15.6878,812.936,-9999.0,17.53,35.03
201206200830,201206200900,-9999.0,1.0,737.0,31.143,30.94,4.48908,12.7722,7.41485,15.8203,910.534,-9999.0,17.5,30.46
201206200900,201206200930,-9999.0,1.0,804.0,33.966,32.35,4.69705,13.9505,7.7208,15.8924,998.665,-9999.0,17.49,29.98
201206200930,201206201000,-9999.0,1.0,865.0,35.981,33.28,4.83483,12.8582,7.91896,15.963,1075.82,-9999.0,17.49,29.6
201206201000,201206201030,-7.16675,0.0,914.0,38.804,34.46,5.01091,12.5225,8.1737,15.9408,1140.68,-9999.0,17.5,28.91
201206201030,201206201100,-9.3126,0.0,952.0,42.448,35.25,5.12901,14.7731,8.34017,15.8479,1192.13,-9999.0,17.53,25.56
201206201100,201206201130,-6.50973,0.0,973.0,43.198,35.49,5.16421,12.0048,8.38193,15.8633,1229.3,-9999.0,17.57,25.24
201206201130,201206201200,-7.54891,0.0,982.0,42.843,35.35,5.14195,13.0301,8.3377,15.9034,1251.54,-9999.0,17.62,25.28
201206201200,201206201230,-5.71235,0.0,976.0,40.036,34.61,5.02924,11.1029,8.15844,16.0186,1258.48,-9999.0,17.69,27.26
201206201230,201206201300,-5.71419,0.0,957.0,38.315,34.28,4.97854,11.0664,8.07201,16.0454,1250.0,-9999.0,17.76,29.1
201206201300,201206201330,-4.82078,0.0,929.0,38.033,34.31,4.98199,10.1807,8.06654,15.9798,1226.24,-9999.0,17.84,29.74
201206201330,201206201400,-7.96802,0.0,887.0,38.834,34.31,4.98093,13.3319,8.05434,15.8276,1187.61,-9999.0,17.91,28.26
201206201400,201206201430,-9.30508,0.0,831.0,40.795,34.33,4.98288,14.6754,8.0466,15.5853,1134.78,-9999.0,18.0,24.72
201206201430,201206201500,-14.2931,0.0,763.0,41.474,34.62,5.02541,19.7046,8.09915,15.3352,1068.64,-9999.0,18.09,24.69
201206201500,201206201530,-6.96539,0.0,683.9,39.388,34.19,4.95975,12.3255,7.99099,15.0908,990.322,-9999.0,18.18,26.75
201206201530,201206201600,-8.30693,0.0,600.5,34.696,33.3,4.82552,13.5564,7.78115,14.8216,901.174,-9999.0,18.26,32.19
201206201600,201206201630,-5.12247,0.0,514.2,33.556,32.95,4.77232,10.3306,7.69182,14.3177,802.718,-9999.0,18.34,33.12
201206201630,201206201700,-0.790067,0.0,418.5,33.281,33.08,4.79067,6.01878,7.7088,13.5522,696.639,-9999.0,18.41,34.15
201206201700,201206201730,-2.08422,0.0,325.0,33.218,33.27,4.81797,7.34124,7.73894,12.5161,584.751,-9999.0,18.47,34.97
201206201730,201206201800,-3.25317,0.0,232.3,32.129,33.21,4.808,8.50624,7.71387,11.0298,468.97,-9999.0,18.53,36.89
201206201800,201206201830,-4.04115,0.0,147.1,30.445,32.61,4.71772,9.22047,7.57014,8.88613,351.276,-9999.0,18.57,38.15
201206201830,201206201900,-0.138872,0.0,66.99,26.032,30.84,4.45538,5.0929,7.17174,5.43976,233.682,-9999.0,18.61,41.54
201206201900,201206201930,-9999.0,1.0,21.33,18.257,28.02,4.0449,0.229127,6.55177,2.15222,118.202,-9999.0,18.64,51.77
201206201930,201206202000,-9999.0,2.0,5.627,13.393,25.74,3.72001,1.20546,6.05711,0.61896,17.1939,-9999.0,18.67,59.55
201206202000,201206202030,-9999.0,1.0,0.476,10.081,23.86,3.45751,-0.433588,5.65449,0.053952,0.0,-9999.0,18.68,65.94
201206202030,201206202100,-9999.0,1.0,0.33,8.188,23.02,3.34161,-0.218447,5.47218,0.037436,0.0,-9999.0,18.69,70.9
201206202100,201206202130,-9999.0,1.0,0.33,6.91,22.4,3.25663,-0.45861,5.3366,0.037436,0.0,-9999.0,18.68,74.5
201206202130,201206202200,-9999.0,1.0,0.33,5.738,21.19,3.0934,-0.340865,5.08272,0.037436,0.0,-9999.0,18.67,77.2
201206202200,201206202230,4.46816,0.0,0.33,4.879,20.44,2.99331,-0.831502,4.92429,0.037435,0.0,-9999.0,18.65,79.7
201206202230,201206202300,-9999.0,1.0,0.33,4.577,20.14,2.9532,-0.550546,4.85684,0.037435,0.0,-9999.0,18.63,80.6
201206202300,201206202330,-9999.0,1.0,0.33,3.986,19.48,2.86633,-0.631671,4.71861,0.037435,0.0,-9999.0,18.6,82.4
201206202330,201206210000,-9999.0,1.0,0.33,3.58,18.6,2.75208,-0.365666,4.53881,0.037434,0.0,-9999.0,18.57,83.3
201206210000,201206210030,-9999.0,1.0,0.33,3.001,18.04,2.68,-0.071448,4.42309,0.037434,0.0,-9999.0,18.53,85.5
201206210030,201206210100,-9999.0,1.0,0.33,2.481,17.76,2.64393,0.916072,4.36523,0.037434,0.0,-9999.0,18.49,87.8
201206210100,201206210130,-9999.0,1.0,0.33,2.276,17.33,2.58918,1.39956,4.27894,0.037434,0.0,-9999.0,18.44,88.5
201206210130,201206210200,-9999.0,1.0,0.33,2.553,17.45,2.6037,0.881863,4.29813,0.037434,0.0,-9999.0,18.39,87.2
201206210200,201206210230,-9999.0,1.0,0.33,2.755,17.35,2.59058,1.40673,4.27524,0.037435,0.0,-9999.0,18.35,86.1
201206210230,201206210300,-9999.0,1.0,0.33,2.372,16.79,2.52007,2.33027,4.16505,0.037435,0.0,-9999.0,18.29,87.6
201206210300,201206210330,-9999.0,1.0,0.33,1.845,16.07,2.43061,2.44114,4.02585,0.037435,0.0,-9999.0,18.24,89.9
201206210330,201206210400,-9999.0,1.0,0.33,1.606,15.7,2.38486,2.39732,3.95324,0.037435,0.0,-9999.0,18.19,91.0
201206210400,201206210430,-9999.0,1.0,1.138,1.532,15.14,2.31649,3.37226,3.84605,0.128467,0.0,-9999.0,18.14,91.1
201206210430,201206210500,-1.35117,0.0,16.23,1.524,14.89,2.28594,4.32185,3.79668,1.68008,21.5877,-9999.0,18.08,91.0
201206210500,201206210530,-9999.0,1.0,73.4,1.803,15.55,2.36509,7.14338,3.91496,5.78279,125.836,-9999.0,18.03,89.8
201206210530,201206210600,-9999.0,1.0,121.8,2.686,16.84,2.52306,8.57266,4.15245,7.98564,241.502,-9999.0,17.98,86.0
201206210600,201206210630,-9999.0,1.0,223.7,4.062,17.98,2.66554,13.2576,4.36506,10.8407,359.147,-9999.0,17.92,80.3
201206210630,201206210700,-9999.0,2.0,328.5,6.836,20.87,3.03915,9.7495,4.9225,12.559,476.758,-9999.0,17.86,72.3
201206210700,201206210730,-9999.0,1.0,438.5,12.437,24.27,3.49769,10.7467,5.59919,13.6902,592.324,-9999.0,17.82,59.0
201206210730,201206210800,-13.8699,0.0,539.9,17.533,26.35,3.78659,18.3258,6.01987,14.3483,703.866,-9999.0,17.77,48.92
201206210800,201206210830,-13.4997,0.0,622.1,22.036,28.31,4.06399,18.2166,6.42067,14.7148,809.476,-9999.0,17.73,42.76
201206210830,201206210900,-10.2556,0.0,701.0,25.51,29.78,4.27476,15.1698,6.72227,14.9862,907.347,-9999.0,17.71,39.13
201206210900,201206210930,-6.71322,0.0,775.0,30.37,31.54,4.53025,11.8634,7.08673,15.1348,995.805,-9999.0,17.69,34.46
201206210930,201206211000,-10.2915,0.0,841.0,35.586,32.7,4.69989,15.5987,7.32583,15.1952,1073.34,-9999.0,17.69,28.07
201206211000,201206211030,-9.60483,0.0,893.0,37.395,33.55,4.82464,15.0281,7.49962,15.2686,1138.61,-9999.0,17.7,27.93
201206211030,201206211100,-8.24836,0.0,928.0,40.38,34.36,4.94397,13.7826,7.66505,15.25,1190.52,-9999.0,17.72,25.61
201206211100,201206211130,-8.35321,0.0,940.0,43.465,35.51,5.11464,14.0433,7.90305,15.1633,1228.17,-9999.0,17.76,24.86
201206211130,201206211200,-7.16532,0.0,935.0,44.072,35.68,5.13901,12.8819,7.93221,15.1026,1250.91,-9999.0,17.8,24.52
201206211200,201206211230,-8.5308,0.0,927.0,44.196,36.32,5.23393,14.336,8.06148,15.0481,1258.37,-9999.0,17.86,26.92
201206211230,201206211300,-6.04861,0.0,913.0,43.438,36.18,5.21178,11.8394,8.02444,15.0068,1250.4,-9999.0,17.93,27.62
201206211300,201206211330,-7.85158,0.0,893.0,45.236,36.32,5.23168,13.665,8.04704,14.8686,1227.15,-9999.0,18.0,25.2
201206211330,201206211400,-9999.0,1.0,774.0,46.251,36.57,5.26812,17.5085,8.093,14.4738,1189.01,-9999.0,18.08,24.56
201206211400,201206211430,-9999.0,1.0,512.6,40.729,35.09,5.04532,14.4494,7.77161,13.4787,1136.65,-9999.0,18.18,27.94
201206211430,201206211500,-9.53195,0.0,812.0,35.259,32.82,4.70751,14.8876,7.2857,14.92,1070.94,-9999.0,18.27,29.21
201206211500,201206211530,-10.2687,0.0,696.4,37.713,33.26,4.77143,15.6816,7.37162,14.4191,993.025,-9999.0,18.36,26.13
201206211530,201206211600,-9.87585,0.0,551.0,39.442,33.61,4.82216,15.3341,7.43857,13.6753,904.228,-9999.0,18.44,24.24
201206211600,201206211630,-10.2859,0.0,394.3,37.121,32.66,4.68093,15.6167,7.23249,12.6316,806.071,-9999.0,18.52,24.8
201206211630,201206211700,-7.45855,0.0,156.3,34.54,31.31,4.48213,12.6088,6.94406,8.86652,700.233,-9999.0,18.58,24.48
201206211700,201206211730,-9.4534,0.0,158.1,29.493,29.88,4.27364,14.4125,6.64117,8.99722,588.525,-9999.0,18.64,30.03
201206211730,201206211800,-5.46203,0.0,160.8,27.521,29.06,4.15473,10.3111,6.46612,9.1047,472.86,-9999.0,18.69,31.55
201206211800,201206211830,-2.33721,0.0,158.2,27.029,28.57,4.0837,7.12022,6.35968,9.0364,355.215,-9999.0,18.72,30.84
201206211830,201206211900,-9999.0,2.0,94.8,25.449,28.19,4.02864,3.51658,6.27617,6.77808,237.603,-9999.0,18.74,33.43
201206211900,201206211930,-9999.0,1.0,37.78,22.538,26.82,3.83392,-1.2857,5.99184,3.48499,122.038,-9999.0,18.76,36.13
201206211930,201206212000,5.22626,0.0,7.31,19.574,25.22,3.60984,-0.889549,5.66435,0.795604,19.3445,-9999.0,18.77,39.03
201206212000,201206212030,-9999.0,2.0,0.485,18.785,24.47,3.50567,0.649121,5.50963,0.054967,0.0,-9999.0,18.76,38.81
201206212030,201206212100,-9999.0,2.0,0.33,18.43,23.94,3.42977,0.578502,5.39954,0.037435,0.0,-9999.0,18.76,38.03
201206212100,201206212130,-9999.0,2.0,0.33,15.418,22.65,3.25197,0.844262,5.14099,0.037436,0.0,-9999.0,18.74,43.96
201206212130,201206212200,-9999.0,1.0,0.33,12.675,21.63,3.1129,0.555224,4.93798,0.037437,0.0,-9999.0,18.72,50.98
201206212200,201206212230,-9999.0,2.0,0.33,11.738,21.15,3.04658,0.938107,4.8409,0.037437,0.0,-9999.0,18.69,53.25
201206212230,201206212300,-9999.0,2.0,0.33,10.07,20.05,2.90027,0.622036,4.62619,0.037438,0.0,-9999.0,18.66,57.08
201206212300,201206212330,-9999.0,1.0,0.33,8.567,18.95,2.75648,-1.22839,4.41435,0.037438,0.0,-9999.0,18.62,60.9
201206212330,201206220000,-9999.0,1.0,0.33,9.359,19.25,2.79196,-1.13574,4.46663,0.037438,0.0,-9999.0,18.58,58.08
201206220000,201206220030,-9999.0,2.0,0.329,10.43,19.94,2.8776,0.669302,4.59268,0.037325,0.0,-9999.0,18.53,55.24
201206220030,201206220100,-9999.0,2.0,0.321,11.14,20.29,2.9199,0.262311,4.6548,0.036419,0.0,-9999.0,18.49,53.22
201206220100,201206220130,-9999.0,1.0,0.329,9.521,19.42,2.80541,-1.11626,4.48628,0.037325,0.0,-9999.0,18.44,57.8
201206220130,201206220200,1.78406,0.0,0.33,8.867,18.76,2.71901,1.70079,4.35875,0.037439,0.0,-9999.0,18.39,59.05
201206220200,201206220230,-9999.0,1.0,0.329,9.632,19.14,2.76435,-1.15384,4.42562,0.037326,0.0,-9999.0,18.34,56.56
201206220230,201206220300,-9999.0,1.0,0.33,9.163,18.93,2.73509,-1.23645,4.38238,0.037439,0.0,-9999.0,18.29,58.13
201206220300,201206220330,-9999.0,1.0,0.33,7.566,17.74,2.58378,-1.48035,4.15842,0.037439,0.0,-9999.0,18.24,62.75
201206220330,201206220400,-9999.0,1.0,0.33,6.5,17.06,2.49768,0.857715,4.03051,0.037439,0.0,-9999.0,18.18,66.59
201206220400,201206220430,-9999.0,1.0,0.909,5.694,16.46,2.42237,1.46587,3.91834,0.102789,0.0,-9999.0,18.13,69.6
201206220430,201206220500,-9999.0,1.0,11.89,6.002,16.78,2.4587,1.01529,3.9724,1.26573,21.5491,-9999.0,18.08,68.6
201206220500,201206220530,-9999.0,2.0,52.99,6.895,17.58,2.55391,-0.53089,4.11389,4.62827,125.767,-9999.0,18.03,65.71
201206220530,201206220600,-9999.0,1.0,114.6,6.901,18.04,2.60806,6.00303,4.19416,7.89166,241.422,-9999.0,17.98,66.66
201206220600,201206220630,-12.0176,0.0,219.9,7.522,19.42,2.77787,15.58,4.44512,11.1276,359.057,-9999.0,17.93,66.66
201206220630,201206220700,-12.1379,0.0,330.4,14.099,22.99,3.23666,16.1616,5.11745,12.8455,476.657,-9999.0,17.88,49.8
201206220700,201206220730,-13.1636,0.0,428.8,21.415,25.81,3.61203,17.5555,5.66189,13.4413,592.213,-9999.0,17.84,35.59
201206220730,201206220800,-11.6881,0.0,519.8,24.245,27.17,3.79476,16.2578,5.92526,13.9083,703.745,-9999.0,17.8,32.69
201206220800,201206220830,-12.3237,0.0,637.4,26.241,28.14,3.92516,17.0201,6.11256,14.3704,809.345,-9999.0,17.77,31.16
201206220830,201206220900,-13.6663,0.0,739.0,25.445,28.59,3.98381,18.421,6.1966,14.8366,907.208,-9999.0,17.74,34.97
201206220900,201206220930,-9999.0,1.0,815.0,26.033,29.34,4.08452,12.8198,6.34073,15.0241,995.658,-9999.0,17.73,36.29
201206220930,201206221000,-9999.0,1.0,872.0,26.545,30.15,4.19406,13.0009,6.49719,15.1287,1073.18,-9999.0,17.73,37.99
201206221000,201206221030,-9.60441,0.0,921.0,26.824,30.4,4.22504,14.5944,6.54133,15.2169,1138.45,-9999.0,17.75,38.23
201206221030,201206221100,-8.42331,0.0,955.0,27.794,30.87,4.28704,13.4742,6.62965,15.1898,1190.35,-9999.0,17.77,37.69
201206221100,201206221130,-9.84752,0.0,973.0,28.351,31.25,4.33639,14.9473,6.69987,15.1622,1228.0,-9999.0,17.81,37.8
201206221130,201206221200,-9.1909,0.0,994.0,29.732,31.76,4.40419,14.3568,6.79626,15.0527,1250.74,-9999.0,17.85,36.63
201206221200,201206221230,-7.28408,0.0,990.0,29.552,31.65,4.38421,12.4343,6.76776,15.0503,1258.19,-9999.0,17.9,36.62
201206221230,201206221300,-7.44179,0.0,971.0,32.007,32.66,4.52298,12.7238,6.96484,14.7429,1250.23,-9999.0,17.96,35.16
201206221300,201206221330,-6.86073,0.0,937.0,31.553,32.8,4.53834,12.16,6.98654,14.7026,1226.98,-9999.0,18.02,36.58
201206221330,201206221400,-7.54717,0.0,892.0,29.724,32.87,4.54371,12.8545,6.99409,14.7766,1188.85,-9999.0,18.09,40.49
201206221400,201206221430,-7.7678,0.0,832.0,20.911,31.02,4.27805,12.8304,6.6163,15.5619,1136.49,-9999.0,18.17,53.52
201206221430,201206221500,-7.59484,0.0,769.0,20.359,30.79,4.24153,12.6261,6.56416,15.4158,1070.79,-9999.0,18.25,54.15
201206221500,201206221530,-7.31041,0.0,695.7,20.823,30.51,4.19816,12.3037,6.5022,15.0855,992.878,-9999.0,18.34,52.35
201206221530,201206221600,-7.83935,0.0,608.6,19.124,30.21,4.15216,12.792,6.43644,14.8609,904.089,-9999.0,18.42,55.48
201206221600,201206221630,-4.97092,0.0,528.1,18.335,29.86,4.0994,9.87647,6.36097,14.4702,805.94,-9999.0,18.5,56.45
201206221630,201206221700,-5.06241,0.0,324.7,17.678,29.39,4.03031,9.90508,6.26204,12.624,700.112,-9999.0,18.57,56.86
201206221700,201206221730,-4.24452,0.0,360.7,15.991,28.94,3.96433,9.02699,6.16744,13.2133,588.415,-9999.0,18.63,59.95
201206221730,201206221800,-1.53366,0.0,242.3,15.295,28.67,3.92332,6.2796,6.10855,11.4627,472.759,-9999.0,18.68,61.09
201206221800,201206221830,-2.01005,0.0,152.4,15.543,28.81,3.93849,6.7733,6.13025,9.1956,355.125,-9999.0,18.72,60.78
201206221830,201206221900,0.597086,0.0,73.7,14.226,28.4,3.87852,4.11129,6.04411,5.89186,237.524,-9999.0,18.76,63.24
201206221900,201206221930,6.39615,0.0,27.4,10.354,26.67,3.64077,-1.9155,5.70179,2.70591,121.969,-9999.0,18.78,70.4
201206221930,201206222000,5.69528,0.0,7.66,7.256,25.0,3.41514,-1.43377,5.3753,0.835571,19.308,-9999.0,18.8,77.1
201206222000,201206222030,4.11998,0.0,0.557,5.128,23.79,3.25341,-0.0169,5.14021,0.063119,0.0,-9999.0,18.81,82.6
201206222030,201206222100,4.43127,0.0,0.33,3.417,22.81,3.12361,-0.456212,4.95088,0.037442,0.0,-9999.0,18.81,87.7
201206222100,201206222130,-9999.0,1.0,0.33,2.36,21.86,2.99935,-1.35539,4.76905,0.037442,0.0,-9999.0,18.8,91.0
201206222130,201206222200,-9999.0,1.0,0.33,1.883,20.93,2.87929,-0.911023,4.59281,0.037442,0.0,-9999.0,18.79,92.4
201206222200,201206222230,-9999.0,1.0,0.33,1.579,20.37,2.80668,-1.02296,4.48592,0.037442,0.0,-9999.0,18.78,93.4
201206222230,201206222300,-9999.0,1.0,0.33,1.287,20.01,2.75935,-1.13231,4.41612,0.037442,0.0,-9999.0,18.76,94.5
201206222300,201206222330,-9999.0,1.0,0.33,1.013,19.75,2.72459,-1.16633,4.36478,0.037442,0.0,-9999.0,18.74,95.6
201206222330,201206230000,-9999.0,1.0,0.33,0.768,19.44,2.68392,-1.20666,4.30466,0.037443,0.0,-9999.0,18.71,96.6
201206230000,201206230030,-9999.0,1.0,0.33,0.46,18.95,2.62171,-1.26978,4.21259,0.037443,0.0,-9999.0,18.68,97.9
201206230030,201206230100,-9999.0,1.0,0.33,0.422,18.36,2.5481,0.23214,4.10196,0.037442,0.0,-9999.0,18.65,98.0
201206230100,201206230130,-9999.0,1.0,0.33,0.0,18.13,2.51803,0.202299,4.05585,0.037442,0.0,-9999.0,18.61,100.0
201206230130,201206230200,-9999.0,1.0,0.33,2.695,18.27,2.53211,0.219224,4.07524,0.037442,0.0,-9999.0,18.57,87.1675
201206230200,201206230230,-9999.0,1.0,0.33,3.216,17.82,2.4761,0.574604,3.99062,0.037441,0.0,-9999.0,18.53,84.2464
201206230230,201206230300,-9999.0,1.0,0.33,2.77,17.18,2.39835,2.37871,3.87357,0.037441,0.0,-9999.0,18.49,85.8732
201206230300,201206230330,-9999.0,1.0,0.33,2.254,16.88,2.36094,2.34039,3.81645,0.037441,0.0,-9999.0,18.44,88.2826
201206230330,201206230400,-9999.0,1.0,0.33,2.594,16.69,2.33649,2.31591,3.77861,0.037441,0.0,-9999.0,18.4,86.3524
201206230400,201206230430,-9999.0,1.0,0.944,2.975,16.64,2.32829,1.73205,3.765,0.106734,0.0,-9999.0,18.36,84.2991
201206230430,201206230500,-9999.0,1.0,14.03,2.957,16.81,2.34551,2.32946,3.78923,1.47788,21.4372,-9999.0,18.31,84.5584
201206230500,201206230530,-9999.0,1.0,63.59,2.499,16.69,2.32923,5.93758,3.76358,5.31913,125.587,-9999.0,18.27,86.8532
201206230530,201206230600,-9999.0,2.0,96.9,3.97,17.91,2.46878,11.7976,3.9694,7.11364,241.24,-9999.0,18.22,80.6607
201206230600,201206230630,-9999.0,2.0,242.4,1.627,19.9,2.7036,8.97341,4.31444,11.6129,358.871,-9999.0,18.17,93.0
201206230630,201206230700,-9999.0,2.0,345.5,7.719,23.04,3.08879,15.1095,4.87604,13.2618,476.468,-9999.0,18.13,72.6
201206230700,201206230730,-5.31738,0.0,447.8,15.135,25.9,3.45148,9.67361,5.39929,13.848,592.02,-9999.0,18.09,54.72
201206230730,201206230800,-8.19652,0.0,543.6,17.218,26.79,3.56384,12.6675,5.55896,14.3013,703.549,-9999.0,18.05,51.12
201206230800,201206230830,-8.28075,0.0,629.8,19.153,27.82,3.69536,12.8848,5.74557,14.531,809.147,-9999.0,18.03,48.81
201206230830,201206230900,-8.32547,0.0,710.0,20.852,28.42,3.77076,13.0067,5.85129,14.6555,907.007,-9999.0,18.01,46.18
201206230900,201206230930,-8.78328,0.0,781.0,23.532,29.58,3.921,13.6147,6.06349,14.5756,995.454,-9999.0,18.0,43.2
201206230930,201206231000,-8.12638,0.0,839.0,26.392,30.76,4.07497,13.1106,6.28017,14.4028,1072.98,-9999.0,18.0,40.46
201206231000,201206231030,-7.54567,0.0,885.0,27.669,31.17,4.12587,12.5823,6.35001,14.3559,1138.25,-9999.0,18.02,39.02
201206231030,201206231100,-7.94178,0.0,916.0,30.9,32.25,4.26745,13.1181,6.54804,14.061,1190.15,-9999.0,18.04,35.94
201206231100,201206231130,-5.47045,0.0,941.0,33.791,33.16,4.38655,10.7642,6.71368,13.7968,1227.79,-9999.0,18.08,33.44
201206231130,201206231200,-5.23605,0.0,945.0,34.084,33.36,4.40916,10.5546,6.74297,13.7623,1250.53,-9999.0,18.12,33.61
201206231200,201206231230,-5.35004,0.0,943.0,34.972,33.91,4.47945,10.739,6.83934,13.6588,1257.98,-9999.0,18.18,33.94
201206231230,201206231300,-4.84791,0.0,932.0,35.04,34.01,4.48836,10.2486,6.84924,13.6208,1250.02,-9999.0,18.23,34.18
201206231300,201206231330,-5.42773,0.0,904.0,34.772,34.1,4.49589,10.8389,6.85718,13.5814,1226.77,-9999.0,18.3,35.01
201206231330,201206231400,-5.40472,0.0,862.0,33.423,33.73,4.44081,10.7666,6.7771,13.6086,1188.64,-9999.0,18.37,36.23
201206231400,201206231430,-5.82073,0.0,810.0,33.158,33.74,4.43748,11.1827,6.76978,13.4995,1136.28,-9999.0,18.45,36.77
201206231430,201206231500,-5.08837,0.0,744.0,31.535,33.37,4.38265,10.401,6.69007,13.4549,1070.58,-9999.0,18.53,38.61
201206231500,201206231530,-4.75383,0.0,663.6,30.759,33.37,4.37801,10.0652,6.68093,13.2504,992.674,-9999.0,18.62,40.12
201206231530,201206231600,-5.49818,0.0,572.3,30.935,33.71,4.41932,10.8525,6.73638,12.8604,903.887,-9999.0,18.7,40.91
201206231600,201206231630,-5.07266,0.0,505.3,31.252,33.92,4.44303,10.4531,6.76702,12.4948,805.742,-9999.0,18.78,41.0
201206231630,201206231700,-4.39929,0.0,414.2,32.751,34.11,4.464,9.80317,6.79379,11.8148,699.917,-9999.0,18.85,38.82
201206231700,201206231730,-4.11862,0.0,324.8,33.653,34.16,4.46601,9.52777,6.79394,10.9918,588.222,-9999.0,18.91,37.31
201206231730,201206231800,-2.34963,0.0,235.0,33.336,33.95,4.43291,7.73028,6.74486,9.87495,472.57,-9999.0,18.97,37.17
201206231800,201206231830,-1.49975,0.0,150.9,31.098,33.27,4.33672,6.79088,6.60726,8.24692,354.939,-9999.0,19.03,39.12
201206231830,201206231900,1.53724,0.0,73.7,28.294,32.45,4.22238,3.64619,6.44402,5.51532,237.341,-9999.0,19.08,42.0
201206231900,201206231930,2.28378,0.0,24.57,22.212,30.25,3.92666,2.61269,6.02457,2.39292,121.79,-9999.0,19.11,48.41
201206231930,201206232000,-9999.0,1.0,7.55,16.355,28.03,3.63358,0.466099,5.60672,0.817459,19.202,-9999.0,19.14,56.82
201206232000,201206232030,-9999.0,1.0,0.586,13.038,26.36,3.41613,0.198358,5.29467,0.066355,0.0,-9999.0,19.16,62.04
201206232030,201206232100,-9999.0,1.0,0.33,11.521,25.45,3.29761,0.942097,5.12312,0.03743,0.0,-9999.0,19.17,64.6
201206232100,201206232130,-9999.0,1.0,0.33,9.467,24.43,3.16673,0.651561,4.93347,0.03743,0.0,-9999.0,19.18,69.09
201206232130,201206232200,-9999.0,1.0,0.33,6.583,22.67,2.94716,-0.128798,4.61552,0.03743,0.0,-9999.0,19.17,76.1
201206232200,201206232230,-9999.0,1.0,0.33,4.665,21.31,2.78023,-1.46897,4.37231,0.037429,0.0,-9999.0,19.16,81.6
201206232230,201206232300,-9999.0,1.0,0.33,3.576,20.2,2.64588,-1.14749,4.17556,0.037429,0.0,-9999.0,19.15,84.9
201206232300,201206232330,-9999.0,1.0,0.33,2.586,19.09,2.51387,-1.28834,3.98158,0.037429,0.0,-9999.0,19.13,88.3
201206232330,201206240000,1.86027,0.0,0.33,1.855,18.7,2.46633,1.54523,3.91056,0.037428,0.0,-9999.0,19.1,91.4
201206240000,201206240030,-9999.0,1.0,0.33,1.425,18.0,2.38397,0.150975,3.78854,0.037428,0.0,-9999.0,19.06,93.1
201206240030,201206240100,-9999.0,1.0,0.33,1.101,17.51,2.32621,0.860882,3.70236,0.037428,0.0,-9999.0,19.02,94.5
201206240100,201206240130,-9999.0,1.0,0.33,0.825,17.21,2.29016,2.34933,3.64797,0.037428,0.0,-9999.0,18.97,95.8
201206240130,201206240200,-9999.0,1.0,0.33,0.591,17.26,2.29325,2.3548,3.65102,0.037427,0.0,-9999.0,18.92,97.0
201206240200,201206240230,-9999.0,1.0,0.33,0.567,16.61,2.2188,2.27354,3.5402,0.037427,0.0,-9999.0,18.87,97.0
201206240230,201206240300,-9999.0,1.0,0.33,0.554,16.25,2.17692,2.2284,3.47716,0.037427,0.0,-9999.0,18.82,97.0
201206240300,201206240330,-9999.0,1.0,0.33,0.452,15.9,2.13648,2.38311,3.41618,0.037426,0.0,-9999.0,18.76,97.5
201206240330,201206240400,-9999.0,1.0,0.33,0.352,15.49,2.08991,3.37435,3.34612,0.037426,0.0,-9999.0,18.71,98.0
201206240400,201206240430,-9999.0,1.0,1.105,0.304,14.84,2.01826,3.29433,3.23894,0.124665,0.0,-9999.0,18.65,98.2
201206240430,201206240500,-9999.0,1.0,21.89,0.217,14.64,1.99491,3.26934,3.20307,2.16622,21.252,-9999.0,18.59,98.7
201206240500,201206240530,-9999.0,1.0,89.7,0.166,14.57,1.98536,6.97613,3.18762,6.34587,125.298,-9999.0,18.53,99.0
201206240530,201206240600,-5.62914,0.0,109.7,0.104,15.25,2.05517,8.59862,3.28939,7.15126,240.954,-9999.0,18.47,99.4
201206240600,201206240630,-9999.0,1.0,276.1,0.299,16.4,2.17664,7.31492,3.46671,10.951,358.589,-9999.0,18.41,98.4
201206240630,201206240700,-9999.0,2.0,378.5,5.333,20.58,2.64422,11.6943,4.14585,12.0779,476.191,-9999.0,18.35,78.0
201206240700,201206240730,-9999.0,1.0,478.4,15.878,25.39,3.21592,15.4138,4.96326,12.5634,591.746,-9999.0,18.29,51.04
201206240730,201206240800,-9.58171,0.0,574.8,21.859,27.71,3.50003,14.1225,5.36372,12.7893,703.279,-9999.0,18.24,41.2
201206240800,201206240830,-11.9794,0.0,663.5,28.123,29.57,3.7308,16.759,5.68641,12.8454,808.88,-9999.0,18.2,32.08
201206240830,201206240900,-11.0667,0.0,741.0,33.298,30.76,3.87842,15.9988,5.89094,12.8493,906.743,-9999.0,18.17,24.88
201206240900,201206240930,-11.4826,0.0,809.0,36.197,31.96,4.02825,16.5685,6.09777,12.8898,995.194,-9999.0,18.15,23.72
201206240930,201206241000,-9999.0,1.0,867.0,37.635,32.6,4.10639,12.6797,6.20407,12.948,1072.72,-9999.0,18.14,23.5
201206241000,201206241030,-6.71903,0.0,911.0,37.573,32.68,4.11219,11.8955,6.20952,13.0258,1137.99,-9999.0,18.14,23.97
201206241030,201206241100,-6.27482,0.0,940.0,37.791,32.91,4.13735,11.4746,6.24187,13.0614,1189.89,-9999.0,18.17,24.51
201206241100,201206241130,-6.1393,0.0,960.0,38.874,33.5,4.20908,11.4087,6.33882,13.05,1227.54,-9999.0,18.19,24.87
201206241130,201206241200,-3.84176,0.0,967.0,39.98,33.82,4.24586,9.14591,6.38713,13.019,1250.28,-9999.0,18.24,24.1
201206241200,201206241230,-5.51228,0.0,965.0,40.523,33.97,4.26058,10.8293,6.4048,12.9945,1257.73,-9999.0,18.29,23.71
201206241230,201206241300,-3.86844,0.0,949.0,41.401,34.24,4.29083,9.21355,6.44393,12.9387,1249.77,-9999.0,18.34,23.22
201206241300,201206241330,-3.75813,0.0,924.0,41.225,34.11,4.26923,9.08014,6.41128,12.8996,1226.52,-9999.0,18.4,22.99
201206241330,201206241400,-5.06369,0.0,881.0,41.492,34.04,4.25543,10.3703,6.38943,12.8131,1188.39,-9999.0,18.47,22.19
201206241400,201206241430,-5.47875,0.0,827.0,41.784,34.12,4.26294,10.7891,6.3944,12.6975,1136.02,-9999.0,18.54,21.99
201206241430,201206241500,-5.59731,0.0,762.0,41.235,34.0,4.24462,10.8859,6.36368,12.5639,1070.32,-9999.0,18.62,22.5
201206241500,201206241530,-5.51898,0.0,689.2,40.509,33.73,4.20702,10.7668,6.30634,12.3875,992.414,-9999.0,18.7,22.71
201206241530,201206241600,-4.53866,0.0,609.0,39.792,33.45,4.16823,9.74444,6.24742,12.1458,903.624,-9999.0,18.78,22.88
201206241600,201206241630,-4.93891,0.0,519.9,39.126,33.22,4.13595,10.1091,6.19753,11.7991,805.475,-9999.0,18.84,23.19
201206241630,201206241700,-5.34515,0.0,428.1,38.666,33.1,4.11783,10.4938,6.16722,11.3175,699.647,-9999.0,18.91,23.58
201206241700,201206241730,-3.69167,0.0,335.0,38.397,32.79,4.07546,8.79472,6.10349,10.6296,587.949,-9999.0,18.96,22.78
201206241730,201206241800,-3.36429,0.0,243.5,38.316,32.72,4.06381,8.45222,6.08219,9.61763,472.293,-9999.0,19.01,22.64
201206241800,201206241830,-2.73465,0.0,158.2,37.899,32.62,4.04835,7.80369,6.05565,8.09991,354.657,-9999.0,19.05,23.05
201206241830,201206241900,-1.49784,0.0,74.1,35.834,31.81,3.94278,6.45831,5.90489,5.36341,237.056,-9999.0,19.08,23.84
201206241900,201206241930,-9999.0,2.0,18.98,30.164,29.62,3.66496,2.49316,5.51562,1.88355,121.5,-9999.0,19.11,27.36
201206241930,201206242000,-9999.0,1.0,6.231,23.806,26.78,3.31274,0.548194,5.02088,0.676112,19.0265,-9999.0,19.12,32.38
201206242000,201206242030,-9999.0,1.0,0.487,21.997,25.56,3.16306,-1.6782,4.80729,0.05515,0.0,-9999.0,19.13,32.85
201206242030,201206242100,-9999.0,1.0,0.33,20.289,24.64,3.05101,0.830316,4.64608,0.037415,0.0,-9999.0,19.13,34.58
201206242100,201206242130,-9999.0,2.0,0.33,17.569,23.31,2.89204,0.769047,4.4187,0.037415,0.0,-9999.0,19.12,38.64
201206242130,201206242200,-9999.0,1.0,0.33,13.801,21.31,2.65889,0.408098,4.08578,0.037415,0.0,-9999.0,19.1,45.57
201206242200,201206242230,-9999.0,1.0,0.33,11.426,19.81,2.48773,0.219942,3.83944,0.037415,0.0,-9999.0,19.07,50.57
201206242230,201206242300,-9999.0,1.0,0.33,10.125,18.86,2.38074,-0.038676,3.68378,0.037415,0.0,-9999.0,19.05,53.53
201206242300,201206242330,-9999.0,1.0,0.33,9.21,18.19,2.30583,-1.52015,3.57369,0.037414,0.0,-9999.0,19.0,55.92
201206242330,201206250000,-9999.0,1.0,0.33,8.914,18.02,2.28581,-1.54462,3.54197,0.037414,0.0,-9999.0,18.96,56.88
201206250000,201206250030,-9999.0,1.0,0.33,7.727,17.25,2.20133,-0.244453,3.41815,0.037414,0.0,-9999.0,18.91,60.76
201206250030,201206250100,-9999.0,1.0,0.33,6.706,16.28,2.09698,-0.365791,3.26965,0.037511,0.0,-9999.0,18.85,63.78
201206250100,201206250130,-9999.0,1.0,0.33,6.024,15.7,2.03494,0.500628,3.18126,0.037607,0.0,-9999.0,18.79,66.24
201206250130,201206250200,-9999.0,1.0,0.33,5.436,15.16,1.97775,2.15912,3.09941,0.037704,0.0,-9999.0,18.73,68.46
201206250200,201206250230,-9999.0,1.0,0.33,4.951,14.59,1.91816,2.08902,3.01363,0.037801,0.0,-9999.0,18.67,70.2
201206250230,201206250300,-9999.0,1.0,0.33,4.79,14.34,1.89155,2.05651,2.97552,0.037898,0.0,-9999.0,18.6,70.7
201206250300,201206250330,-9999.0,1.0,0.327,5.588,14.63,1.91964,2.08672,3.01722,0.03765,0.0,-9999.0,18.53,66.45
201206250330,201206250400,-9999.0,1.0,0.329,4.58,13.86,1.84079,2.76806,2.9025,0.037976,0.0,-9999.0,18.46,71.1
201206250400,201206250430,-9999.0,1.0,1.193,4.094,13.47,1.80077,3.38578,2.84423,0.13713,0.0,-9999.0,18.39,73.5
201206250430,201206250500,-9999.0,1.0,21.55,5.319,13.94,1.84629,3.05246,2.91171,2.14354,20.9936,-9999.0,18.32,66.61
201206250500,201206250530,-9999.0,1.0,90.3,6.506,14.67,1.9185,3.79067,3.01851,6.15619,124.899,-9999.0,18.25,61.04
201206250530,201206250600,-9999.0,1.0,116.9,7.359,15.48,1.99991,5.1345,3.13889,7.11476,240.566,-9999.0,18.18,58.17
201206250600,201206250630,-4.91433,0.0,284.1,8.493,17.32,2.19099,7.97683,3.4199,10.2766,358.212,-9999.0,18.11,57.06
201206250630,201206250700,-5.4273,0.0,380.6,13.046,20.77,2.5661,8.8961,3.96786,11.1675,475.825,-9999.0,18.05,46.81
201206250700,201206250730,-11.9145,0.0,488.6,20.491,24.75,3.02099,15.8596,4.62805,11.8389,591.392,-9999.0,17.99,34.36
201206250730,201206250800,-14.0626,0.0,588.9,24.922,26.67,3.24639,18.2363,4.95631,12.2878,702.935,-9999.0,17.93,28.75
201206250800,201206250830,-7.7749,0.0,687.1,28.504,28.16,3.42342,12.1249,5.21539,12.6253,808.546,-9999.0,17.88,25.31
201206250830,201206250900,-11.493,0.0,597.6,32.097,29.27,3.55601,15.9727,5.41116,12.3568,906.418,-9999.0,17.85,21.13
201206250900,201206250930,-9.54255,0.0,538.9,32.643,29.74,3.61104,14.0738,5.49598,12.1449,994.877,-9999.0,17.83,21.93
201206250930,201206251000,-9.62219,0.0,803.0,35.889,30.97,3.75976,14.2974,5.71604,12.9719,1072.41,-9999.0,17.82,20.0
201206251000,201206251030,-9.84328,0.0,945.0,38.174,31.9,3.87228,14.6255,5.88462,13.2608,1137.69,-9999.0,17.83,19.28
201206251030,201206251100,-12.1555,0.0,952.0,40.777,32.75,3.97535,17.0348,6.04018,13.2914,1189.59,-9999.0,17.84,17.81
201206251100,201206251130,-10.9714,0.0,998.0,42.638,33.17,4.02504,15.8953,6.11923,13.3824,1227.24,-9999.0,17.87,16.06
201206251130,201206251200,-9.79671,0.0,1008.0,45.553,34.17,4.14747,14.8353,6.3039,13.4164,1249.99,-9999.0,17.91,15.19
201206251200,201206251230,-12.5031,0.0,996.0,46.73,34.6,4.19864,17.5871,6.38601,13.4177,1257.44,-9999.0,17.96,15.05
201206251230,201206251300,-9999.0,1.0,1008.0,45.528,34.59,4.19451,14.5423,6.38814,13.4547,1249.47,-9999.0,18.01,17.19
201206251300,201206251330,-6.35627,0.0,929.0,44.177,34.53,4.1841,11.4188,6.38112,13.3485,1226.22,-9999.0,18.07,19.38
201206251330,201206251400,-11.0045,0.0,880.0,42.065,34.0,4.11486,15.9968,6.28801,13.28,1188.09,-9999.0,18.14,20.94
201206251400,201206251430,-4.8805,0.0,824.0,41.001,33.7,4.07457,9.83028,6.23681,13.1877,1135.72,-9999.0,18.22,21.64
201206251430,201206251500,-5.56857,0.0,763.0,41.434,33.77,4.08051,10.5204,6.25329,13.0695,1070.02,-9999.0,18.3,21.12
201206251500,201206251530,-9.41764,0.0,689.6,40.395,33.32,4.02168,14.3091,6.17433,12.8958,992.097,-9999.0,18.39,21.14
201206251530,201206251600,-4.79867,0.0,612.7,40.825,33.43,4.03259,9.69693,6.19805,12.6717,903.299,-9999.0,18.47,20.79
201206251600,201206251630,-11.5579,0.0,516.5,39.921,33.03,3.98018,16.402,6.12798,12.3042,805.141,-9999.0,18.55,20.79
201206251630,201206251700,-9.86742,0.0,392.9,38.141,32.39,3.89831,14.6287,6.01368,11.6151,699.302,-9999.0,18.62,21.55
201206251700,201206251730,-7.49394,0.0,257.6,36.008,31.69,3.80949,12.1655,5.88833,10.3323,587.593,-9999.0,18.69,22.95
201206251730,201206251800,-3.43835,0.0,188.4,35.028,31.27,3.75541,8.05375,5.81425,9.24742,471.926,-9999.0,18.74,23.24
201206251800,201206251830,-3.42759,0.0,123.5,32.65,30.18,3.62005,7.9072,5.61768,7.66779,354.28,-9999.0,18.79,23.86
201206251830,201206251900,-1.43024,0.0,111.7,31.523,29.68,3.55704,5.84456,5.52897,7.29664,236.667,-9999.0,18.82,24.35
201206251900,201206251930,2.21498,0.0,28.32,27.59,28.01,3.3543,1.99543,5.22853,2.87401,121.101,-9999.0,18.85,27.07
201206251930,201206252000,-9999.0,1.0,5.7,23.449,26.2,3.13825,0.833221,4.90598,0.681731,18.7817,-9999.0,18.86,31.08
201206252000,201206252030,-9999.0,1.0,0.418,19.685,24.32,2.91814,0.558206,4.57525,0.05226,0.0,-9999.0,18.87,35.3
201206252030,201206252100,-9999.0,2.0,0.33,17.124,22.89,2.7534,0.418113,4.32721,0.041384,0.0,-9999.0,18.87,38.66
201206252100,201206252130,-9999.0,1.0,0.33,15.063,21.61,2.60828,0.232365,4.10791,0.041481,0.0,-9999.0,18.86,41.67
201206252130,201206252200,-9999.0,1.0,0.33,12.717,20.27,2.45918,0.07305,3.88134,0.041578,0.0,-9999.0,18.85,46.53
201206252200,201206252230,-9999.0,1.0,0.33,10.566,18.9,2.30984,-0.227171,3.65324,0.041675,0.0,-9999.0,18.83,51.63
201206252230,201206252300,-9999.0,1.0,0.33,8.776,17.5,2.16066,-1.87775,3.42424,0.041771,0.0,-9999.0,18.8,56.13
201206252300,201206252330,-9999.0,1.0,0.33,8.24,16.86,2.09286,-0.46619,3.32059,0.041868,0.0,-9999.0,18.76,57.11
201206252330,201206260000,4.90615,0.0,0.33,7.968,16.58,2.06265,-2.06242,3.27502,0.041965,0.0,-9999.0,18.71,57.78
201206260000,201206260030,-9999.0,1.0,0.33,7.228,16.02,2.00418,-2.09475,3.18522,0.042062,0.0,-9999.0,18.66,60.31
201206260030,201206260100,-9999.0,1.0,0.328,6.29,15.3,1.93036,0.916455,3.07109,0.041904,0.0,-9999.0,18.6,63.83
201206260100,201206260130,-9999.0,1.0,0.329,6.003,15.01,1.90014,1.05977,3.02482,0.042128,0.0,-9999.0,18.54,64.83
201206260130,201206260200,-9999.0,1.0,0.328,6.108,15.05,1.90279,0.881763,3.02993,0.042096,0.0,-9999.0,18.49,64.31
201206260200,201206260230,-9999.0,1.0,0.329,5.603,14.51,1.84816,1.91352,2.9451,0.042321,0.0,-9999.0,18.42,66.1
201206260230,201206260300,-9999.0,1.0,0.326,5.13,14.13,1.80974,1.86863,2.88547,0.042032,0.0,-9999.0,18.36,68.19
201206260300,201206260330,-9999.0,1.0,0.313,5.36,14.64,1.85835,1.92078,2.96285,0.040452,0.0,-9999.0,18.29,67.84
201206260330,201206260400,-9999.0,1.0,0.324,5.536,14.91,1.88364,1.94678,3.00366,0.041965,0.0,-9999.0,18.23,67.36
201206260400,201206260430,-9999.0,1.0,1.641,4.701,14.05,1.79818,2.90553,2.8695,0.210731,0.0,-9999.0,18.16,70.7
201206260430,201206260500,-9999.0,1.0,19.55,4.363,13.99,1.79111,2.89565,2.85905,2.19451,18.4768,-9999.0,18.1,72.7
201206260500,201206260530,-9999.0,1.0,79.7,4.738,15.21,1.90934,6.74067,3.04731,6.27208,120.591,-9999.0,18.03,72.6
201206260530,201206260600,-9999.0,1.0,125.8,6.401,17.21,2.1098,5.58013,3.36678,8.06201,236.176,-9999.0,17.97,67.41
201206260600,201206260630,-9999.0,2.0,202.1,7.933,18.85,2.27893,14.6524,3.63748,9.90523,353.807,-9999.0,17.91,63.57
201206260630,201206260700,-9999.0,1.0,335.6,10.59,21.05,2.51285,12.0719,4.01248,11.6516,471.472,-9999.0,17.86,57.56
201206260700,201206260730,-9999.0,1.0,355.0,14.47,23.23,2.75127,11.5499,4.39621,11.84,587.157,-9999.0,17.8,49.22
201206260730,201206260800,-13.5558,0.0,458.0,17.869,25.07,2.95678,17.2921,4.72893,12.5729,698.883,-9999.0,17.76,43.84
201206260800,201206260830,-8.08396,0.0,570.0,20.593,26.3,3.09553,11.9555,4.95599,13.127,804.738,-9999.0,17.73,39.83
201206260830,201206260900,-9999.0,1.0,657.6,22.888,27.23,3.20086,14.3875,5.13033,13.4574,902.912,-9999.0,17.71,36.68
201206260900,201206260930,-9999.0,1.0,750.0,24.378,28.01,3.28942,13.6132,5.27841,13.7371,991.723,-9999.0,17.7,35.56
201206260930,201206261000,-8.21734,0.0,824.0,27.745,29.33,3.44203,12.4186,5.53083,13.9282,1069.65,-9999.0,17.69,32.06
201206261000,201206261030,-8.94542,0.0,859.0,29.663,30.0,3.5188,13.2173,5.66149,14.0196,1135.37,-9999.0,17.7,30.11
201206261030,201206261100,-7.37372,0.0,898.0,29.96,30.5,3.57564,11.6968,5.76035,14.1135,1187.75,-9999.0,17.72,31.4
201206261100,201206261130,-7.02506,0.0,910.0,31.581,30.89,3.61949,11.3866,5.83853,14.1545,1225.89,-9999.0,17.76,29.28
201206261130,201206261200,-3.00718,0.0,950.0,32.98,31.4,3.67773,7.42071,5.94061,14.243,1249.14,-9999.0,17.8,28.26
201206261200,201206261230,-6.77405,0.0,860.0,27.686,31.12,3.64175,11.1498,5.88875,14.0977,1257.11,-9999.0,17.85,38.81
201206261230,201206261300,-7.96315,0.0,887.0,25.269,30.31,3.54304,12.2411,5.73362,14.1692,1249.65,-9999.0,17.91,41.51
201206261300,201206261330,-8.00921,0.0,917.0,28.587,31.01,3.62352,12.3605,5.87273,14.2433,1226.91,-9999.0,17.97,36.42
201206261330,201206261400,-9.00869,0.0,869.0,27.295,31.0,3.61977,13.3529,5.87349,14.1726,1189.25,-9999.0,18.04,39.26
201206261400,201206261430,-8.59739,0.0,821.0,27.704,31.04,3.62195,12.9401,5.88406,14.0926,1137.34,-9999.0,18.11,38.49
201206261430,201206261500,-8.63928,0.0,758.0,29.854,30.98,3.61226,12.9692,5.87499,13.9651,1072.05,-9999.0,18.19,33.49
201206261500,201206261530,-7.93845,0.0,682.5,29.97,31.25,3.64172,12.2928,5.93093,13.778,994.504,-9999.0,18.27,34.25
201206261530,201206261600,-8.8654,0.0,586.0,26.02,30.4,3.5386,13.1182,5.76624,13.4691,906.032,-9999.0,18.35,40.08
201206261600,201206261630,-8.49747,0.0,511.8,21.456,29.37,3.41516,12.6289,5.56701,13.1673,808.144,-9999.0,18.42,47.58
201206261630,201206261700,-7.67056,0.0,421.3,18.655,28.72,3.33697,11.7234,5.44259,12.6753,702.516,-9999.0,18.49,52.68
201206261700,201206261730,-6.80007,0.0,323.5,19.179,28.41,3.29862,10.8127,5.38436,11.906,590.956,-9999.0,18.55,50.47
201206261730,201206261800,-5.38218,0.0,205.1,19.694,28.38,3.2928,9.38587,5.38044,10.3312,475.371,-9999.0,18.6,49.05
201206261800,201206261830,-3.14782,0.0,141.3,18.973,27.81,3.22467,7.08242,5.27174,8.88469,357.74,-9999.0,18.64,49.26
201206261830,201206261900,-1.18873,0.0,86.8,18.31,27.51,3.1879,5.08449,5.21541,6.9247,240.075,-9999.0,18.67,50.17
201206261900,201206261930,-9999.0,1.0,36.19,14.265,26.05,3.01931,0.100581,4.93663,3.84506,124.39,-9999.0,18.69,57.7
201206261930,201206262000,-9999.0,1.0,8.09,10.83,24.22,2.81217,-0.421515,4.59219,1.05418,20.6715,-9999.0,18.71,64.19
201206262000,201206262030,-9999.0,1.0,0.927,8.393,22.45,2.61592,-0.305341,4.26545,0.128385,0.0,-9999.0,18.72,69.12
201206262030,201206262100,-9999.0,1.0,0.33,6.832,21.52,2.51371,-1.99068,4.09658,0.046032,0.0,-9999.0,18.72,73.4
201206262100,201206262130,-9999.0,1.0,0.33,5.693,20.99,2.45531,-0.916219,4.00114,0.046129,0.0,-9999.0,18.72,77.1
201206262130,201206262200,-9999.0,1.0,0.33,5.194,20.6,2.41219,-1.09082,3.93123,0.046226,0.0,-9999.0,18.71,78.6
201206262200,201206262230,-9999.0,1.0,0.33,3.874,19.58,2.30341,-1.15837,3.75013,0.046323,0.0,-9999.0,18.69,83.0
201206262230,201206262300,-9999.0,1.0,0.33,3.57,19.24,2.26646,-1.7909,3.69007,0.04642,0.0,-9999.0,18.67,84.0
201206262300,201206262330,-9999.0,1.0,0.33,3.195,18.82,2.2215,-0.067134,3.61628,0.046517,0.0,-9999.0,18.64,85.3
201206262330,201206270000,-9999.0,1.0,0.33,2.943,18.4,2.17688,0.617181,3.54286,0.046613,0.0,-9999.0,18.6,86.1
201206270000,201206270030,-9999.0,1.0,0.33,2.307,17.68,2.10229,1.46308,3.4184,0.04671,0.0,-9999.0,18.57,88.6
201206270030,201206270100,4.83829,0.0,0.33,2.229,18.14,2.1473,-2.01889,3.49486,0.046614,0.0,-9999.0,18.53,89.3
201206270100,201206270130,-9999.0,1.0,0.33,2.12,17.35,2.06613,1.86434,3.35668,0.046518,0.0,-9999.0,18.49,89.3
201206270130,201206270200,-9999.0,1.0,0.33,1.677,16.73,2.00293,1.7956,3.24872,0.046422,0.0,-9999.0,18.45,91.2
201206270200,201206270230,-9999.0,1.0,0.33,1.398,16.39,1.96795,1.75642,3.18858,0.046325,0.0,-9999.0,18.41,92.5
201206270230,201206270300,1.24089,0.0,0.33,1.079,16.09,1.93713,1.34858,3.13535,0.046229,0.0,-9999.0,18.36,94.1
201206270300,201206270330,-9999.0,1.0,0.33,0.886,15.6,1.8881,2.90798,3.0508,0.046133,0.0,-9999.0,18.32,95.0
201206270330,201206270400,-9999.0,1.0,0.33,0.553,16.22,1.94704,1.72761,3.15101,0.046037,0.0,-9999.0,18.27,97.0
201206270400,201206270430,-1.21859,0.0,0.838,0.71,16.42,1.96521,3.83105,3.18167,0.116167,0.0,-9999.0,18.22,96.2
201206270430,201206270500,-0.162308,0.0,14.59,0.686,15.48,1.87243,2.67433,3.02136,1.81135,18.1151,-9999.0,18.18,96.1
201206270500,201206270530,-1.55719,0.0,54.93,0.536,15.21,1.84514,4.038,2.97351,5.23992,119.972,-9999.0,18.13,96.9
201206270530,201206270600,-5.07991,0.0,104.5,0.531,15.58,1.87935,7.59494,3.03157,7.77068,235.582,-9999.0,18.08,97.0
201206270600,201206270630,-7.76882,0.0,255.5,1.07,17.64,2.08014,10.4923,3.37967,11.4011,353.238,-9999.0,18.04,94.7
201206270630,201206270700,-9.40571,0.0,353.6,4.95,21.08,2.43134,12.4851,3.99805,12.5393,470.929,-9999.0,17.99,80.2
201206270700,201206270730,-7.81517,0.0,435.3,9.958,24.33,2.77793,11.2348,4.6195,13.1921,586.639,-9999.0,17.95,67.29
201206270730,201206270800,-8.04883,0.0,550.3,13.552,26.07,2.9676,11.6492,4.96649,13.811,698.389,-9999.0,17.92,59.86
201206270800,201206270830,-6.3323,0.0,634.8,17.952,27.38,3.11182,10.0674,5.23478,14.1183,804.268,-9999.0,17.89,50.77
201206270830,201206270900,-8.63991,0.0,711.0,20.146,28.14,3.19521,12.4509,5.39407,14.352,902.462,-9999.0,17.87,47.15
201206270900,201206270930,-6.68912,0.0,781.0,23.364,29.06,3.29723,10.5928,5.58952,14.5092,991.293,-9999.0,17.86,41.89
201206270930,201206271000,-6.27194,0.0,838.0,26.696,30.26,3.43196,10.2981,5.84828,14.6019,1069.24,-9999.0,17.86,38.03
201206271000,201206271030,-4.29,0.0,888.0,31.796,31.33,3.55266,8.42435,6.08371,14.6304,1134.97,-9999.0,17.87,30.56
201206271030,201206271100,-4.64986,0.0,920.0,32.303,32.16,3.64617,8.86655,6.27029,14.6854,1187.36,-9999.0,17.9,32.69
201206271100,201206271130,-6.30411,0.0,941.0,36.771,33.03,3.74471,10.6071,6.46854,14.6452,1225.51,-9999.0,17.94,27.04
201206271130,201206271200,-3.25743,0.0,944.0,36.388,33.66,3.81552,7.62097,6.61564,14.655,1248.77,-9999.0,17.98,30.3
201206271200,201206271230,-5.87437,0.0,942.0,29.578,32.69,3.69968,10.1288,6.40343,14.783,1256.74,-9999.0,18.04,40.18
201206271230,201206271300,-7.13046,0.0,925.0,31.048,32.91,3.72253,11.4019,6.45825,14.7239,1249.28,-9999.0,18.1,37.98
201206271300,201206271330,-4.95419,0.0,899.0,31.513,33.21,3.7547,9.25104,6.53165,14.665,1226.53,-9999.0,18.17,38.1
201206271330,201206271400,-7.13788,0.0,863.0,29.865,33.05,3.73334,11.4115,6.50101,14.6274,1188.86,-9999.0,18.24,40.81
201206271400,201206271430,-12.7582,0.0,811.0,27.008,32.09,3.61944,16.9244,6.28892,14.5746,1136.94,-9999.0,18.33,43.5
201206271430,201206271500,-10.8236,0.0,750.0,27.003,31.81,3.5845,14.9542,6.23051,14.4191,1071.64,-9999.0,18.41,42.61
201206271500,201206271530,-8.76009,0.0,680.7,29.24,32.42,3.6522,12.9487,6.37374,14.1607,994.075,-9999.0,18.5,39.96
201206271530,201206271600,-8.32414,0.0,608.9,30.298,32.89,3.70385,12.5558,6.4866,13.8791,905.583,-9999.0,18.59,39.41
201206271600,201206271630,-7.89274,0.0,500.5,28.772,32.36,3.63991,12.0627,6.37021,13.408,807.674,-9999.0,18.67,40.72
201206271630,201206271700,-7.84909,0.0,419.5,27.102,31.93,3.58775,11.9678,6.2766,12.9317,702.023,-9999.0,18.75,42.79
201206271700,201206271730,-5.37814,0.0,317.6,23.811,30.9,3.46723,9.38319,6.04617,12.0791,590.439,-9999.0,18.82,46.71
201206271730,201206271800,-3.22205,0.0,215.9,20.847,29.95,3.35677,7.12206,5.83516,10.6601,474.829,-9999.0,18.88,50.74
201206271800,201206271830,-3.61348,0.0,141.0,19.892,29.48,3.30122,7.45875,5.73275,8.88188,357.172,-9999.0,18.93,51.71
201206271830,201206271900,-1.57139,0.0,82.9,18.26,28.79,3.22127,5.33959,5.58126,6.64144,239.482,-9999.0,18.97,53.87
201206271900,201206271930,4.03564,0.0,38.03,15.019,27.55,3.0808,-0.40128,5.30907,3.85475,123.772,-9999.0,19.0,59.22
201206271930,201206272000,3.6733,0.0,7.66,12.127,26.34,2.94531,-0.16911,5.04681,0.944598,20.2888,-9999.0,19.03,64.65
201206272000,201206272030,2.45828,0.0,0.548,10.037,25.26,2.8256,0.929742,4.81582,0.071059,0.0,-9999.0,19.04,68.81
201206272030,201206272100,-9999.0,1.0,0.33,8.448,24.24,2.71378,0.336353,4.60042,0.042765,0.0,-9999.0,19.05,72.1
201206272100,201206272130,-9999.0,1.0,0.33,7.296,23.76,2.66059,-0.172722,4.49987,0.042669,0.0,-9999.0,19.05,75.2
201206272130,201206272200,-9999.0,1.0,0.33,6.214,23.16,2.59507,-0.238434,4.3749,0.042573,0.0,-9999.0,19.05,78.1
201206272200,201206272230,-9999.0,1.0,0.33,5.214,22.35,2.50814,-0.274781,4.20789,0.042477,0.0,-9999.0,19.04,80.7
201206272230,201206272300,-9999.0,1.0,0.33,4.635,21.93,2.46257,-0.321619,4.12151,0.042381,0.0,-9999.0,19.03,82.4
201206272300,201206272330,-9999.0,1.0,0.33,4.152,21.69,2.43588,-1.27849,4.07178,0.042284,0.0,-9999.0,19.01,84.0
201206272330,201206280000,-9999.0,1.0,0.33,4.077,21.39,2.40313,-1.31294,4.01002,0.042188,0.0,-9999.0,18.99,84.0
201206280000,201206280030,-9999.0,1.0,0.33,4.958,21.78,2.44155,-1.27792,4.0876,0.042092,0.0,-9999.0,18.96,81.0
201206280030,201206280100,-9999.0,1.0,0.33,5.665,22.17,2.48012,-0.314571,4.16616,0.041996,0.0,-9999.0,18.93,78.8
201206280100,201206280130,-9999.0,2.0,0.33,5.166,21.29,2.3875,-1.71935,3.98575,0.0419,0.0,-9999.0,18.9,79.6
201206280130,201206280200,-9999.0,1.0,0.33,4.564,20.69,2.32447,0.184109,3.86375,0.041803,0.0,-9999.0,18.87,81.3
201206280200,201206280230,-9999.0,1.0,0.33,6.427,21.47,2.40239,-1.32593,4.01954,0.041707,0.0,-9999.0,18.84,74.9
201206280230,201206280300,-9999.0,1.0,0.326,8.209,22.1,2.46548,-0.338806,4.14759,0.041108,0.0,-9999.0,18.81,69.15
201206280300,201206280330,-9999.0,1.0,0.329,6.703,21.21,2.37219,-0.192275,3.96392,0.041389,0.0,-9999.0,18.78,73.4
201206280330,201206280400,-9999.0,1.0,0.33,6.016,20.59,2.3074,-0.378793,3.83713,0.041418,0.0,-9999.0,18.74,75.2
201206280400,201206280430,-9999.0,1.0,0.852,8.09,21.74,2.42288,-1.31592,4.06983,0.106294,0.0,-9999.0,18.71,68.92
201206280430,201206280500,-9999.0,1.0,17.25,10.188,22.73,2.5233,0.467965,4.2756,1.92599,17.6884,-9999.0,18.68,63.15
201206280500,201206280530,-9999.0,1.0,65.58,9.511,22.56,2.50378,3.0731,4.2389,5.62677,119.243,-9999.0,18.64,65.24
201206280530,201206280600,-9999.0,1.0,111.0,9.879,22.96,2.54341,5.45031,4.32297,7.83869,234.885,-9999.0,18.61,64.76
201206280600,201206280630,-9999.0,1.0,253.8,11.461,23.93,2.6429,7.99032,4.53165,11.5292,352.575,-9999.0,18.58,61.44
201206280630,201206280700,-9999.0,2.0,352.4,15.282,25.93,2.85327,11.4209,4.97698,12.7407,470.298,-9999.0,18.55,54.36
201206280700,201206280730,-9999.0,1.0,448.1,19.505,27.89,3.06315,13.1437,5.43175,13.4399,586.04,-9999.0,18.53,48.08
201206280730,201206280800,-9999.0,1.0,544.6,21.467,28.74,3.15387,12.9238,5.63592,13.9727,697.821,-9999.0,18.51,45.61
201206280800,201206280830,-10.0065,0.0,630.6,22.783,29.42,3.22631,13.6956,5.80265,14.3307,803.729,-9999.0,18.5,44.5
201206280830,201206280900,-9.72904,0.0,714.0,24.65,29.88,3.27468,13.4587,5.91802,14.5636,901.951,-9999.0,18.49,41.52
201206280900,201206280930,-9.74893,0.0,783.0,27.982,30.96,3.39207,13.581,6.18909,14.6137,990.807,-9999.0,18.49,37.59
201206280930,201206281000,-8.77391,0.0,843.0,30.787,31.77,3.47992,12.6811,6.39739,14.6282,1068.78,-9999.0,18.5,34.42
201206281000,201206281030,-9.34635,0.0,889.0,35.204,33.21,3.63905,13.3911,6.77209,14.4973,1134.52,-9999.0,18.53,30.85
201206281030,201206281100,-7.23932,0.0,922.0,37.138,34.0,3.72556,11.3565,6.98457,14.4589,1186.93,-9999.0,18.56,30.2
201206281100,201206281130,-7.11206,0.0,949.0,38.855,34.37,3.76465,11.2599,7.08879,14.413,1225.09,-9999.0,18.59,28.46
201206281130,201206281200,-8.6593,0.0,740.0,36.698,34.49,3.7754,12.8129,7.12739,14.0269,1248.35,-9999.0,18.64,32.88
201206281200,201206281230,-9.70948,0.0,992.0,35.333,34.48,3.7714,13.856,7.13146,14.6906,1256.32,-9999.0,18.69,35.34
201206281230,201206281300,-8.00377,0.0,948.0,34.493,34.33,3.75157,12.1294,7.09805,14.6552,1248.87,-9999.0,18.75,36.35
201206281300,201206281330,-8.45674,0.0,923.0,33.749,34.39,3.75716,12.5823,7.12077,14.6477,1226.11,-9999.0,18.81,37.93
201206281330,201206281400,-7.63882,0.0,872.0,29.882,33.46,3.65109,11.6668,6.87854,14.7678,1188.43,-9999.0,18.87,42.12
201206281400,201206281430,-8.01869,0.0,804.0,26.997,32.68,3.56241,11.9641,6.67754,14.7688,1136.49,-9999.0,18.95,45.37
201206281430,201206281500,-6.88604,0.0,749.0,27.662,32.59,3.55121,10.8168,6.65906,14.5664,1071.17,-9999.0,19.04,43.74
201206281500,201206281530,-8.08016,0.0,688.3,28.756,32.88,3.58254,12.0335,6.74132,14.2965,993.589,-9999.0,19.12,42.46
201206281530,201206281600,-5.69142,0.0,429.6,26.319,32.16,3.50095,9.56842,6.55563,13.0453,905.073,-9999.0,19.2,45.16
201206281600,201206281630,-5.40694,0.0,514.8,25.159,31.98,3.47979,9.26059,6.51294,13.691,807.137,-9999.0,19.27,47.04
201206281630,201206281700,-5.77261,0.0,382.2,22.572,31.44,3.4187,9.56783,6.3753,12.8172,701.457,-9999.0,19.34,51.01
201206281700,201206281730,-3.98854,0.0,317.4,22.257,31.57,3.43203,7.79078,6.41396,12.1244,589.841,-9999.0,19.39,52.05
201206281730,201206281800,-1.65302,0.0,231.0,19.916,30.96,3.36341,5.39023,6.25777,10.8846,474.199,-9999.0,19.44,55.58
201206281800,201206281830,0.0809469,0.0,146.9,16.216,29.75,3.22929,3.53312,5.94695,8.9253,356.509,-9999.0,19.48,61.24
201206281830,201206281900,0.773657,0.0,75.1,13.172,28.47,3.08888,2.71091,5.62325,5.98819,238.786,-9999.0,19.52,66.1
201206281900,201206281930,1.57573,0.0,28.88,10.17,27.07,2.93716,1.76826,5.27586,2.8646,123.044,-9999.0,19.54,71.6
201206281930,201206282000,-9999.0,1.0,7.89,7.386,25.67,2.78745,-0.513589,4.93625,0.8764,19.8373,-9999.0,19.56,77.6
201206282000,201206282030,-9999.0,1.0,0.517,5.327,24.52,2.66592,-0.550081,4.6635,0.059847,0.0,-9999.0,19.57,82.7
201206282030,201206282100,-9999.0,1.0,0.33,4.202,23.51,2.56037,-0.946387,4.4286,0.038147,0.0,-9999.0,19.57,85.5
201206282100,201206282130,-9999.0,1.0,0.33,2.873,23.04,2.51125,-0.995609,4.32048,0.038051,0.0,-9999.0,19.56,89.8
201206282130,201206282200,-9999.0,1.0,0.33,2.446,22.45,2.45022,-0.468987,4.18607,0.037955,0.0,-9999.0,19.55,91.0
201206282200,201206282230,-9999.0,1.0,0.33,2.114,21.78,2.3816,-1.46501,4.03531,0.037859,0.0,-9999.0,19.54,91.9
201206282230,201206282300,-9999.0,1.0,0.33,1.402,21.4,2.34263,-1.50503,3.9501,0.037762,0.0,-9999.0,19.52,94.5
201206282300,201206282330,-9999.0,1.0,0.33,1.316,20.97,2.29888,-0.419728,3.8545,0.037666,0.0,-9999.0,19.49,94.7
201206282330,201206290000,-9999.0,1.0,0.33,1.033,20.82,2.28321,-0.437899,3.82029,0.03757,0.0,-9999.0,19.46,95.8
201206290000,201206290030,-9999.0,1.0,0.33,0.979,20.34,2.23491,-1.05096,3.71483,0.037474,0.0,-9999.0,19.43,95.9
201206290030,201206290100,-9999.0,1.0,0.33,0.56,19.96,2.19678,-0.729667,3.63442,0.037763,0.0,-9999.0,19.4,97.6
201206290100,201206290130,-9999.0,1.0,0.33,0.256,19.91,2.19117,-0.738295,3.62465,0.038052,0.0,-9999.0,19.36,98.9
201206290130,201206290200,-9999.0,1.0,0.33,0.137,19.6,2.16013,-0.770949,3.5599,0.038341,0.0,-9999.0,19.32,99.4
201206290200,201206290230,-9999.0,1.0,0.33,0.022,19.25,2.12537,-0.807151,3.48734,0.03863,0.0,-9999.0,19.28,99.9
201206290230,201206290300,-9999.0,1.0,0.33,0.0,18.77,2.07827,0.667506,3.38871,0.038919,0.0,-9999.0,19.25,100.0
201206290300,201206290330,-9999.0,1.0,0.33,4.132,18.35,2.03728,0.126539,3.30362,0.039209,0.0,-9999.0,19.2,80.4209
201206290330,201206290400,-9999.0,1.0,0.33,4.137,18.17,2.01943,0.10637,3.26791,0.039498,0.0,-9999.0,19.16,80.174
201206290400,201206290430,-9999.0,1.0,0.646,3.3,17.62,1.96657,0.467324,3.15842,0.07773,0.0,-9999.0,19.12,83.63
201206290430,201206290500,-9999.0,1.0,11.32,2.742,17.27,1.93297,1.0311,3.08997,1.28455,17.1968,-9999.0,19.08,86.094
201206290500,201206290530,-9999.0,1.0,53.88,2.798,17.37,1.94175,3.20796,3.1104,4.91077,118.406,-9999.0,19.03,85.8964
201206290530,201206290600,-9999.0,1.0,91.1,3.626,18.22,2.0216,4.0339,3.28113,7.09491,234.087,-9999.0,18.99,82.6789
201206290600,201206290630,-9999.0,1.0,212.6,4.522,19.35,2.12961,12.0015,3.51488,11.1825,351.816,-9999.0,18.94,79.8715
201206290630,201206290700,-9999.0,2.0,322.7,1.329,21.44,2.33464,11.9835,3.96709,13.1299,469.578,-9999.0,18.89,94.8
201206290700,201206290730,-12.7177,0.0,425.4,8.731,25.28,2.72621,15.7749,4.86342,14.2949,585.36,-9999.0,18.85,72.9
201206290730,201206290800,-12.8005,0.0,522.5,16.811,28.09,3.02251,16.114,5.57066,14.6872,697.179,-9999.0,18.82,55.77
201206290800,201206290830,-12.0479,0.0,613.8,22.521,29.44,3.16688,15.4819,5.92556,14.8813,803.122,-9999.0,18.78,45.2
201206290830,201206290900,-9999.0,1.0,692.9,24.853,30.14,3.2418,12.2029,6.11384,15.1021,901.378,-9999.0,18.76,41.91
201206290900,201206290930,-9999.0,1.0,763.0,26.208,30.77,3.30942,12.2894,6.2855,15.2898,990.263,-9999.0,18.75,40.91
201206290930,201206291000,-7.77261,0.0,824.0,27.732,31.56,3.39485,11.3869,6.5031,15.404,1068.26,-9999.0,18.75,40.22
201206291000,201206291030,-7.23261,0.0,870.0,29.666,32.11,3.45422,10.8921,6.65681,15.4331,1134.03,-9999.0,18.76,38.01
201206291030,201206291100,-9999.0,1.0,905.0,30.198,32.5,3.4961,10.3694,6.76714,15.5134,1186.45,-9999.0,18.78,38.27
201206291100,201206291130,-9999.0,1.0,927.0,29.283,32.13,3.4542,10.6748,6.66552,15.6488,1224.62,-9999.0,18.82,38.88
201206291130,201206291200,-7.41772,0.0,940.0,31.168,32.93,3.54133,11.1355,6.89109,15.5923,1247.9,-9999.0,18.86,37.81
201206291200,201206291230,-5.97948,0.0,933.0,31.018,33.02,3.55014,9.69967,6.9181,15.6173,1255.87,-9999.0,18.9,38.42
201206291230,201206291300,-7.13438,0.0,920.0,30.576,32.88,3.53353,10.8359,6.88025,15.6459,1248.41,-9999.0,18.96,38.82
201206291300,201206291330,-7.04345,0.0,895.0,29.852,32.7,3.51252,10.7226,6.83122,15.6619,1225.64,-9999.0,19.02,39.66
201206291330,201206291400,-6.82344,0.0,853.0,30.805,32.77,3.51911,10.5031,6.85251,15.538,1187.96,-9999.0,19.08,37.98
201206291400,201206291430,-11.9256,0.0,801.0,31.145,32.88,3.53011,15.6095,6.88511,15.4147,1136.0,-9999.0,19.15,37.68
201206291430,201206291500,-7.32536,0.0,744.0,31.598,33.02,3.54442,11.0162,6.92624,15.256,1070.65,-9999.0,19.22,37.27
201206291500,201206291530,-8.18438,0.0,671.7,31.823,33.07,3.5488,11.8739,6.94201,15.0328,993.047,-9999.0,19.3,37.0
201206291530,201206291600,-8.85442,0.0,590.2,31.758,33.0,3.53992,12.5317,6.92385,14.7358,904.5,-9999.0,19.37,36.88
201206291600,201206291630,-10.8469,0.0,503.6,31.19,32.67,3.50242,14.4883,6.83243,14.3466,806.531,-9999.0,19.44,36.85
201206291630,201206291700,-5.987,0.0,411.3,30.376,32.33,3.46391,9.59179,6.73866,13.7774,700.815,-9999.0,19.5,37.31
201206291700,201206291730,-7.17548,0.0,317.0,29.416,31.94,3.42002,10.7392,6.63144,12.9232,589.162,-9999.0,19.55,37.94
201206291730,201206291800,-5.33832,0.0,228.0,28.864,31.78,3.40141,8.88187,6.58855,11.6581,473.481,-9999.0,19.6,38.55
201206291800,201206291830,-3.57711,0.0,148.1,27.83,31.33,3.35118,7.07437,6.4657,9.81465,355.752,-9999.0,19.63,39.22
201206291830,201206291900,-1.62501,0.0,73.6,25.768,30.53,3.26315,5.0446,6.24831,6.73893,237.989,-9999.0,19.66,41.1
201206291900,201206291930,2.30692,0.0,25.97,21.165,28.91,3.08763,0.961554,5.81571,3.15496,122.208,-9999.0,19.68,46.9
201206291930,201206292000,-9999.0,1.0,7.91,16.358,26.83,2.86601,0.65298,5.27871,1.10052,19.3171,-9999.0,19.69,53.67
201206292000,201206292030,-9999.0,1.0,0.48,13.79,25.65,2.74179,0.073227,4.98441,0.071243,0.0,-9999.0,19.69,58.13
201206292030,201206292100,-9999.0,1.0,0.33,11.837,24.7,2.64272,0.184392,4.75302,0.049329,0.0,-9999.0,19.69,61.97
201206292100,201206292130,-9999.0,1.0,0.33,10.045,23.65,2.53453,0.250179,4.5028,0.049619,0.0,-9999.0,19.68,65.63
201206292130,201206292200,-9999.0,1.0,0.33,8.599,22.69,2.43673,0.146843,4.27944,0.049908,0.0,-9999.0,19.67,68.82
201206292200,201206292230,-9999.0,2.0,0.33,6.793,21.55,2.32226,-1.46451,4.02078,0.050197,0.0,-9999.0,19.64,73.6
201206292230,201206292300,-9999.0,2.0,0.33,5.711,20.69,2.23689,-0.748722,3.83084,0.050486,0.0,-9999.0,19.62,76.6
201206292300,201206292330,-9999.0,1.0,0.33,4.62,19.88,2.1574,-0.916287,3.65596,0.050775,0.0,-9999.0,19.59,80.1
201206292330,201206300000,-9999.0,1.0,0.33,4.358,19.77,2.14608,-0.92976,3.63325,0.051064,0.0,-9999.0,19.55,81.1
201206300000,201206300030,-9999.0,1.0,0.33,4.346,19.64,2.13285,-0.944918,3.60633,0.051354,0.0,-9999.0,19.51,81.0
201206300030,201206300100,-9999.0,1.0,0.33,3.721,18.84,2.05561,-0.264699,3.43854,0.051643,0.0,-9999.0,19.47,82.9
201206300100,201206300130,-9999.0,1.0,0.33,3.227,18.03,1.97843,-0.066405,3.27261,0.051932,0.0,-9999.0,19.42,84.4
201206300130,201206300200,-9999.0,1.0,0.33,2.613,17.7,1.94691,0.915599,3.20661,0.052221,0.0,-9999.0,19.37,87.1
201206300200,201206300230,-9999.0,1.0,0.33,2.319,17.35,1.91371,0.882379,3.13728,0.05251,0.0,-9999.0,19.32,88.3
201206300230,201206300300,-9999.0,1.0,0.33,2.002,17.35,1.91309,0.878753,3.13802,0.052799,0.0,-9999.0,19.27,89.9
201206300300,201206300330,-9999.0,1.0,0.33,1.886,17.55,1.93104,0.891944,3.17872,0.053089,0.0,-9999.0,19.22,90.6
201206300330,201206300400,-9999.0,1.0,0.33,1.801,17.16,1.89427,0.85557,3.10174,0.053378,0.0,-9999.0,19.16,90.8
201206300400,201206300430,-9999.0,1.0,0.723,1.416,16.59,1.84129,0.80439,2.9906,0.117175,0.0,-9999.0,19.11,92.5
201206300430,201206300500,-9999.0,1.0,12.93,1.314,16.49,1.83156,0.792556,2.97188,1.9037,16.6405,-9999.0,19.06,93.0
201206300500,201206300530,-9999.0,1.0,60.6,1.467,17.14,1.89057,7.12834,3.09996,6.53534,117.459,-9999.0,19.0,92.5
201206300530,201206300600,-9999.0,1.0,111.0,2.004,18.01,1.97077,10.9833,3.27543,9.3631,233.186,-9999.0,18.95,90.3
201206300600,201206300630,-9999.0,2.0,249.2,3.522,20.17,2.17556,12.2784,3.73063,13.1765,350.962,-9999.0,18.89,85.1
201206300630,201206300700,-9999.0,1.0,350.2,7.67,22.46,2.39956,13.1794,4.24429,14.5749,468.771,-9999.0,18.85,71.8
201206300700,201206300730,-13.8946,0.0,450.1,13.956,25.76,2.73359,16.7649,5.03752,15.3921,584.599,-9999.0,18.8,57.9
201206300730,201206300800,-10.333,0.0,546.9,17.361,27.43,2.90646,13.342,5.46233,15.9294,696.462,-9999.0,18.76,52.53
201206300800,201206300830,-9999.0,1.0,635.2,18.999,28.11,2.977,12.6564,5.64031,16.3172,802.448,-9999.0,18.73,50.07
201206300830,201206300900,-10.3683,0.0,708.0,21.671,29.27,3.09888,13.5251,5.94853,16.5416,900.742,-9999.0,18.7,46.75
201206300900,201206300930,-10.7422,0.0,768.0,25.043,30.74,3.25508,14.0199,6.34841,16.6695,989.663,-9999.0,18.69,43.44
201206300930,201206301000,-7.05423,0.0,828.0,27.93,31.84,3.37268,10.4206,6.65486,16.787,1067.69,-9999.0,18.68,40.74
201206301000,201206301030,-8.81048,0.0,878.0,31.3,32.86,3.48234,12.2584,6.94421,16.8549,1133.49,-9999.0,18.69,37.3
201206301030,201206301100,-10.726,0.0,906.0,29.173,32.66,3.45944,14.151,6.88902,16.9925,1185.93,-9999.0,18.72,40.9
201206301100,201206301130,-9999.0,1.0,927.0,26.119,32.22,3.41053,11.3581,6.76623,17.1309,1224.12,-9999.0,18.75,45.76
201206301130,201206301200,-9999.0,1.0,937.0,26.479,32.45,3.43436,11.3471,6.83273,17.1699,1247.4,-9999.0,18.8,45.72
201206301200,201206301230,-4.56327,0.0,938.0,28.809,33.2,3.51481,8.01665,7.04774,17.152,1255.38,-9999.0,18.85,43.38
201206301230,201206301300,-6.7658,0.0,918.0,28.899,33.3,3.52456,10.2217,7.07804,17.1399,1247.91,-9999.0,18.91,43.52
201206301300,201206301330,-7.15247,0.0,888.0,28.916,33.63,3.5594,10.6304,7.17456,17.1069,1225.13,-9999.0,18.98,44.52
201206301330,201206301400,-5.51033,0.0,846.0,26.285,32.98,3.48741,8.92741,6.98976,17.0883,1187.43,-9999.0,19.05,47.7
201206301400,201206301430,-6.12789,0.0,792.0,26.307,32.9,3.47757,9.53235,6.96856,16.9827,1135.46,-9999.0,19.13,47.42
201206301430,201206301500,-4.50661,0.0,730.0,26.222,32.58,3.44171,7.87826,6.87914,16.8389,1070.09,-9999.0,19.21,46.64
201206301500,201206301530,-5.30041,0.0,658.0,26.51,32.5,3.43191,8.65952,6.85805,16.628,992.448,-9999.0,19.29,45.81
201206301530,201206301600,-5.05231,0.0,580.1,27.428,32.69,3.45137,8.42157,6.9136,16.3371,903.866,-9999.0,19.38,44.53
201206301600,201206301630,-6.27616,0.0,495.6,27.116,32.22,3.39937,9.60021,6.782,15.9476,805.858,-9999.0,19.45,43.69
201206301630,201206301700,-4.35281,0.0,402.9,27.566,32.08,3.38313,7.65939,6.74408,15.3505,700.1,-9999.0,19.52,42.3
201206301700,201206301730,-3.86759,0.0,311.7,25.981,31.88,3.36045,7.15172,6.68936,14.5128,588.402,-9999.0,19.58,45.0
201206301730,201206301800,-2.0504,0.0,229.1,22.687,30.95,3.25946,5.25129,6.43158,13.3508,472.675,-9999.0,19.63,49.37
201206301800,201206301830,-1.78505,0.0,151.8,20.812,30.34,3.19323,4.92959,6.26514,11.5475,354.899,-9999.0,19.67,51.91
201206301830,201206301900,0.521361,0.0,81.4,17.887,29.2,3.07123,2.52301,5.95748,8.57427,237.09,-9999.0,19.71,55.87
201206301900,201206301930,-9999.0,1.0,29.55,13.579,27.62,2.90442,0.694547,5.54104,4.3466,121.262,-9999.0,19.73,63.28
201206301930,201206302000,-9999.0,1.0,7.04,9.923,25.95,2.73076,0.11776,5.11463,1.25394,18.7286,-9999.0,19.75,70.4
201206302000,201206302030,1.49048,0.0,0.532,7.328,24.38,2.5701,1.14109,4.72734,0.101235,0.0,-9999.0,19.75,76.0
201206302030,201206302100,-9999.0,1.0,0.33,5.127,22.95,2.42613,-0.448828,4.3865,0.063209,0.0,-9999.0,19.76,81.7
201206302100,201206302130,-9999.0,1.0,0.33,3.902,22.06,2.33749,0.115742,4.1806,0.063499,0.0,-9999.0,19.75,85.3
201206302130,201206302200,-9999.0,2.0,0.33,2.666,21.33,2.26543,-1.38687,4.0153,0.063788,0.0,-9999.0,19.74,89.5
201206302200,201206302230,-9999.0,1.0,0.33,2.284,20.62,2.19602,-1.04019,3.85752,0.064077,0.0,-9999.0,19.72,90.6
201206302230,201206302300,-9999.0,1.0,0.33,1.72,19.9,2.12638,-1.10185,3.70056,0.064366,0.0,-9999.0,19.7,92.6
201206302300,201206302330,-9999.0,1.0,0.33,1.524,19.31,2.06975,-1.15276,3.5744,0.064655,0.0,-9999.0,19.67,93.2
201206302330,201207010000,-9999.0,2.0,0.33,1.117,18.94,2.03425,-0.157195,3.49666,0.064944,0.0,-9999.0,19.63,94.9
201207010000,201207010030,-9999.0,1.0,0.33,0.925,18.65,2.00644,0.326734,3.43648,0.065234,0.0,-9999.0,19.59,95.7
201207010030,201207010100,-9999.0,1.0,0.33,0.599,18.56,1.99739,0.505495,3.41339,0.065005,0.0,-9999.0,19.55,97.2
201207010100,201207010130,-9999.0,1.0,0.33,0.64,18.01,1.9457,0.458592,3.29576,0.064777,0.0,-9999.0,19.5,96.9
201207010130,201207010200,-9999.0,1.0,0.33,0.407,17.76,1.92202,0.880993,3.24099,0.064548,0.0,-9999.0,19.46,98.0
201207010200,201207010230,-9999.0,1.0,0.33,0.474,17.31,1.88018,0.842335,3.14693,0.06432,0.0,-9999.0,19.4,97.6
201207010230,201207010300,-9999.0,1.0,0.33,0.535,16.77,1.83053,0.796964,3.03699,0.064092,0.0,-9999.0,19.36,97.2
201207010300,201207010330,-9999.0,1.0,0.33,0.43,16.43,1.7993,0.531242,2.96776,0.063863,0.0,-9999.0,19.3,97.7
201207010330,201207010400,-9999.0,1.0,0.33,0.315,16.27,1.78437,0.696139,2.93387,0.063635,0.0,-9999.0,19.25,98.3
201207010400,201207010430,-9999.0,1.0,0.625,0.276,16.2,1.77752,0.779332,2.91736,0.119739,0.0,-9999.0,19.2,98.5
201207010430,201207010500,-9999.0,1.0,8.57,0.292,16.07,1.76533,0.888393,2.88961,1.51737,14.127,-9999.0,19.14,98.4
201207010500,201207010530,-9999.0,1.0,41.52,0.335,16.38,1.79244,1.19441,2.94525,5.6359,112.603,-9999.0,19.09,98.2
201207010530,201207010600,-9999.0,1.0,95.7,0.788,17.25,1.87037,5.30551,3.10963,9.39564,228.28,-9999.0,19.03,96.0
201207010600,201207010630,-9999.0,1.0,190.0,1.464,18.21,1.95772,5.58385,3.29585,12.5977,346.074,-9999.0,18.98,93.0
201207010630,201207010700,-9999.0,2.0,294.9,3.655,20.34,2.15697,12.7997,3.7314,14.3579,463.968,-9999.0,18.93,84.7
201207010700,201207010730,-9999.0,1.0,400.0,9.178,24.19,2.53247,11.9894,4.58362,15.3716,579.947,-9999.0,18.88,69.6
201207010730,201207010800,-9999.0,1.0,504.7,15.124,27.1,2.8269,13.2672,5.27391,16.022,692.025,-9999.0,18.83,57.84
201207010800,201207010830,-9999.0,1.0,593.3,20.797,28.61,2.98232,11.6026,5.64156,16.4078,798.285,-9999.0,18.8,46.91
201207010830,201207010900,-12.0048,0.0,675.7,24.419,29.83,3.10904,14.9499,5.94231,16.6796,896.909,-9999.0,18.77,41.9
201207010900,201207010930,-6.11016,0.0,757.0,30.123,30.93,3.22413,9.1366,6.21615,16.8907,986.208,-9999.0,18.76,32.7
201207010930,201207011000,-7.34291,0.0,819.0,32.066,31.81,3.31656,10.4331,6.43491,17.0159,1064.66,-9999.0,18.75,31.85
201207011000,201207011030,-4.03489,0.0,866.0,34.252,32.97,3.43947,7.21046,6.73039,17.0901,1130.91,-9999.0,18.76,31.81
201207011030,201207011100,-6.00848,0.0,900.0,35.585,33.6,3.50601,9.22755,6.88533,17.1292,1183.84,-9999.0,18.78,31.61
201207011100,201207011130,-9999.0,1.0,918.0,35.491,33.91,3.53823,9.55965,6.95389,17.1336,1222.53,-9999.0,18.81,32.96
201207011130,201207011200,-9999.0,1.0,926.0,35.506,33.95,3.54137,9.67488,6.94928,17.118,1246.33,-9999.0,18.86,33.08
201207011200,201207011230,-3.35357,0.0,920.0,35.432,34.05,3.55097,6.58982,6.96074,17.0758,1254.82,-9999.0,18.91,33.59
201207011230,201207011300,-2.95672,0.0,904.0,35.86,34.35,3.58214,6.21026,7.02584,17.0139,1247.87,-9999.0,18.97,33.9
201207011300,201207011330,-2.16858,0.0,884.0,37.653,34.45,3.59174,5.42381,7.03689,16.9428,1225.59,-9999.0,19.04,30.98
201207011330,201207011400,-2.56462,0.0,842.0,40.282,34.83,3.63159,5.84318,7.12301,16.8217,1188.36,-9999.0,19.11,27.7
201207011400,201207011430,-3.6511,0.0,790.0,40.17,34.87,3.6347,6.92661,7.11748,16.6674,1136.82,-9999.0,19.19,28.06
201207011430,201207011500,-3.53443,0.0,726.0,40.075,35.17,3.66594,6.82692,7.18156,16.4632,1071.85,-9999.0,19.27,29.41
201207011500,201207011530,-3.7744,0.0,655.9,41.283,35.34,3.68312,7.07378,7.21049,16.2092,994.565,-9999.0,19.35,27.96
201207011530,201207011600,-4.95411,0.0,576.2,41.811,35.35,3.68297,8.24805,7.19641,15.8689,906.285,-9999.0,19.44,27.08
201207011600,201207011630,-5.5382,0.0,488.2,41.666,35.25,3.67092,8.81826,7.15305,15.4004,808.52,-9999.0,19.52,26.93
201207011630,201207011700,-3.63867,0.0,395.0,39.348,34.77,3.61786,6.8758,7.00965,14.7395,702.944,-9999.0,19.59,29.14
201207011700,201207011730,-3.09542,0.0,301.0,36.302,34.18,3.55312,6.28134,6.83929,13.7835,591.363,-9999.0,19.66,32.45
201207011730,201207011800,-3.48736,0.0,218.4,33.239,33.27,3.45438,6.59778,6.58908,12.5024,475.686,-9999.0,19.71,34.93
201207011800,201207011830,-1.24263,0.0,143.8,29.54,32.04,3.32221,4.25338,6.26301,10.643,357.892,-9999.0,19.76,38.03
201207011830,201207011900,1.65697,0.0,80.0,25.169,30.57,3.16592,1.23617,5.88586,7.90834,239.997,-9999.0,19.8,42.6
201207011900,201207011930,2.20895,0.0,35.0,20.216,28.75,2.97504,0.540468,5.4364,4.53606,124.019,-9999.0,19.83,48.81
201207011930,201207012000,-9999.0,1.0,7.36,14.959,26.74,2.7677,0.299734,4.95981,1.17916,20.2833,-9999.0,19.85,57.41
201207012000,201207012030,-9999.0,1.0,0.5,10.646,25.42,2.63336,-0.261781,4.6548,0.084862,0.0,-9999.0,19.86,67.23
201207012030,201207012100,-9999.0,1.0,0.33,8.16,24.27,2.51772,-0.352769,4.39579,0.055869,0.0,-9999.0,19.86,73.1
201207012100,201207012130,-9999.0,1.0,0.33,6.377,22.85,2.37722,-0.519093,4.08784,0.055641,0.0,-9999.0,19.86,77.1
201207012130,201207012200,-9999.0,2.0,0.33,5.212,21.76,2.27084,-1.11564,3.85757,0.055412,0.0,-9999.0,19.85,80.0
201207012200,201207012230,-9999.0,2.0,0.33,4.013,21.03,2.20021,-0.884497,3.70535,0.055184,0.0,-9999.0,19.83,83.9
201207012230,201207012300,-9999.0,1.0,0.33,3.339,20.2,2.1209,0.30367,3.5371,0.054955,0.0,-9999.0,19.81,85.9
201207012300,201207012330,-9999.0,1.0,0.33,2.735,19.45,2.04999,0.366669,3.38827,0.054727,0.0,-9999.0,19.78,87.9
201207012330,201207020000,-9999.0,1.0,0.33,2.473,19.07,2.01405,0.335204,3.31198,0.054499,0.0,-9999.0,19.74,88.8
201207020000,201207020030,-9999.0,1.0,0.33,1.994,18.43,1.95447,0.754202,3.18886,0.05427,0.0,-9999.0,19.7,90.6
201207020030,201207020100,-9999.0,1.0,0.33,1.736,18.02,1.9164,0.721003,3.10996,0.054042,0.0,-9999.0,19.66,91.6
201207020100,201207020130,-9999.0,1.0,0.33,1.723,17.52,1.87049,0.849826,3.01623,0.053813,0.0,-9999.0,19.61,91.4
201207020130,201207020200,-9999.0,1.0,0.33,1.541,17.1,1.83214,0.816334,2.93826,0.053585,0.0,-9999.0,19.56,92.1
201207020200,201207020230,-9999.0,1.0,0.33,1.632,17.42,1.86023,0.835426,2.99102,0.053357,0.0,-9999.0,19.51,91.8
201207020230,201207020300,-9999.0,1.0,0.33,1.684,17.16,1.83628,0.813392,2.94165,0.053128,0.0,-9999.0,19.46,91.4
201207020300,201207020330,-9999.0,1.0,0.33,1.405,16.67,1.79199,0.775277,2.85313,0.0529,0.0,-9999.0,19.4,92.6
201207020330,201207020400,-9999.0,1.0,0.33,1.313,16.26,1.75515,0.743017,2.7798,0.052671,0.0,-9999.0,19.35,92.9
201207020400,201207020430,-9999.0,1.0,0.697,1.086,16.19,1.7484,0.734656,2.7648,0.110404,0.0,-9999.0,19.29,94.1
201207020430,201207020500,-9999.0,1.0,9.99,0.84,15.72,1.70668,0.698518,2.68305,1.45572,13.5226,-9999.0,19.23,95.3
201207020500,201207020530,-9999.0,1.0,45.69,0.683,15.82,1.71482,0.987899,2.69671,5.13909,111.438,-9999.0,19.18,96.2
201207020530,201207020600,-9999.0,1.0,104.4,1.058,17.17,1.83347,5.12651,2.92188,8.55681,227.174,-9999.0,19.12,94.6
201207020600,201207020630,-9999.0,2.0,199.1,2.526,18.85,1.98504,8.51841,3.21345,11.3651,345.029,-9999.0,19.06,88.4
201207020630,201207020700,-9999.0,2.0,297.0,5.487,20.82,2.16783,11.8846,3.57036,12.8994,462.984,-9999.0,19.01,77.7
201207020700,201207020730,-2.73908,0.0,404.9,11.491,24.47,2.51975,5.05337,4.2755,13.9128,579.022,-9999.0,18.96,62.57
201207020730,201207020800,-8.47608,0.0,505.5,16.936,27.26,2.7981,10.9865,4.84385,14.5297,691.158,-9999.0,18.91,53.23
201207020800,201207020830,-8.00121,0.0,600.1,21.488,29.13,2.98826,10.6414,5.23421,14.9424,797.473,-9999.0,18.88,46.77
201207020830,201207020900,-7.62599,0.0,674.5,25.943,30.78,3.15817,10.3797,5.58418,15.1862,896.147,-9999.0,18.85,41.54
201207020900,201207020930,-9999.0,1.0,762.0,31.876,32.27,3.3131,12.0672,5.90364,15.4191,985.493,-9999.0,18.83,33.99
201207020930,201207021000,-9999.0,1.0,823.0,36.991,33.51,3.44287,8.81345,6.16984,15.5432,1063.98,-9999.0,18.83,28.55
201207021000,201207021030,-3.42298,0.0,871.0,41.768,34.82,3.58093,6.4491,6.45402,15.621,1130.27,-9999.0,18.83,24.99
201207021030,201207021100,-4.66818,0.0,908.0,44.0,35.48,3.6502,7.73521,6.58956,15.667,1183.22,-9999.0,18.86,23.81
201207021100,201207021130,-9999.0,1.0,925.0,43.701,35.83,3.68641,11.6209,6.65327,15.6698,1221.94,-9999.0,18.9,25.77
201207021130,201207021200,-9999.0,1.0,939.0,45.48,35.92,3.69481,11.1096,6.65672,15.6658,1245.75,-9999.0,18.95,23.13
201207021200,201207021230,-9999.0,1.0,936.0,47.387,36.31,3.73535,10.4556,6.72887,15.6293,1254.24,-9999.0,19.0,21.6
201207021230,201207021300,-9999.0,1.0,920.0,47.056,36.28,3.73087,11.8551,6.70431,15.5677,1247.29,-9999.0,19.07,22.02
201207021300,201207021330,-9.37392,0.0,880.0,47.323,36.29,3.73068,12.4669,6.68893,15.4553,1225.0,-9999.0,19.14,21.62
201207021330,201207021400,-10.1144,0.0,852.0,48.798,36.64,3.76694,13.2256,6.75078,15.3633,1187.75,-9999.0,19.22,20.71
201207021400,201207021430,-9.35431,0.0,798.0,47.773,36.37,3.73672,12.4402,6.67165,15.204,1136.18,-9999.0,19.3,21.22
201207021430,201207021500,-7.44571,0.0,733.0,47.896,36.51,3.75046,10.535,6.68542,14.9969,1071.18,-9999.0,19.38,21.62
201207021500,201207021530,-6.25212,0.0,661.8,46.792,36.21,3.71707,9.31408,6.60032,14.7394,993.854,-9999.0,19.47,22.16
201207021530,201207021600,-8.48628,0.0,578.7,45.388,35.77,3.6688,11.5112,6.48494,14.3857,905.528,-9999.0,19.56,22.65
201207021600,201207021630,-7.82683,0.0,489.6,44.084,35.33,3.62066,10.8148,6.37083,13.9113,807.713,-9999.0,19.64,23.03
201207021630,201207021700,-9999.0,2.0,395.8,42.931,35.02,3.58646,7.45214,6.28635,13.2493,702.083,-9999.0,19.71,23.75
201207021700,201207021730,-9999.0,2.0,302.6,41.395,34.55,3.53536,6.59941,6.16806,12.3167,590.444,-9999.0,19.78,24.54
201207021730,201207021800,-3.20541,0.0,217.4,40.134,34.12,3.48865,6.09094,6.05971,11.0319,474.707,-9999.0,19.84,25.07
201207021800,201207021830,-1.2957,0.0,142.5,36.989,33.05,3.37472,4.10113,5.81713,9.23954,356.853,-9999.0,19.89,26.69
201207021830,201207021900,-0.63167,0.0,81.4,32.996,31.51,3.21261,3.32477,5.48192,6.8272,238.898,-9999.0,19.92,28.67
201207021900,201207021930,2.15464,0.0,30.7,27.256,29.63,3.01729,0.40311,5.08684,3.40648,122.859,-9999.0,19.95,34.4
201207021930,201207022000,-9999.0,2.0,7.49,21.807,27.53,2.80265,-1.40455,4.66135,0.973489,19.5598,-9999.0,19.97,40.72
201207022000,201207022030,-9999.0,2.0,0.445,19.422,26.51,2.69936,-1.98135,4.45556,0.060806,0.0,-9999.0,19.98,43.95
201207022030,201207022100,-9999.0,1.0,0.33,17.181,25.38,2.58624,-0.44931,4.23376,0.044906,0.0,-9999.0,19.98,46.99
201207022100,201207022130,-9999.0,1.0,0.33,15.773,24.64,2.51261,-0.722508,4.08872,0.044677,0.0,-9999.0,19.98,49.14
201207022130,201207022200,-9999.0,1.0,0.33,13.791,23.66,2.41631,-0.727222,3.90313,0.044449,0.0,-9999.0,19.96,52.84
201207022200,201207022230,-9999.0,1.0,0.33,12.33,22.83,2.33551,-0.524196,3.74827,0.04422,0.0,-9999.0,19.95,55.67
201207022230,201207022300,-9999.0,1.0,0.329,11.953,22.52,2.30506,-0.750957,3.68718,0.043859,0.0,-9999.0,19.92,56.21
201207022300,201207022330,-9999.0,1.0,0.33,9.686,21.17,2.17649,-1.14954,3.4483,0.043764,0.0,-9999.0,19.89,61.47
201207022330,201207030000,-9999.0,2.0,0.33,8.686,20.31,2.09555,-1.48411,3.29821,0.043535,0.0,-9999.0,19.85,63.57
201207030000,201207030030,-9999.0,2.0,0.33,7.641,19.58,2.02754,-1.02787,3.1728,0.043307,0.0,-9999.0,19.81,66.47
201207030030,201207030100,-9999.0,2.0,0.33,6.737,19.01,1.97483,-1.02296,3.08346,0.043251,0.0,-9999.0,19.77,69.37
201207030100,201207030130,-9999.0,2.0,0.329,6.788,19.12,1.98415,-1.06987,3.10453,0.043064,0.0,-9999.0,19.72,69.35
201207030130,201207030200,-9999.0,2.0,0.33,6.588,18.97,1.96985,-0.847782,3.08349,0.043139,0.0,-9999.0,19.67,69.97
201207030200,201207030230,-9999.0,1.0,0.33,5.769,18.14,1.89435,-1.31685,2.95351,0.043083,0.0,-9999.0,19.61,72.3
201207030230,201207030300,-9999.0,1.0,0.33,6.397,18.11,1.89102,-0.882033,2.95184,0.043027,0.0,-9999.0,19.56,69.23
201207030300,201207030330,-9999.0,1.0,0.329,5.945,17.67,1.85115,-0.461272,2.88522,0.042841,0.0,-9999.0,19.5,70.6
201207030330,201207030400,-9999.0,1.0,0.315,6.254,17.84,1.86563,-0.906803,2.91513,0.040969,0.0,-9999.0,19.45,69.4
201207030400,201207030430,-9999.0,1.0,0.721,5.521,17.27,1.8145,0.64061,2.82837,0.093362,0.0,-9999.0,19.39,72.0
201207030430,201207030500,-9999.0,1.0,10.75,5.624,16.9,1.78138,0.613526,2.77362,1.29165,12.8619,-9999.0,19.33,70.8
201207030500,201207030530,-9999.0,1.0,49.53,6.388,17.47,1.83091,-0.941397,2.86574,4.6678,110.165,-9999.0,19.28,68.01
201207030530,201207030600,-12.4391,0.0,105.8,6.44,17.85,1.86397,14.1173,2.92894,7.59997,225.967,-9999.0,19.22,68.51
201207030600,201207030630,-11.1941,0.0,216.6,7.57,19.24,1.99027,12.957,3.15693,10.6074,343.889,-9999.0,19.16,66.07
201207030630,201207030700,-11.7689,0.0,326.1,11.333,22.19,2.26574,13.7173,3.66025,12.1539,461.912,-9999.0,19.11,57.64
201207030700,201207030730,-12.2374,0.0,445.4,21.066,26.72,2.70811,14.4756,4.48592,13.1755,578.017,-9999.0,19.06,39.95
201207030730,201207030800,-10.7479,0.0,542.7,25.937,28.86,2.92522,13.1207,4.89918,13.745,690.217,-9999.0,19.01,34.74
201207030800,201207030830,-10.4745,0.0,630.0,29.425,30.2,3.06399,12.9294,5.16625,14.1351,796.592,-9999.0,18.97,31.46
201207030830,201207030900,-9999.0,1.0,706.0,33.142,31.58,3.20843,9.45045,5.4461,14.4112,895.323,-9999.0,18.95,28.64
201207030900,201207030930,-9.07394,0.0,774.0,36.453,32.79,3.33657,11.6861,5.69614,14.6211,984.72,-9999.0,18.93,26.69
201207030930,201207031000,-12.0295,0.0,836.0,39.157,33.8,3.44473,14.7011,5.90862,14.7888,1063.25,-9999.0,18.92,25.58
201207031000,201207031030,-10.1149,0.0,880.0,42.549,35.03,3.57691,12.8599,6.16932,14.898,1129.58,-9999.0,18.93,24.47
201207031030,201207031100,-11.0211,0.0,915.0,43.706,35.38,3.6164,13.7825,6.24874,14.9802,1182.56,-9999.0,18.96,23.9
201207031100,201207031130,-9999.0,1.0,937.0,40.516,34.64,3.54024,9.3295,6.10087,15.0319,1221.3,-9999.0,18.99,26.51
201207031130,201207031200,-9999.0,1.0,946.0,40.474,34.69,3.54785,8.9838,6.11757,15.0563,1245.12,-9999.0,19.04,26.79
201207031200,201207031230,-7.11646,0.0,948.0,39.926,34.78,3.55972,9.82083,6.14263,15.0667,1253.63,-9999.0,19.1,28.14
201207031230,201207031300,-8.00526,0.0,933.0,33.187,33.1,3.38443,10.5963,5.80102,15.0427,1246.67,-9999.0,19.16,34.41
201207031300,201207031330,-8.78423,0.0,897.0,24.917,31.96,3.26702,11.2967,5.57397,14.9723,1224.36,-9999.0,19.23,47.49
201207031330,201207031400,-7.46446,0.0,855.0,20.573,31.26,3.19607,9.92666,5.43788,14.8817,1187.09,-9999.0,19.31,54.89
201207031400,201207031430,-7.29424,0.0,801.0,20.152,30.83,3.1534,9.72352,5.3568,14.7502,1135.49,-9999.0,19.39,54.72
201207031430,201207031500,-8.5228,0.0,512.6,21.391,30.85,3.15753,10.9478,5.36631,13.6336,1070.46,-9999.0,19.47,51.99
201207031500,201207031530,-6.87084,0.0,357.3,18.004,29.25,2.99403,9.1892,5.05244,12.4893,993.086,-9999.0,19.55,55.71
201207031530,201207031600,-9.1215,0.0,598.7,24.314,31.4,3.21901,11.57,5.48859,14.0688,904.709,-9999.0,19.63,47.11
201207031600,201207031630,-3.20225,0.0,488.7,25.08,31.63,3.24517,5.65961,5.54099,13.5032,806.838,-9999.0,19.69,46.15
201207031630,201207031700,-6.82591,0.0,397.0,24.842,31.26,3.20854,9.25438,5.47136,12.8515,701.147,-9999.0,19.76,45.53
201207031700,201207031730,-6.10516,0.0,308.8,24.192,30.92,3.17509,8.50672,5.40796,11.9692,589.445,-9999.0,19.8,45.92
201207031730,201207031800,-2.94415,0.0,217.4,21.365,30.16,3.09797,5.29268,5.26011,10.5903,473.642,-9999.0,19.85,50.12
201207031800,201207031830,-0.969753,0.0,139.9,19.776,28.88,2.96754,3.23309,5.01005,8.71005,355.72,-9999.0,19.88,50.3
201207031830,201207031900,-0.616976,0.0,72.5,17.155,27.72,2.85053,2.80303,4.78703,5.95292,237.697,-9999.0,19.91,53.88
201207031900,201207031930,0.922075,0.0,31.11,14.466,26.38,2.71639,1.17602,4.53258,3.17575,121.593,-9999.0,19.93,57.93
201207031930,201207032000,0.967881,0.0,8.66,13.044,25.17,2.59674,1.05083,4.30713,1.01797,18.7689,-9999.0,19.94,59.25
201207032000,201207032030,-9999.0,1.0,0.555,10.206,23.76,2.45878,-0.959448,4.0486,0.068958,0.0,-9999.0,19.94,65.31
201207032030,201207032100,-9999.0,1.0,0.33,7.629,22.49,2.33639,-1.15226,3.82096,0.041012,0.0,-9999.0,19.94,72.0
201207032100,201207032130,-9999.0,1.0,0.33,5.92,21.77,2.26841,-1.276,3.69563,0.040956,0.0,-9999.0,19.93,77.3
201207032130,201207032200,-9999.0,1.0,0.33,4.8,21.51,2.24492,-1.28926,3.65309,0.0409,0.0,-9999.0,19.91,81.3
201207032200,201207032230,-9999.0,2.0,0.33,4.333,21.11,2.20812,-0.839225,3.58595,0.040844,0.0,-9999.0,19.88,82.7
201207032230,201207032300,-9999.0,1.0,0.33,3.702,20.55,2.1563,-2.83882,3.49124,0.040788,0.0,-9999.0,19.86,84.7
201207032300,201207032330,-9999.0,1.0,0.33,3.059,20.1,2.11518,0.074199,3.41646,0.040733,0.0,-9999.0,19.82,87.0
201207032330,201207040000,-9999.0,1.0,0.33,2.677,19.37,2.04812,0.032203,3.29428,0.040677,0.0,-9999.0,19.78,88.1
201207040000,201207040030,-9999.0,1.0,0.33,2.243,18.54,1.9725,0.556206,3.15697,0.040621,0.0,-9999.0,19.75,89.5
201207040030,201207040100,-9999.0,1.0,0.33,1.725,18.11,1.93427,1.06928,3.08823,0.040565,0.0,-9999.0,19.7,91.7
201207040100,201207040130,-9999.0,1.0,0.33,1.481,17.72,1.8999,1.13626,3.02664,0.040509,0.0,-9999.0,19.66,92.7
201207040130,201207040200,-9999.0,1.0,0.33,1.162,17.25,1.85848,1.11012,2.95241,0.040453,0.0,-9999.0,19.61,94.1
201207040200,201207040230,-9999.0,1.0,0.33,1.005,16.95,1.83262,1.09424,2.90645,0.040397,0.0,-9999.0,19.56,94.8
201207040230,201207040300,-9999.0,1.0,0.33,0.869,16.26,1.77206,1.16705,2.79809,0.040341,0.0,-9999.0,19.51,95.3
201207040300,201207040330,-9999.0,1.0,0.33,0.603,16.08,1.7572,1.15837,2.77214,0.040285,0.0,-9999.0,19.46,96.7
201207040330,201207040400,-9999.0,1.0,0.33,0.439,16.08,1.75833,1.1605,2.77491,0.040229,0.0,-9999.0,19.41,97.6
201207040400,201207040430,-9999.0,1.0,0.608,0.481,15.69,1.72495,0.878822,2.71572,0.073872,0.0,-9999.0,19.35,97.3
201207040430,201207040500,-9999.0,2.0,8.86,0.495,15.02,1.66732,1.57912,2.61334,1.01672,12.1924,-9999.0,19.3,97.1
201207040500,201207040530,-9999.0,1.0,49.81,0.259,15.18,1.68235,0.356069,2.6409,4.50256,108.784,-9999.0,19.24,98.5
201207040530,201207040600,-9999.0,2.0,114.9,0.093,16.34,1.78601,6.78607,2.82775,7.77722,224.66,-9999.0,19.18,99.5
201207040600,201207040630,-9999.0,2.0,226.2,0.165,17.98,1.93594,6.76923,3.10048,10.7232,342.656,-9999.0,19.13,99.2
201207040630,201207040700,-9999.0,2.0,319.2,1.364,20.37,2.16128,11.8093,3.51565,12.1074,460.753,-9999.0,19.07,94.3
201207040700,201207040730,-7.98103,0.0,420.8,7.093,23.63,2.48071,9.9695,4.11435,13.1046,576.93,-9999.0,19.02,75.7
201207040730,201207040800,-12.6336,0.0,520.0,11.167,25.15,2.63494,14.7213,4.40808,13.7884,689.201,-9999.0,18.97,65.07
201207040800,201207040830,-9.43167,0.0,508.2,12.403,25.74,2.69656,11.56,4.52688,13.7214,795.643,-9999.0,18.94,62.54
201207040830,201207040900,-10.664,0.0,669.0,13.302,26.19,2.74427,12.824,4.61943,14.5107,894.436,-9999.0,18.91,60.88
201207040900,201207040930,-10.1603,0.0,781.0,15.284,27.07,2.83658,12.3797,4.79807,14.9031,983.889,-9999.0,18.89,57.32
201207040930,201207041000,-9.81329,0.0,838.0,17.85,27.96,2.93077,12.093,4.98126,15.0724,1062.47,-9999.0,18.88,52.68
201207041000,201207041030,-6.68665,0.0,872.0,20.991,29.01,3.04261,9.03713,5.19968,15.1675,1128.84,-9999.0,18.89,47.64
201207041030,201207041100,-6.38378,0.0,911.0,22.213,29.35,3.08037,8.75948,5.27463,15.269,1181.86,-9999.0,18.9,45.67
201207041100,201207041130,-9.13461,0.0,972.0,25.032,30.41,3.1947,11.5821,5.49962,15.4115,1220.62,-9999.0,18.92,42.39
201207041130,201207041200,-9.79487,0.0,965.0,25.963,31.09,3.26932,12.2898,5.64762,15.4031,1244.45,-9999.0,18.95,42.52
201207041200,201207041230,-9999.0,1.0,1010.0,28.905,32.11,3.38098,12.0293,5.86934,15.5025,1252.96,-9999.0,18.99,39.6
201207041230,201207041300,-7.13459,0.0,628.2,26.248,31.39,3.30563,9.65594,5.72211,14.377,1246.0,-9999.0,19.04,42.87
201207041300,201207041330,-6.70679,0.0,909.0,25.257,31.41,3.30987,9.23292,5.73195,15.2951,1223.68,-9999.0,19.09,45.09
201207041330,201207041400,-6.80583,0.0,831.0,26.282,31.63,3.33562,9.34978,5.78429,15.0995,1186.39,-9999.0,19.15,43.57
201207041400,201207041430,-13.1296,0.0,816.0,25.202,31.52,3.32588,15.6699,5.76655,15.0626,1134.76,-9999.0,19.22,45.55
201207041430,201207041500,-10.5965,0.0,736.0,23.628,31.05,3.27743,13.1096,5.67243,14.8161,1069.68,-9999.0,19.29,47.57
201207041500,201207041530,-8.49945,0.0,662.1,23.586,31.12,3.28701,11.0206,5.69281,14.5437,992.26,-9999.0,19.37,47.87
201207041530,201207041600,-5.95128,0.0,584.9,23.578,30.83,3.25792,8.45689,5.63691,14.1984,903.828,-9999.0,19.45,47.02
201207041600,201207041630,-8.68314,0.0,496.6,25.889,31.16,3.29546,11.2138,5.71241,13.6991,805.896,-9999.0,19.51,42.91
201207041630,201207041700,-7.74151,0.0,413.5,27.333,31.19,3.30076,10.2776,5.72436,13.0842,700.138,-9999.0,19.58,39.83
201207041700,201207041730,-5.41448,0.0,322.3,24.607,30.38,3.21574,7.90082,5.55815,12.158,588.366,-9999.0,19.64,43.27
201207041730,201207041800,-5.92768,0.0,232.6,23.555,29.72,3.14712,8.37398,5.42466,10.8158,472.49,-9999.0,19.68,43.6
201207041800,201207041830,-3.10927,0.0,150.1,22.172,29.45,3.12027,5.54111,5.37338,8.87706,354.494,-9999.0,19.72,46.08
201207041830,201207041900,1.05332,0.0,71.8,19.82,28.68,3.04033,1.33105,5.2182,5.72113,236.397,-9999.0,19.75,49.61
201207041900,201207041930,1.93736,0.0,23.06,14.951,26.62,2.82556,0.314399,4.80171,2.34313,120.219,-9999.0,19.77,57.13
201207041930,201207042000,2.19045,0.0,7.15,11.165,24.64,2.62284,-0.065938,4.41248,0.797484,17.958,-9999.0,19.78,64.0
201207042000,201207042030,-9999.0,1.0,0.504,8.318,23.0,2.45822,-0.736873,4.09951,0.058554,0.0,-9999.0,19.78,70.4
201207042030,201207042100,-9999.0,1.0,0.33,5.98,21.58,2.31829,-1.16487,3.83579,0.038326,0.0,-9999.0,19.78,76.8
201207042100,201207042130,-9999.0,1.0,0.33,4.39,20.95,2.25776,-2.79625,3.72287,0.03827,0.0,-9999.0,19.77,82.3
201207042130,201207042200,-9999.0,1.0,0.33,3.629,20.44,2.20934,-3.16851,3.633,0.038214,0.0,-9999.0,19.75,84.9
201207042200,201207042230,-9999.0,1.0,0.33,2.751,19.81,2.14963,-0.005891,3.52227,0.038158,0.0,-9999.0,19.73,88.1
201207042230,201207042300,-9999.0,1.0,0.33,2.084,19.14,2.08657,0.92489,3.40569,0.038102,0.0,-9999.0,19.7,90.6
201207042300,201207042330,-9999.0,1.0,0.33,1.756,18.58,2.0345,0.990334,3.3099,0.038046,0.0,-9999.0,19.66,91.8
201207042330,201207050000,-9999.0,1.0,0.33,1.332,17.88,1.96968,0.947489,3.19087,0.03799,0.0,-9999.0,19.63,93.5
201207050000,201207050030,-9999.0,1.0,0.33,0.896,17.42,1.92786,0.92015,3.1146,0.037934,0.0,-9999.0,19.58,95.5
201207050030,201207050100,-9999.0,1.0,0.33,0.702,17.55,1.9412,0.930773,3.14275,0.037862,0.0,-9999.0,19.54,96.5
201207050100,201207050130,-9999.0,1.0,0.33,0.764,16.76,1.869,0.882188,3.01531,0.037789,0.0,-9999.0,19.49,96.0
201207050130,201207050200,-9999.0,1.0,0.33,0.619,16.02,1.80227,0.836953,2.8999,0.037716,0.0,-9999.0,19.45,96.6
201207050200,201207050230,-9999.0,1.0,0.33,0.502,15.78,1.78155,0.823738,2.86817,0.037643,0.0,-9999.0,19.39,97.2
201207050230,201207050300,-9999.0,1.0,0.33,0.446,15.71,1.77631,0.82137,2.86427,0.03757,0.0,-9999.0,19.34,97.5
201207050300,201207050330,-9999.0,1.0,0.33,0.405,15.5,1.75838,0.810042,2.83824,0.037498,0.0,-9999.0,19.29,97.7
201207050330,201207050400,-9999.0,1.0,0.33,0.328,15.18,1.73061,0.44862,2.79546,0.037425,0.0,-9999.0,19.24,98.1
201207050400,201207050430,-9999.0,2.0,0.738,0.254,14.9,1.70655,1.66749,2.75977,0.083319,0.0,-9999.0,19.18,98.5
201207050430,201207050500,-9999.0,2.0,10.92,0.167,14.68,1.68795,1.41218,2.73401,1.15665,11.4717,-9999.0,19.12,99.0
201207050500,201207050530,-9999.0,2.0,54.91,0.099,14.51,1.67386,3.77859,2.71635,4.61199,107.296,-9999.0,19.07,99.4
201207050530,201207050600,-9999.0,2.0,106.5,0.068,14.94,1.71331,6.79939,2.78999,7.19796,223.251,-9999.0,19.01,99.6
201207050600,201207050630,-9999.0,2.0,231.4,0.036,15.91,1.80228,6.74468,2.94708,10.6303,341.328,-9999.0,18.96,99.8
201207050630,201207050700,-12.7344,0.0,340.8,0.684,18.56,2.0516,14.5157,3.37626,12.2222,459.506,-9999.0,18.9,96.8
201207050700,201207050730,-13.9068,0.0,445.2,7.85,22.61,2.45243,15.9606,4.06555,13.2001,575.763,-9999.0,18.84,71.4
201207050730,201207050800,-9.12145,0.0,537.8,13.519,24.99,2.69863,11.3389,4.48752,13.7827,688.111,-9999.0,18.79,57.31
201207050800,201207050830,-10.8806,0.0,629.4,16.444,26.31,2.83879,13.1908,4.7236,14.2101,794.626,-9999.0,18.75,51.98
201207050830,201207050900,-11.6618,0.0,708.0,18.706,27.22,2.93711,14.0371,4.88522,14.4909,893.486,-9999.0,18.72,48.22
201207050900,201207050930,-8.76729,0.0,774.0,21.294,28.19,3.04279,11.2122,5.05729,14.6671,983.001,-9999.0,18.7,44.3
201207050930,201207051000,-8.37777,0.0,830.0,23.065,29.15,3.14836,10.8917,5.22686,14.7905,1061.64,-9999.0,18.69,42.93
201207051000,201207051030,-9.01536,0.0,876.0,24.91,30.15,3.25922,11.6014,5.40295,14.8649,1128.05,-9999.0,18.69,41.81
201207051030,201207051100,-9999.0,1.0,911.0,27.83,31.02,3.3567,10.1468,5.554,14.8807,1181.1,-9999.0,18.71,38.14
201207051100,201207051130,-9999.0,1.0,936.0,27.259,31.02,3.35876,10.3058,5.54366,14.923,1219.89,-9999.0,18.73,39.41
201207051130,201207051200,-8.28364,0.0,916.0,23.489,30.8,3.33659,10.9247,5.49334,14.9184,1243.74,-9999.0,18.77,47.13
201207051200,201207051230,-6.41318,0.0,967.0,23.123,30.89,3.34855,9.06385,5.49953,15.0197,1252.26,-9999.0,18.82,48.22
201207051230,201207051300,-7.9482,0.0,906.0,23.908,31.19,3.38371,10.6231,5.54308,14.8397,1245.29,-9999.0,18.87,47.37
201207051300,201207051330,-9.21763,0.0,704.0,23.203,31.1,3.37584,11.8897,5.51649,14.2203,1222.96,-9999.0,18.93,48.66
201207051330,201207051400,-8.30134,0.0,821.0,22.382,30.82,3.34699,10.9575,5.45677,14.5991,1185.64,-9999.0,19.0,49.68
201207051400,201207051430,-7.79905,0.0,788.0,24.343,31.0,3.36892,10.4711,5.47811,14.4368,1133.97,-9999.0,19.07,45.83
201207051430,201207051500,-8.21238,0.0,612.6,25.028,30.72,3.34004,10.8684,5.41939,13.7376,1068.85,-9999.0,19.15,43.41
201207051500,201207051530,-7.37814,0.0,620.6,24.83,30.47,3.3145,10.0202,5.36672,13.7553,991.377,-9999.0,19.22,43.05
201207051530,201207051600,-7.77791,0.0,514.2,24.259,30.27,3.29447,10.4094,5.32332,13.1865,902.885,-9999.0,19.29,43.72
201207051600,201207051630,-5.53958,0.0,347.1,22.995,29.5,3.21185,8.12069,5.18537,11.8376,804.885,-9999.0,19.36,44.24
201207051630,201207051700,-6.48653,0.0,229.0,19.963,28.14,3.06546,8.9759,4.95397,10.2008,699.056,-9999.0,19.42,47.63
201207051700,201207051730,-3.74211,0.0,278.4,19.389,27.85,3.03588,6.2144,4.90085,10.9992,587.206,-9999.0,19.47,48.27
201207051730,201207051800,-4.41874,0.0,181.7,19.496,27.79,3.03124,6.89,4.88538,9.18538,471.251,-9999.0,19.51,47.8
201207051800,201207051830,-3.50085,0.0,192.1,21.127,28.3,3.08846,6.01103,4.96061,9.39169,353.175,-9999.0,19.54,45.09
201207051830,201207051900,1.27432,0.0,106.4,20.501,28.47,3.10887,1.25101,4.98098,6.86028,234.997,-9999.0,19.57,47.24
201207051900,201207051930,2.0227,0.0,35.76,16.503,26.57,2.90514,0.372398,4.67892,3.13109,118.739,-9999.0,19.58,52.54
201207051930,201207052000,3.32798,0.0,9.61,12.144,24.75,2.71323,-1.05741,4.39914,0.967575,17.0851,-9999.0,19.59,61.1
201207052000,201207052030,-9999.0,1.0,0.432,8.629,23.33,2.56623,-0.580491,4.18751,0.04582,0.0,-9999.0,19.6,69.9
201207052030,201207052100,-9999.0,1.0,0.33,6.558,22.13,2.44398,-0.68547,4.01401,0.03495,0.0,-9999.0,19.6,75.4
201207052100,201207052130,-9999.0,1.0,0.33,4.978,21.01,2.33152,-2.66942,3.85681,0.034877,0.0,-9999.0,19.59,80.0
201207052130,201207052200,-9999.0,1.0,0.33,4.207,20.26,2.25753,-0.667076,3.75514,0.034804,0.0,-9999.0,19.58,82.3
201207052200,201207052230,-9999.0,1.0,0.33,3.911,19.83,2.216,0.113367,3.69954,0.034732,0.0,-9999.0,19.56,83.1
201207052230,201207052300,-9999.0,1.0,0.33,3.11,19.17,2.15198,1.04203,3.61419,0.034659,0.0,-9999.0,19.53,86.0
201207052300,201207052330,-9999.0,1.0,0.33,2.849,18.71,2.10807,1.11201,3.55735,0.034586,0.0,-9999.0,19.5,86.8
201207052330,201207060000,-9999.0,1.0,0.33,2.526,18.44,2.08295,1.09578,3.52663,0.034513,0.0,-9999.0,19.47,88.1
201207060000,201207060030,-9999.0,1.0,0.33,2.247,17.83,2.02495,1.05616,3.45251,0.03444,0.0,-9999.0,19.43,89.0
201207060030,201207060100,-9999.0,1.0,0.33,2.272,17.58,2.00204,1.04128,3.42606,0.034368,0.0,-9999.0,19.39,88.7
201207060100,201207060130,-9999.0,1.0,0.329,2.132,17.44,1.98978,0.783832,3.41409,0.034191,0.0,-9999.0,19.35,89.3
201207060130,201207060200,-9999.0,1.0,0.33,1.749,17.4,1.98713,1.03343,3.41498,0.034222,0.0,-9999.0,19.31,91.2
201207060200,201207060230,-9999.0,1.0,0.328,1.444,17.32,1.98064,1.03018,3.41095,0.033943,0.0,-9999.0,19.26,92.7
201207060230,201207060300,-9999.0,1.0,0.329,1.36,17.27,1.97703,1.02898,3.41079,0.033973,0.0,-9999.0,19.21,93.1
201207060300,201207060330,-9999.0,1.0,0.329,1.233,16.91,1.94372,1.00644,3.37269,0.033901,0.0,-9999.0,19.17,93.6
201207060330,201207060400,-9999.0,1.0,0.328,1.129,16.53,1.90869,0.982539,3.33298,0.033726,0.0,-9999.0,19.12,94.0
201207060400,201207060430,-9999.0,1.0,0.442,0.931,16.05,1.86444,0.951796,3.28216,0.045319,0.0,-9999.0,19.07,94.9
201207060430,201207060500,-9999.0,1.0,6.505,0.653,15.96,1.85708,0.947761,3.2786,0.642682,9.16546,-9999.0,19.03,96.4
201207060500,201207060530,-9999.0,1.0,36.05,0.701,16.22,1.88273,0.96773,3.31646,3.0457,101.894,-9999.0,18.98,96.2
201207060530,201207060600,-9999.0,2.0,112.0,0.82,16.75,1.93426,7.02127,3.38576,6.91059,217.83,-9999.0,18.93,95.7
201207060600,201207060630,-9999.0,2.0,154.0,1.635,18.24,2.07969,10.6209,3.56787,8.26388,335.955,-9999.0,18.88,92.2
201207060630,201207060700,-9999.0,1.0,300.0,3.585,20.24,2.28014,13.8079,3.81033,11.1047,454.25,-9999.0,18.84,84.9
201207060700,201207060730,-9999.0,1.0,425.0,9.59,23.99,2.67023,11.5647,4.26342,12.427,570.69,-9999.0,18.8,67.85
201207060730,201207060800,-9999.0,1.0,513.8,12.732,25.68,2.85276,12.1695,4.46628,12.9542,683.282,-9999.0,18.76,61.41
201207060800,201207060830,-6.16594,0.0,604.9,16.271,26.92,2.98928,8.66583,4.61219,13.2858,790.101,-9999.0,18.73,54.16
201207060830,201207060900,-13.7241,0.0,683.5,20.488,28.06,3.11644,16.3099,4.74358,13.409,889.318,-9999.0,18.71,46.0
201207060900,201207060930,-11.8343,0.0,787.0,22.742,29.07,3.23046,14.4969,4.85696,13.6277,979.236,-9999.0,18.7,43.47
201207060930,201207061000,-9999.0,1.0,715.0,24.936,30.12,3.35002,11.9724,4.97253,13.2663,1058.32,-9999.0,18.7,41.65
201207061000,201207061030,-9999.0,1.0,856.0,28.133,31.33,3.48876,10.4442,5.10393,13.4923,1125.21,-9999.0,18.71,38.56
201207061030,201207061100,-9999.0,1.0,798.0,29.497,31.81,3.54544,10.5856,5.1482,13.2436,1178.76,-9999.0,18.73,37.31
201207061100,201207061130,-9999.0,2.0,1003.0,31.677,32.55,3.6321,7.38249,5.22054,13.5606,1218.06,-9999.0,18.76,35.43
201207061130,201207061200,-9999.0,1.0,689.8,28.672,31.87,3.55651,10.3321,5.1319,12.8954,1242.44,-9999.0,18.8,39.27
201207061200,201207061230,-9.88857,0.0,939.0,28.571,31.64,3.5324,12.7596,5.09493,13.5508,1251.48,-9999.0,18.85,38.69
201207061230,201207061300,-12.3604,0.0,925.0,28.434,31.63,3.53336,15.2342,5.08259,13.5018,1245.02,-9999.0,18.91,38.95
201207061300,201207061330,-10.4509,0.0,899.0,28.579,31.53,3.52406,13.3208,5.06062,13.4093,1223.18,-9999.0,18.97,38.29
201207061330,201207061400,-9.95063,0.0,858.0,26.368,30.8,3.44306,12.7702,4.97223,13.4133,1186.32,-9999.0,19.04,40.65
201207061400,201207061430,-10.1645,0.0,805.0,27.95,31.4,3.51341,13.0318,5.02486,13.1596,1135.08,-9999.0,19.11,39.2
201207061430,201207061500,-9.82832,0.0,746.0,26.544,30.97,3.46649,12.6673,4.9697,13.0421,1070.34,-9999.0,19.19,40.83
201207061500,201207061530,-9.04119,0.0,676.6,27.079,31.22,3.49704,11.9022,4.9848,12.7542,993.207,-9999.0,19.27,40.49
201207061530,201207061600,-6.16374,0.0,594.8,26.826,31.12,3.48771,9.02077,4.96416,12.4144,904.993,-9999.0,19.35,40.71
201207061600,201207061630,-8.59467,0.0,506.1,26.798,31.01,3.47722,11.447,4.94283,11.9444,807.212,-9999.0,19.42,40.4
201207061630,201207061700,-7.13781,0.0,413.8,25.993,30.91,3.46788,9.98617,4.92279,11.3466,701.537,-9999.0,19.48,41.86
201207061700,201207061730,-7.22237,0.0,318.5,24.065,30.45,3.41753,10.04,4.86856,10.5188,589.775,-9999.0,19.54,44.74
201207061730,201207061800,-3.64134,0.0,226.5,23.38,30.05,3.37409,6.43257,4.82127,9.24455,473.84,-9999.0,19.58,45.07
201207061800,201207061830,-2.82136,0.0,144.4,21.264,29.23,3.28327,5.55486,4.73588,7.48505,355.714,-9999.0,19.62,47.63
201207061830,201207061900,-0.496532,0.0,71.6,18.591,28.3,3.18059,3.16399,4.64241,4.85551,237.419,-9999.0,19.66,51.68
201207061900,201207061930,2.32979,0.0,26.19,13.491,26.49,2.98109,0.205986,4.47064,2.19113,120.98,-9999.0,19.68,61.02
201207061930,201207062000,4.74226,0.0,6.782,9.079,24.74,2.79128,-2.3336,4.30777,0.626937,18.2497,-9999.0,19.69,70.9
201207062000,201207062030,-9999.0,1.0,0.465,6.268,23.38,2.64638,-0.419841,4.18328,0.044393,0.0,-9999.0,19.7,78.2
201207062030,201207062100,-9999.0,1.0,0.33,4.551,22.2,2.52256,-0.537966,4.07738,0.031456,0.0,-9999.0,19.71,83.0
201207062100,201207062130,-9999.0,1.0,0.33,3.768,21.16,2.415,-1.1553,3.98597,0.031383,0.0,-9999.0,19.7,85.0
201207062130,201207062200,-9999.0,1.0,0.33,2.828,20.67,2.36553,-1.01455,3.94498,0.03131,0.0,-9999.0,19.69,88.4
201207062200,201207062230,-9999.0,1.0,0.33,2.236,20.27,2.32561,0.034011,3.91277,0.031238,0.0,-9999.0,19.67,90.6
201207062230,201207062300,-9999.0,1.0,0.33,1.763,19.87,2.28588,0.43967,3.8813,0.031165,0.0,-9999.0,19.65,92.4
201207062300,201207062330,-9999.0,1.0,0.33,1.249,19.52,2.25143,1.05833,3.85484,0.031092,0.0,-9999.0,19.62,94.5
201207062330,201207070000,-9999.0,1.0,0.33,1.173,19.11,2.21103,1.03069,3.82389,0.031019,0.0,-9999.0,19.59,94.7
201207070000,201207070030,-9999.0,1.0,0.33,1.203,18.63,2.16379,1.08698,3.7877,0.030946,0.0,-9999.0,19.56,94.4
201207070030,201207070100,-9999.0,1.0,0.33,1.162,18.37,2.1389,1.0703,3.75589,0.031034,0.0,-9999.0,19.52,94.5
201207070100,201207070130,-9999.0,1.0,0.33,0.753,18.21,2.1241,1.06093,3.73237,0.031121,0.0,-9999.0,19.48,96.4
201207070130,201207070200,-9999.0,1.0,0.33,0.693,18.27,2.13137,1.06764,3.72768,0.031209,0.0,-9999.0,19.44,96.7
201207070200,201207070230,-9999.0,1.0,0.33,0.75,17.7,2.07564,0.915307,3.66825,0.031297,0.0,-9999.0,19.4,96.3
201207070230,201207070300,-9999.0,1.0,0.33,0.659,17.48,2.05499,0.901498,3.63886,0.031384,0.0,-9999.0,19.36,96.7
201207070300,201207070330,-9999.0,1.0,0.33,0.559,17.48,2.0562,0.903751,3.62865,0.031472,0.0,-9999.0,19.32,97.2
201207070330,201207070400,-9999.0,1.0,0.33,0.599,18.01,2.11027,1.05781,3.66537,0.031559,0.0,-9999.0,19.27,97.1
201207070400,201207070430,-9999.0,1.0,0.4,0.61,18.3,2.14064,1.08146,3.68117,0.038344,0.0,-9999.0,19.23,97.1
201207070430,201207070500,-9999.0,1.0,4.838,1.272,18.16,2.12779,1.07346,3.65885,0.453557,8.45914,-9999.0,19.19,93.9
201207070500,201207070530,-9999.0,1.0,19.08,1.706,18.32,2.14515,1.08758,3.66332,1.66121,100.191,-9999.0,19.15,91.9
201207070530,201207070600,-9999.0,1.0,49.62,1.453,19.03,2.21845,1.47149,3.71745,3.73828,216.219,-9999.0,19.11,93.4
201207070600,201207070630,-9999.0,1.0,95.5,1.552,20.09,2.32883,3.2674,3.80359,5.97939,334.438,-9999.0,19.07,93.4
201207070630,201207070700,-9999.0,1.0,259.2,2.475,21.58,2.4864,10.1281,3.9291,10.1087,452.827,-9999.0,19.04,90.4
201207070700,201207070730,-11.7357,0.0,393.0,6.538,24.08,2.75686,14.1606,4.14595,11.7152,569.359,-9999.0,19.0,78.2
201207070730,201207070800,-9.02775,0.0,427.0,8.477,25.48,2.91257,11.5624,4.26509,12.0089,682.04,-9999.0,18.98,74.0
201207070800,201207070830,-9.87328,0.0,429.0,9.178,25.51,2.9176,12.4132,4.26214,12.0249,788.944,-9999.0,18.96,71.9
201207070830,201207070900,-10.3462,0.0,499.9,10.798,26.15,2.99059,12.9381,4.31455,12.4795,888.239,-9999.0,18.95,68.17
201207070900,201207070930,-6.58053,0.0,618.0,12.493,26.65,3.04837,9.21395,4.35493,12.9875,978.229,-9999.0,18.94,64.24
201207070930,201207071000,-9.50548,0.0,730.0,16.13,27.92,3.19372,12.2399,4.46631,13.1291,1057.37,-9999.0,18.95,57.14
201207071000,201207071030,-7.54196,0.0,691.5,19.104,29.04,3.32358,10.3661,4.56517,12.7543,1124.31,-9999.0,18.96,52.43
201207071030,201207071100,-5.80998,0.0,769.0,20.058,29.35,3.36116,8.66145,4.59063,12.9147,1177.91,-9999.0,18.97,50.94
201207071100,201207071130,-6.71283,0.0,741.0,20.976,29.78,3.41274,9.60096,4.62767,12.7488,1217.24,-9999.0,19.0,49.95
201207071130,201207071200,-7.91005,0.0,726.0,20.563,30.13,3.45526,10.8287,4.65782,12.727,1241.64,-9999.0,19.03,51.91
201207071200,201207071230,-8.10158,0.0,435.9,19.134,29.74,3.41207,10.9933,4.61873,11.4686,1250.69,-9999.0,19.07,54.24
201207071230,201207071300,-6.80029,0.0,822.0,18.965,29.56,3.39322,9.68132,4.59899,13.1133,1244.22,-9999.0,19.12,54.17
201207071300,201207071330,-6.89664,0.0,906.0,22.476,30.46,3.49964,9.85113,4.68246,12.9962,1222.36,-9999.0,19.17,48.42
201207071330,201207071400,-6.78917,0.0,863.0,23.267,30.09,3.45862,9.71819,4.6447,12.8244,1185.48,-9999.0,19.22,45.46
201207071400,201207071430,-6.17017,0.0,810.0,20.278,29.49,3.39101,9.0557,4.58392,12.9421,1134.2,-9999.0,19.28,50.8
201207071430,201207071500,-6.91139,0.0,747.0,19.328,29.1,3.34787,9.76975,4.54281,12.8398,1069.41,-9999.0,19.35,52.04
201207071500,201207071530,-9.22332,0.0,673.9,21.39,29.81,3.43206,12.1405,4.60997,12.4294,992.211,-9999.0,19.42,49.05
201207071530,201207071600,-6.27559,0.0,594.9,20.971,29.69,3.42009,9.18675,4.59545,12.157,903.928,-9999.0,19.49,49.7
201207071600,201207071630,-5.54768,0.0,506.9,21.567,30.04,3.46279,8.48963,4.62794,11.6926,806.069,-9999.0,19.55,49.3
201207071630,201207071700,-4.02407,0.0,399.5,18.956,29.43,3.39384,6.92147,4.56384,11.1808,700.31,-9999.0,19.61,53.85
201207071700,201207071730,-3.1753,0.0,340.0,18.078,29.61,3.41671,6.09017,4.57934,10.716,588.459,-9999.0,19.65,56.44
201207071730,201207071800,-2.7852,0.0,229.2,17.403,29.11,3.36063,5.66404,4.52527,9.35306,472.432,-9999.0,19.7,56.84
201207071800,201207071830,-3.30362,0.0,145.9,14.838,28.24,3.26205,6.11721,4.43212,7.70409,354.212,-9999.0,19.73,61.3
201207071830,201207071900,2.46663,0.0,66.39,12.718,27.32,3.15836,0.277693,4.33246,4.80785,235.824,-9999.0,19.76,65.0
201207071900,201207071930,0.929105,0.0,27.16,8.882,25.63,2.96844,1.68218,4.15072,2.40651,119.292,-9999.0,19.78,73.0
201207071930,201207072000,3.1452,0.0,6.543,7.192,24.49,2.84253,-0.62344,4.02491,0.654996,17.2533,-9999.0,19.79,76.6
201207072000,201207072030,-9999.0,1.0,0.504,6.318,23.36,2.71913,-0.28775,3.89888,0.052552,0.0,-9999.0,19.8,78.0
201207072030,201207072100,-9999.0,1.0,0.33,4.777,22.15,2.58855,-0.414751,3.76323,0.034536,0.0,-9999.0,19.8,82.1
201207072100,201207072130,-9999.0,1.0,0.33,3.928,21.3,2.49833,-0.715421,3.66487,0.034623,0.0,-9999.0,19.79,84.5
201207072130,201207072200,-9999.0,1.0,0.33,3.348,20.83,2.44947,-0.700671,3.60637,0.034711,0.0,-9999.0,19.78,86.4
201207072200,201207072230,-9999.0,1.0,0.33,2.615,20.26,2.39027,-0.06475,3.53672,0.034798,0.0,-9999.0,19.76,89.0
201207072230,201207072300,-9999.0,1.0,0.33,2.156,19.86,2.34938,-0.063142,3.48487,0.034886,0.0,-9999.0,19.74,90.7
201207072300,201207072330,-9999.0,1.0,0.33,1.923,19.46,2.30868,0.481234,3.43267,0.034973,0.0,-9999.0,19.71,91.5
201207072330,201207080000,-9999.0,1.0,0.33,1.61,18.84,2.24529,1.05724,3.35638,0.035061,0.0,-9999.0,19.67,92.6
201207080000,201207080030,-9999.0,1.0,0.33,1.398,18.65,2.22496,1.06012,3.32623,0.035149,0.0,-9999.0,19.64,93.5
201207080030,201207080100,-9999.0,1.0,0.33,0.762,18.39,2.19747,1.04433,3.28831,0.035236,0.0,-9999.0,19.6,96.4
201207080100,201207080130,-9999.0,1.0,0.33,0.66,18.48,2.20613,1.05106,3.28836,0.035324,0.0,-9999.0,19.56,96.9
201207080130,201207080200,-9999.0,1.0,0.33,0.689,18.19,2.17565,1.02884,3.24685,0.035411,0.0,-9999.0,19.52,96.7
201207080200,201207080230,-9999.0,1.0,0.33,0.51,17.82,2.13716,0.994432,3.19634,0.035499,0.0,-9999.0,19.48,97.5
201207080230,201207080300,2.35466,0.0,0.33,0.404,17.64,2.11822,-0.3638,3.16648,0.035586,0.0,-9999.0,19.44,98.0
201207080300,201207080330,0.32663,0.0,0.33,0.326,17.8,2.13391,1.67624,3.17403,0.035674,0.0,-9999.0,19.39,98.4
201207080330,201207080400,0.58583,0.0,0.33,0.343,17.65,2.11803,1.40553,3.14732,0.035761,0.0,-9999.0,19.35,98.3
201207080400,201207080430,0.15832,0.0,0.477,0.266,17.84,2.13677,1.84732,3.15837,0.051766,0.0,-9999.0,19.3,98.7
201207080430,201207080500,-9999.0,1.0,6.458,0.203,17.76,2.12802,1.05786,3.13937,0.674915,7.74307,-9999.0,19.26,99.0
201207080500,201207080530,-9999.0,1.0,36.85,0.163,17.82,2.13352,1.3245,3.13604,3.2176,98.3823,-9999.0,19.22,99.2
201207080530,201207080600,-9999.0,1.0,123.1,0.149,18.44,2.19638,4.63398,3.19622,7.32593,214.508,-9999.0,19.18,99.3
201207080600,201207080630,-9999.0,1.0,222.3,1.058,20.09,2.36762,6.06257,3.37597,9.69181,332.827,-9999.0,19.14,95.5
201207080630,201207080700,-9999.0,1.0,327.1,3.867,22.25,2.598,11.5899,3.61998,11.1208,451.316,-9999.0,19.1,85.6
201207080700,201207080730,-9.5668,0.0,430.1,9.847,25.65,2.97337,12.1756,4.0198,12.0197,567.947,-9999.0,19.06,70.1
201207080730,201207080800,-9.3727,0.0,529.1,12.84,26.95,3.11986,12.0834,4.17298,12.3668,680.724,-9999.0,19.03,63.89
201207080800,201207080830,-9.39367,0.0,619.6,13.863,27.41,3.17153,12.1403,4.22506,12.6646,787.718,-9999.0,19.01,62.05
201207080830,201207080900,-5.93181,0.0,705.0,15.571,28.01,3.23947,8.72544,4.29535,12.7828,887.098,-9999.0,18.99,58.84
201207080900,201207080930,-5.15043,0.0,778.0,18.114,28.95,3.34708,8.01785,4.40943,12.7193,977.163,-9999.0,18.99,54.66
201207080930,201207081000,-4.19236,0.0,841.0,20.156,29.58,3.4193,7.10921,4.48603,12.6449,1056.37,-9999.0,18.99,51.35
201207081000,201207081030,-6.19066,0.0,888.0,23.241,30.41,3.51524,9.17269,4.58939,12.4109,1123.37,-9999.0,19.0,46.51
201207081030,201207081100,-6.11824,0.0,931.0,27.157,31.47,3.63881,9.18358,4.7241,12.0754,1177.01,-9999.0,19.03,41.16
201207081100,201207081130,-6.35018,0.0,921.0,25.721,31.41,3.6307,9.4106,4.71502,12.1912,1216.38,-9999.0,19.06,44.08
201207081130,201207081200,-10.5696,0.0,971.0,22.632,31.29,3.61553,13.6204,4.69799,12.5754,1240.8,-9999.0,19.1,50.46
201207081200,201207081230,-8.11481,0.0,958.0,22.211,31.12,3.5945,11.152,4.67421,12.588,1249.85,-9999.0,19.16,50.91
201207081230,201207081300,-8.41499,0.0,942.0,23.664,31.32,3.617,11.4677,4.69913,12.3986,1243.38,-9999.0,19.21,48.29
201207081300,201207081330,-8.01205,0.0,915.0,24.939,31.57,3.6454,11.0843,4.73105,12.2115,1221.5,-9999.0,19.27,46.27
201207081330,201207081400,-7.3198,0.0,876.0,24.934,31.38,3.62199,10.3769,4.70438,12.1352,1184.59,-9999.0,19.34,45.7
201207081400,201207081430,-9999.0,1.0,825.0,26.044,31.68,3.65628,10.2767,4.74351,11.9194,1133.27,-9999.0,19.41,44.24
201207081430,201207081500,-9999.0,1.0,760.0,27.282,31.93,3.68472,9.85281,4.77636,11.6565,1068.42,-9999.0,19.5,42.41
201207081500,201207081530,-9999.0,1.0,688.8,27.55,31.99,3.69075,10.7141,4.78365,11.4578,991.158,-9999.0,19.58,42.04
201207081530,201207081600,-5.38962,0.0,605.7,28.778,32.25,3.7204,8.51438,4.81858,11.1082,902.799,-9999.0,19.66,40.34
201207081600,201207081630,-6.06485,0.0,519.2,30.453,32.56,3.756,9.21381,4.86089,10.6624,804.858,-9999.0,19.73,37.96
201207081630,201207081700,-4.70743,0.0,425.6,31.233,32.72,3.77387,7.86878,4.88282,10.1848,699.009,-9999.0,19.8,36.94
201207081700,201207081730,-3.31338,0.0,331.9,30.926,32.66,3.76569,6.4698,4.87412,9.63196,587.064,-9999.0,19.86,37.35
201207081730,201207081800,-3.73258,0.0,237.2,29.215,31.85,3.66899,6.82506,4.75964,8.84815,470.938,-9999.0,19.91,38.05
201207081800,201207081830,-0.925822,0.0,149.7,25.875,31.0,3.56815,3.95121,4.6387,7.58677,352.619,-9999.0,19.95,42.42
201207081830,201207081900,1.0349,0.0,69.38,20.071,29.89,3.43773,1.90295,4.48037,5.15499,234.13,-9999.0,19.98,52.41
201207081900,201207081930,1.45376,0.0,21.01,13.123,27.44,3.15509,1.29133,4.13408,2.1143,117.499,-9999.0,20.01,64.14
201207081930,201207082000,-9999.0,1.0,6.736,8.344,25.41,2.92542,0.084596,3.84819,0.751307,16.2291,-9999.0,20.03,74.3
201207082000,201207082030,-9999.0,1.0,0.536,5.4,23.72,2.73772,-0.684341,3.61073,0.062681,0.0,-9999.0,20.04,81.6
201207082030,201207082100,-9999.0,1.0,0.33,3.387,22.4,2.59348,-0.697556,3.42478,0.038738,0.0,-9999.0,20.04,87.5
201207082100,201207082130,-9999.0,1.0,0.33,2.55,21.57,2.50374,-0.655456,3.30536,0.038825,0.0,-9999.0,20.04,90.1
201207082130,201207082200,-9999.0,1.0,0.33,2.049,21.07,2.44988,-0.380991,3.23015,0.038913,0.0,-9999.0,20.03,91.8
201207082200,201207082230,-9999.0,1.0,0.33,1.448,20.51,2.3901,-0.303796,3.14678,0.039001,0.0,-9999.0,20.01,94.0
201207082230,201207082300,-9999.0,1.0,0.33,1.053,20.0,2.33602,0.260012,3.07,0.039088,0.0,-9999.0,19.99,95.5
201207082300,201207082330,-9999.0,1.0,0.33,0.874,19.32,2.26479,0.636596,2.97061,0.039176,0.0,-9999.0,19.96,96.1
201207082330,201207090000,-9999.0,1.0,0.33,0.886,19.53,2.28585,0.652508,2.98924,0.039263,0.0,-9999.0,19.93,96.1
201207090000,201207090030,-9999.0,1.0,0.33,0.692,18.74,2.20391,1.12143,2.87496,0.039351,0.0,-9999.0,19.89,96.8
201207090030,201207090100,-9999.0,1.0,0.33,0.345,18.69,2.19817,1.11749,2.86903,0.039423,0.0,-9999.0,19.85,98.4
201207090100,201207090130,-9999.0,1.0,0.33,0.175,18.94,2.22312,1.08299,2.9028,0.039495,0.0,-9999.0,19.81,99.2
201207090130,201207090200,-9999.0,1.0,0.33,0.022,19.05,2.23377,1.09124,2.91807,0.039566,0.0,-9999.0,19.77,99.9
201207090200,201207090230,-9999.0,1.0,0.33,0.022,18.85,2.21263,1.12927,2.89223,0.039638,0.0,-9999.0,19.73,99.9
201207090230,201207090300,-9999.0,1.0,0.33,6.136,18.41,2.16713,1.23086,2.83487,0.03971,0.0,-9999.0,19.69,71.0346
201207090300,201207090330,-9999.0,1.0,0.33,4.318,17.92,2.11693,1.06417,2.77139,0.039782,0.0,-9999.0,19.64,78.9792
201207090330,201207090400,-9999.0,1.0,0.33,0.02,17.24,2.0482,1.15891,2.68387,0.039854,0.0,-9999.0,19.6,99.9
201207090400,201207090430,-9999.0,1.0,0.517,0.0,16.41,1.96555,1.16727,2.57824,0.06246,0.0,-9999.0,19.56,100.0
201207090430,201207090500,-9999.0,1.0,7.13,6.571,16.41,1.96498,1.23056,2.57896,0.820759,7.01591,-9999.0,19.51,64.8036
201207090500,201207090530,-9999.0,1.0,40.45,4.54,15.84,1.90879,1.53945,2.50755,3.74144,96.4686,-9999.0,19.47,74.7815
201207090530,201207090600,-9999.0,1.0,118.3,4.141,15.99,1.92282,10.6117,2.52718,7.4917,212.699,-9999.0,19.42,77.2206
201207090600,201207090630,-9999.0,2.0,238.5,4.416,16.69,1.99081,7.17735,2.61681,10.1556,331.124,-9999.0,19.37,76.7627
201207090630,201207090700,-9999.0,1.0,339.5,0.189,18.3,2.15101,8.70013,2.82593,11.3354,449.72,-9999.0,19.32,99.1
201207090700,201207090730,-5.24003,0.0,441.4,5.82,22.23,2.55968,7.57479,3.35631,12.1007,566.455,-9999.0,19.27,78.3
201207090730,201207090800,-9999.0,1.0,538.9,12.515,25.33,2.89646,12.4502,3.79284,12.3593,679.334,-9999.0,19.23,61.27
201207090800,201207090830,-9999.0,1.0,633.9,17.933,27.39,3.12596,12.1032,4.09042,12.155,786.423,-9999.0,19.19,50.85
201207090830,201207090900,-9999.0,1.0,720.0,25.346,29.34,3.34697,11.2124,4.37674,11.6274,885.893,-9999.0,19.15,37.97
201207090900,201207090930,-4.54292,0.0,788.0,31.304,31.16,3.5561,7.57502,4.64749,11.1709,976.039,-9999.0,19.13,30.97
201207090930,201207091000,-8.65199,0.0,842.0,36.022,32.61,3.7243,11.7978,4.86535,10.8027,1055.32,-9999.0,19.12,26.82
201207091000,201207091030,-10.0499,0.0,891.0,41.18,33.93,3.87852,13.2991,5.06509,10.3871,1122.38,-9999.0,19.12,22.3
201207091030,201207091100,-7.10671,0.0,917.0,37.986,34.13,3.90103,10.3714,5.09554,10.7216,1176.07,-9999.0,19.14,29.12
201207091100,201207091130,-5.84543,0.0,930.0,25.412,31.8,3.62643,8.927,4.74421,11.9954,1215.47,-9999.0,19.17,45.96
201207091130,201207091200,-4.74154,0.0,942.0,26.951,31.62,3.60442,7.80878,4.71748,11.8552,1239.91,-9999.0,19.21,42.1
201207091200,201207091230,-4.72698,0.0,937.0,26.917,31.57,3.59756,7.7901,4.71023,11.8567,1248.97,-9999.0,19.26,42.01
201207091230,201207091300,-7.77427,0.0,931.0,30.177,32.31,3.68277,10.8953,4.82133,11.5233,1242.5,-9999.0,19.32,37.65
201207091300,201207091330,-9999.0,1.0,911.0,31.889,32.39,3.69105,9.50139,4.83353,11.3347,1220.6,-9999.0,19.39,34.41
201207091330,201207091400,-9999.0,1.0,869.0,33.124,32.44,3.69582,10.0729,4.84122,11.1674,1183.65,-9999.0,19.46,32.06
201207091400,201207091430,-9999.0,1.0,821.0,35.873,32.9,3.74856,11.2009,4.91054,10.8501,1132.28,-9999.0,19.53,28.3
201207091430,201207091500,-3.15548,0.0,757.0,35.723,33.01,3.76036,6.33061,4.92725,10.7748,1067.38,-9999.0,19.61,29.04
201207091500,201207091530,-1.17879,0.0,684.2,34.551,32.99,3.75693,4.35214,4.9244,10.7573,990.046,-9999.0,19.69,31.29
201207091530,201207091600,-9999.0,1.0,603.4,32.31,33.01,3.75818,8.55194,4.92756,10.781,901.608,-9999.0,19.77,35.82
201207091600,201207091630,-9999.0,1.0,512.0,28.248,32.16,3.65783,9.0447,4.80021,10.8616,803.579,-9999.0,19.84,41.14
201207091630,201207091700,-6.62792,0.0,419.2,26.555,32.04,3.64281,9.72613,4.78246,10.6114,697.635,-9999.0,19.9,44.29
201207091700,201207091730,-9.32119,0.0,321.9,26.909,32.16,3.65571,12.4286,4.80061,9.98668,585.589,-9999.0,19.96,43.93
201207091730,201207091800,1.49683,0.0,228.1,26.561,31.63,3.59308,1.56882,4.72169,9.09933,469.359,-9999.0,20.01,42.97
201207091800,201207091830,-3.29419,0.0,145.2,27.026,30.98,3.51684,6.30864,4.62524,7.70254,350.933,-9999.0,20.05,39.79
201207091830,201207091900,-0.02259,0.0,72.7,23.658,29.91,3.3928,2.95291,4.46727,5.51617,232.338,-9999.0,20.08,43.97
201207091900,201207091930,1.25316,0.0,29.99,18.232,27.94,3.16797,1.52257,4.17934,3.02269,115.603,-9999.0,20.11,51.61
201207091930,201207092000,4.43273,0.0,7.11,12.923,25.56,2.90173,-1.8432,3.83747,0.858456,15.1759,-9999.0,20.13,60.55
201207092000,201207092030,1.84612,0.0,0.52,9.364,23.65,2.69252,0.594648,3.56864,0.066434,0.0,-9999.0,20.14,67.96
201207092030,201207092100,4.34314,0.0,0.33,6.355,22.72,2.59191,-1.97458,3.43998,0.042299,0.0,-9999.0,20.14,77.0
201207092100,201207092130,-9999.0,1.0,0.33,4.728,22.83,2.6029,0.006756,3.45577,0.042371,0.0,-9999.0,20.13,83.0
201207092130,201207092200,-9999.0,1.0,0.33,3.878,22.07,2.52133,0.102622,3.35166,0.042443,0.0,-9999.0,20.12,85.4
201207092200,201207092230,-9999.0,1.0,0.33,3.221,20.81,2.38836,-0.112852,3.18075,0.042515,0.0,-9999.0,20.1,86.9
201207092230,201207092300,-9999.0,1.0,0.33,2.969,20.12,2.31621,0.392898,3.08861,0.042586,0.0,-9999.0,20.07,87.4
201207092300,201207092330,-9999.0,1.0,0.33,2.553,19.3,2.23157,0.628526,2.98011,0.042658,0.0,-9999.0,20.04,88.6
201207092330,201207100000,-9999.0,1.0,0.33,1.911,18.45,2.14498,1.09316,2.86896,0.04273,0.0,-9999.0,20.01,91.0
201207100000,201207100030,-9999.0,1.0,0.33,1.508,17.79,2.07843,1.04892,2.78377,0.042802,0.0,-9999.0,19.97,92.6
201207100030,201207100100,-9999.0,1.0,0.33,1.165,17.57,2.05602,1.03221,2.75604,0.042874,0.0,-9999.0,19.93,94.2
201207100100,201207100130,-9999.0,1.0,0.33,1.201,16.99,1.99832,1.1898,2.68226,0.042946,0.0,-9999.0,19.88,93.8
201207100130,201207100200,-9999.0,1.0,0.33,1.303,16.59,1.95871,0.92621,2.63201,0.043018,0.0,-9999.0,19.83,93.1
201207100200,201207100230,0.35991,0.0,0.33,1.621,16.38,1.93776,1.52426,2.60611,0.04309,0.0,-9999.0,19.78,91.3
201207100230,201207100300,-9999.0,1.0,0.33,2.0,16.14,1.91401,0.354133,2.57652,0.043162,0.0,-9999.0,19.73,89.1
201207100300,201207100330,-9999.0,1.0,0.33,1.758,16.11,1.91056,0.673637,2.57346,0.043234,0.0,-9999.0,19.67,90.4
201207100330,201207100400,-9999.0,1.0,0.33,1.546,15.64,1.86493,0.592205,2.51523,0.043306,0.0,-9999.0,19.62,91.3
201207100400,201207100430,-9999.0,1.0,0.457,1.378,15.54,1.85486,0.378858,2.50348,0.060006,0.0,-9999.0,19.55,92.2
201207100430,201207100500,-9999.0,1.0,6.149,2.441,15.79,1.87818,0.049557,2.53545,0.77092,6.29787,-9999.0,19.5,86.4
201207100500,201207100530,-9999.0,1.0,36.48,6.191,18.1,2.10317,0.565892,2.83093,3.66741,94.4504,-9999.0,19.44,70.2
201207100530,201207100600,-9999.0,2.0,60.77,6.581,18.71,2.16356,6.12362,2.91119,5.27474,210.791,-9999.0,19.38,69.51
201207100600,201207100630,-9999.0,2.0,188.8,6.392,18.77,2.16896,6.51772,2.91974,9.50998,329.329,-9999.0,19.32,70.5
201207100630,201207100700,-11.6201,0.0,327.2,7.758,21.23,2.42017,13.8708,3.24823,11.3398,448.037,-9999.0,19.26,69.25
201207100700,201207100730,-9.33129,0.0,314.6,13.441,24.87,2.80708,11.8633,3.75138,10.988,564.883,-9999.0,19.21,57.25
201207100730,201207100800,-9999.0,1.0,477.0,18.405,26.94,3.03358,10.7788,4.04556,11.6695,677.869,-9999.0,19.16,48.21
201207100800,201207100830,-9999.0,1.0,589.5,25.419,28.94,3.2564,9.84472,4.33431,11.5072,785.06,-9999.0,19.13,36.34
201207100830,201207100900,-10.5774,0.0,669.5,31.036,30.41,3.42013,13.5416,4.54906,11.247,884.624,-9999.0,19.1,28.57
201207100900,201207100930,-7.3297,0.0,606.3,33.246,31.18,3.50503,10.354,4.66239,10.9321,974.855,-9999.0,19.08,26.77
201207100930,201207101000,-8.95373,0.0,360.1,31.821,31.09,3.49166,11.9707,4.6494,10.1102,1054.21,-9999.0,19.07,29.55
201207101000,201207101030,-7.24408,0.0,776.0,31.919,31.5,3.53547,10.293,4.70998,11.3876,1121.33,-9999.0,19.08,30.96
201207101030,201207101100,-5.45004,0.0,934.0,33.681,32.13,3.60458,8.54808,4.80315,11.4562,1175.08,-9999.0,19.1,29.7
201207101100,201207101130,-5.18529,0.0,943.0,35.013,32.53,3.64736,8.31444,4.86249,11.3589,1214.52,-9999.0,19.13,28.55
201207101130,201207101200,-9999.0,1.0,953.0,34.858,32.99,3.69709,8.79835,4.9308,11.3893,1238.98,-9999.0,19.17,30.68
201207101200,201207101230,-9999.0,1.0,953.0,36.476,33.58,3.76189,8.53407,5.01853,11.2598,1248.05,-9999.0,19.22,29.82
201207101230,201207101300,-3.2186,0.0,934.0,33.45,33.4,3.7378,6.41519,4.99192,11.5008,1241.57,-9999.0,19.27,34.99
201207101300,201207101330,-2.22091,0.0,910.0,34.902,33.72,3.7714,5.44232,5.03958,11.3579,1219.65,-9999.0,19.33,33.37
201207101330,201207101400,-3.53842,0.0,877.0,40.771,34.49,3.85705,6.81979,5.15428,10.8505,1182.66,-9999.0,19.4,25.43
201207101400,201207101430,-4.31459,0.0,823.0,41.59,34.9,3.90112,7.62777,5.2155,10.7302,1131.25,-9999.0,19.48,25.64
201207101430,201207101500,-6.40491,0.0,760.0,40.947,34.89,3.89651,9.71709,5.21406,10.703,1066.28,-9999.0,19.56,26.75
201207101500,201207101530,-9999.0,2.0,688.7,40.269,34.67,3.8676,5.60609,5.18132,10.6486,988.876,-9999.0,19.65,27.08
201207101530,201207101600,-9999.0,2.0,601.9,38.263,34.74,3.87225,6.14634,5.19181,10.6317,900.354,-9999.0,19.74,30.98
201207101600,201207101630,-9999.0,1.0,509.5,34.42,34.07,3.7916,7.29303,5.09223,10.667,802.232,-9999.0,19.82,35.56
201207101630,201207101700,-6.9112,0.0,418.1,31.427,33.71,3.74688,10.1268,5.03892,10.5296,696.187,-9999.0,19.9,39.97
201207101700,201207101730,-3.57106,0.0,322.3,28.857,33.22,3.68747,6.74705,4.96651,10.1476,584.035,-9999.0,19.97,43.35
201207101730,201207101800,-1.89293,0.0,230.2,24.95,32.4,3.59077,5.00355,4.84568,9.50297,467.695,-9999.0,20.03,48.71
201207101800,201207101830,-2.78623,0.0,149.5,20.6,31.4,3.47438,5.81748,4.69906,8.35185,349.157,-9999.0,20.08,55.19
201207101830,201207101900,-9999.0,1.0,71.1,16.403,29.99,3.31312,2.60544,4.49369,5.85516,230.449,-9999.0,20.13,61.33
201207101900,201207101930,-9999.0,1.0,24.93,11.434,27.91,3.08009,0.55806,4.19402,2.80671,113.603,-9999.0,20.17,69.6
201207101930,201207102000,1.77152,0.0,7.47,7.59,26.36,2.90865,0.863483,3.97376,0.969462,14.1139,-9999.0,20.19,77.9
201207102000,201207102030,-9999.0,1.0,0.493,4.494,24.98,2.75807,0.518258,3.7801,0.06814,0.0,-9999.0,20.21,85.8
201207102030,201207102100,-9999.0,1.0,0.33,1.926,24.14,2.66663,0.386134,3.66361,0.04575,0.0,-9999.0,20.22,93.6
201207102100,201207102130,-9999.0,1.0,0.33,1.044,23.52,2.59916,0.218349,3.5784,0.045822,0.0,-9999.0,20.23,96.4
201207102130,201207102200,-9999.0,1.0,0.33,0.796,22.61,2.50223,0.334703,3.45407,0.045894,0.0,-9999.0,20.24,97.1
201207102200,201207102230,-9999.0,1.0,0.33,0.547,22.55,2.49378,0.329087,3.44647,0.045966,0.0,-9999.0,20.23,98.0
201207102230,201207102300,-9999.0,1.0,0.33,0.616,22.93,2.53082,0.357207,3.49901,0.046038,0.0,-9999.0,20.22,97.8
201207102300,201207102330,-9999.0,1.0,0.33,0.575,22.56,2.49033,0.327823,3.44901,0.04611,0.0,-9999.0,20.2,97.9
201207102330,201207110000,5.71524,0.0,0.33,0.453,22.12,2.4429,-3.41561,3.38971,0.046182,0.0,-9999.0,20.18,98.3
201207110000,201207110030,-9999.0,1.0,0.33,0.288,21.81,2.40905,0.373203,3.34829,0.046254,0.0,-9999.0,20.16,98.9
201207110030,201207110100,-9999.0,1.0,0.33,0.154,21.53,2.37842,0.42095,3.30136,0.046068,0.0,-9999.0,20.14,99.4
201207110100,201207110130,-9999.0,1.0,0.33,0.026,21.48,2.3712,0.416162,3.28555,0.045883,0.0,-9999.0,20.12,99.9
201207110130,201207110200,-9999.0,1.0,0.33,0.129,21.59,2.3802,0.353475,3.29117,0.045698,0.0,-9999.0,20.09,99.5
201207110200,201207110230,-9999.0,1.0,0.33,0.126,21.26,2.3447,0.397478,3.23807,0.045512,0.0,-9999.0,20.06,99.5
201207110230,201207110300,-9999.0,1.0,0.33,0.048,20.56,2.27241,0.223428,3.1366,0.045327,0.0,-9999.0,20.03,99.8
201207110300,201207110330,-9999.0,1.0,0.33,0.046,19.71,2.18613,0.204494,3.01692,0.045142,0.0,-9999.0,20.01,99.8
201207110330,201207110400,-9999.0,1.0,0.33,3.587,19.4,2.15371,0.404301,2.96843,0.044957,0.0,-9999.0,19.97,84.0803
201207110400,201207110430,-9999.0,1.0,0.402,0.0,19.32,2.14393,0.602078,2.94982,0.054504,0.0,-9999.0,19.94,100.0
201207110430,201207110500,-9999.0,1.0,5.105,2.573,18.97,2.1079,0.73721,2.89679,0.661347,5.56545,-9999.0,19.91,88.2726
201207110500,201207110530,-9999.0,1.0,31.89,1.933,18.78,2.08757,0.746166,2.86449,3.34639,92.3286,-9999.0,19.87,91.0832
201207110530,201207110600,-9999.0,1.0,79.7,1.387,18.91,2.09825,2.94464,2.87284,6.26232,208.785,-9999.0,19.84,93.6543
201207110600,201207110630,-9999.0,1.0,174.8,2.028,19.69,2.17227,10.447,2.96373,9.18697,327.442,-9999.0,19.8,91.1631
201207110630,201207110700,-11.0322,0.0,286.0,0.225,21.1,2.30961,13.2405,3.13627,10.8485,446.268,-9999.0,19.76,99.1
201207110700,201207110730,-8.85827,0.0,388.5,4.782,23.92,2.59367,11.28,3.49685,11.7323,563.231,-9999.0,19.72,83.9
201207110730,201207110800,-10.2194,0.0,489.9,8.209,25.94,2.80183,12.7947,3.75698,12.3145,676.329,-9999.0,19.68,75.5
201207110800,201207110830,-9999.0,1.0,612.4,10.068,27.08,2.91986,11.3579,3.90022,12.7991,783.628,-9999.0,19.66,71.9
201207110830,201207110900,-9999.0,1.0,689.0,11.573,27.7,2.98324,11.0462,3.97307,12.8712,883.291,-9999.0,19.64,68.85
201207110900,201207110930,-8.537,0.0,742.0,14.984,28.71,3.08877,11.3217,4.09896,12.6364,973.613,-9999.0,19.62,61.97
201207110930,201207111000,-8.54599,0.0,815.0,18.107,29.53,3.17441,11.3926,4.19896,12.4425,1053.05,-9999.0,19.62,56.17
201207111000,201207111030,-5.13852,0.0,870.0,22.243,30.77,3.30621,8.07928,4.35649,12.0805,1120.24,-9999.0,19.62,49.85
201207111030,201207111100,-5.8925,0.0,902.0,25.943,31.88,3.42464,8.91736,4.49628,11.7194,1174.03,-9999.0,19.64,45.08
201207111100,201207111130,-9999.0,1.0,934.0,28.935,32.65,3.50618,8.92503,4.58911,11.4277,1213.51,-9999.0,19.66,41.35
201207111130,201207111200,-9999.0,1.0,941.0,33.661,33.88,3.63893,8.38766,4.7452,10.9338,1238.0,-9999.0,19.7,36.31
201207111200,201207111230,-5.19711,0.0,947.0,37.328,34.73,3.73,8.43674,4.84857,10.5524,1247.08,-9999.0,19.75,32.63
201207111230,201207111300,-3.22944,0.0,939.0,40.471,35.55,3.81795,6.53045,4.94748,10.2134,1240.59,-9999.0,19.8,30.19
201207111300,201207111330,-8.35618,0.0,923.0,41.277,35.65,3.82558,11.6634,4.94665,10.0873,1218.65,-9999.0,19.86,29.19
201207111330,201207111400,-5.39254,0.0,865.0,36.943,35.97,3.85776,8.72277,4.97601,10.4023,1181.63,-9999.0,19.92,37.73
201207111400,201207111430,-6.60354,0.0,811.0,29.738,34.56,3.69739,9.82446,4.76822,11.0224,1130.16,-9999.0,19.99,45.82
201207111430,201207111500,-5.04072,0.0,747.0,24.865,33.17,3.54063,8.1538,4.56533,11.404,1065.13,-9999.0,20.08,51.05
201207111500,201207111530,-5.28677,0.0,670.7,24.561,32.82,3.49897,8.37167,4.50449,11.2537,987.647,-9999.0,20.18,50.69
201207111530,201207111600,-3.9872,0.0,588.5,24.667,32.8,3.49353,7.06921,4.48829,11.0078,899.037,-9999.0,20.27,50.42
201207111600,201207111630,-5.64618,0.0,500.7,26.062,32.9,3.50122,8.73448,4.48818,10.56,800.816,-9999.0,20.36,47.91
201207111630,201207111700,-4.85953,0.0,408.8,27.073,32.89,3.49688,7.94571,4.47331,10.0476,694.666,-9999.0,20.43,45.86
201207111700,201207111730,-4.6915,0.0,314.0,26.73,32.66,3.46853,7.75873,4.42916,9.46772,582.402,-9999.0,20.5,45.85
201207111730,201207111800,-1.82067,0.0,223.5,23.297,31.49,3.3383,4.79711,4.26099,8.79521,465.946,-9999.0,20.55,49.58
201207111800,201207111830,-0.24281,0.0,140.7,19.676,30.22,3.19856,3.12089,4.08164,7.51357,347.289,-9999.0,20.6,54.22
201207111830,201207111900,-1.15122,0.0,68.27,16.695,29.25,3.09216,3.95396,3.94328,5.14056,228.463,-9999.0,20.63,58.93
201207111900,201207111930,2.92987,0.0,25.21,13.016,27.58,2.91325,-0.255705,3.71694,2.48168,111.5,-9999.0,20.66,64.72
201207111930,201207112000,2.17266,0.0,6.173,9.775,25.81,2.72692,0.36573,3.4819,0.697135,13.02,-9999.0,20.67,70.6
201207112000,201207112030,1.66896,0.0,0.456,7.085,24.24,2.56432,0.749383,3.2761,0.053618,0.0,-9999.0,20.68,76.6
201207112030,201207112100,4.00432,0.0,0.33,4.886,23.18,2.45549,-1.66702,3.13625,0.038656,0.0,-9999.0,20.67,82.8
201207112100,201207112130,-9999.0,1.0,0.33,3.524,22.79,2.41439,0.039434,3.07927,0.038471,0.0,-9999.0,20.67,87.3
201207112130,201207112200,-9999.0,1.0,0.33,3.008,22.7,2.40321,0.031648,3.05885,0.038286,0.0,-9999.0,20.65,89.1
201207112200,201207112230,-9999.0,1.0,0.33,2.408,22.01,2.33297,0.07196,2.96677,0.0381,0.0,-9999.0,20.62,90.9
201207112230,201207112300,-9999.0,1.0,0.33,1.797,20.83,2.216,-0.132483,2.8182,0.037915,0.0,-9999.0,20.59,92.7
201207112300,201207112330,-9999.0,1.0,0.33,1.381,20.86,2.21681,0.112394,2.81286,0.03773,0.0,-9999.0,20.56,94.4
201207112330,201207120000,-9999.0,1.0,0.33,1.417,20.71,2.20028,-0.122706,2.78653,0.037545,0.0,-9999.0,20.52,94.2
201207120000,201207120030,-9999.0,1.0,0.33,1.005,20.37,2.16562,0.084132,2.73838,0.037359,0.0,-9999.0,20.48,95.8
201207120030,201207120100,-9999.0,1.0,0.33,0.937,19.62,2.0923,0.451308,2.64374,0.037174,0.0,-9999.0,20.44,95.9
201207120100,201207120130,-9999.0,1.0,0.33,0.583,19.32,2.06207,0.563945,2.60128,0.036989,0.0,-9999.0,20.4,97.4
201207120130,201207120200,-9999.0,1.0,0.33,0.224,19.29,2.0573,0.560825,2.5896,0.036803,0.0,-9999.0,20.35,99.0
201207120200,201207120230,-9999.0,1.0,0.33,0.068,19.48,2.0732,0.573924,2.60271,0.036618,0.0,-9999.0,20.31,99.7
201207120230,201207120300,-9999.0,1.0,0.33,0.394,18.92,2.01884,1.00772,2.53162,0.036433,0.0,-9999.0,20.26,98.2
201207120300,201207120330,-9999.0,1.0,0.33,0.359,18.37,1.96595,1.01989,2.46251,0.036247,0.0,-9999.0,20.21,98.3
201207120330,201207120400,-9999.0,1.0,0.33,0.266,17.84,1.91542,0.986072,2.39643,0.036062,0.0,-9999.0,20.17,98.7
201207120400,201207120430,-9999.0,1.0,0.364,0.121,17.59,1.89082,0.967,2.36149,0.039563,0.0,-9999.0,20.12,99.4
201207120430,201207120500,-9999.0,1.0,4.794,0.102,17.88,1.91544,0.987268,2.38524,0.501905,4.87471,-9999.0,20.07,99.5
201207120500,201207120530,-9999.0,1.0,29.88,0.021,17.98,1.92274,1.29447,2.38829,2.64485,90.1038,-9999.0,20.02,99.9
201207120530,201207120600,-9999.0,2.0,104.9,0.505,18.62,1.97963,0.866222,2.44993,6.43331,206.682,-9999.0,19.97,97.6456
201207120600,201207120630,-9999.0,1.0,207.8,0.278,19.82,2.0893,8.46715,2.5733,9.02014,325.463,-9999.0,19.92,98.8
201207120630,201207120700,-11.4253,0.0,172.0,1.813,21.89,2.28411,13.6458,2.79536,8.28427,444.413,-9999.0,19.87,93.1
201207120700,201207120730,-7.39139,0.0,285.5,4.106,23.71,2.45917,9.74652,2.99249,10.1493,561.499,-9999.0,19.83,86.0
201207120730,201207120800,-9.91755,0.0,514.5,8.562,26.11,2.6959,12.4515,3.25925,12.0036,674.716,-9999.0,19.79,74.7
201207120800,201207120830,-9.76919,0.0,670.5,11.695,27.44,2.82816,12.402,3.40359,12.4077,782.126,-9999.0,19.76,68.04
201207120830,201207120900,-7.77196,0.0,482.5,13.837,28.06,2.8888,10.4503,3.46484,11.2724,881.894,-9999.0,19.74,63.53
201207120900,201207120930,-6.58019,0.0,794.0,15.859,28.62,2.94348,9.29951,3.51887,12.0596,972.31,-9999.0,19.73,59.54
201207120930,201207121000,-8.18506,0.0,825.0,18.059,29.54,3.03551,10.9724,3.61503,11.7539,1051.83,-9999.0,19.72,56.31
201207121000,201207121030,-9.65902,0.0,880.0,22.774,31.01,3.18538,12.5559,3.77604,11.0822,1119.09,-9999.0,19.72,49.35
201207121030,201207121100,-8.66385,0.0,915.0,25.692,31.85,3.27024,11.6227,3.86252,10.66,1172.94,-9999.0,19.74,45.52
201207121100,201207121130,-8.5669,0.0,928.0,29.699,32.87,3.37439,11.6011,3.97009,10.052,1212.46,-9999.0,19.77,40.54
201207121130,201207121200,-8.49004,0.0,945.0,32.399,33.68,3.45673,11.5838,4.05246,9.65385,1236.97,-9999.0,19.8,38.01
201207121200,201207121230,-6.70711,0.0,938.0,27.012,33.24,3.4069,9.76644,3.98665,10.4163,1246.06,-9999.0,19.85,47.03
201207121230,201207121300,-4.80543,0.0,925.0,25.317,32.95,3.37306,7.8416,3.9389,10.641,1239.57,-9999.0,19.9,49.54
201207121300,201207121330,-4.4046,0.0,903.0,22.571,32.24,3.29529,7.38608,3.84238,11.032,1217.6,-9999.0,19.96,53.18
201207121330,201207121400,-3.55307,0.0,866.0,21.926,32.19,3.28688,6.52946,3.8233,11.0594,1180.54,-9999.0,20.03,54.39
201207121400,201207121430,-2.91193,0.0,816.0,23.29,32.34,3.29937,5.89823,3.82742,10.7296,1129.02,-9999.0,20.11,51.96
201207121430,201207121500,-3.56487,0.0,752.0,25.595,32.65,3.32859,6.57308,3.84993,10.2265,1063.92,-9999.0,20.2,48.12
201207121500,201207121530,-4.50248,0.0,680.6,27.722,33.3,3.39347,7.55806,3.91152,9.73947,986.359,-9999.0,20.29,45.82
201207121530,201207121600,-4.9909,0.0,595.4,28.888,33.59,3.42061,8.06682,3.93123,9.34774,897.656,-9999.0,20.38,44.45
201207121600,201207121630,-5.44735,0.0,503.1,25.78,33.22,3.3785,8.49419,3.87493,9.46004,799.333,-9999.0,20.46,49.39
201207121630,201207121700,-3.80268,0.0,406.2,22.181,32.14,3.26258,6.76729,3.73808,9.46057,693.072,-9999.0,20.53,53.73
201207121700,201207121730,-4.76641,0.0,311.0,21.314,31.6,3.20343,7.68926,3.66372,8.86703,580.69,-9999.0,20.59,54.16
201207121730,201207121800,-2.0003,0.0,220.7,20.42,31.23,3.1621,4.89414,3.60906,7.93996,464.112,-9999.0,20.65,55.15
201207121800,201207121830,-2.0912,0.0,142.2,18.363,30.14,3.04714,4.90221,3.47443,6.6459,345.331,-9999.0,20.69,57.08
201207121830,201207121900,-0.363155,0.0,69.49,16.23,28.99,2.92721,3.08696,3.33483,4.38835,226.381,-9999.0,20.73,59.47
201207121900,201207121930,2.08294,0.0,25.49,10.074,26.73,2.69789,0.471079,3.0766,2.03482,109.295,-9999.0,20.75,71.3
201207121930,201207122000,1.47867,0.0,6.34,6.648,25.39,2.56329,0.97458,2.92198,0.558886,11.9501,-9999.0,20.77,79.5
201207122000,201207122030,2.95326,0.0,0.482,3.649,24.31,2.45582,-0.581156,2.79731,0.043702,0.0,-9999.0,20.77,88.0
201207122030,201207122100,-9999.0,1.0,0.33,2.018,23.66,2.39089,-0.000714,2.71927,0.029762,0.0,-9999.0,20.77,93.1
201207122100,201207122130,-9999.0,1.0,0.33,1.047,23.12,2.337,0.126498,2.65348,0.029577,0.0,-9999.0,20.77,96.3
201207122130,201207122200,-9999.0,1.0,0.33,0.844,22.48,2.2741,0.22754,2.57818,0.029391,0.0,-9999.0,20.75,96.9
201207122200,201207122230,-9999.0,1.0,0.33,0.833,21.75,2.20339,0.277714,2.49471,0.029206,0.0,-9999.0,20.73,96.8
201207122230,201207122300,-9999.0,1.0,0.33,0.655,21.2,2.1501,0.306595,2.43035,0.029021,0.0,-9999.0,20.71,97.4
201207122300,201207122330,-9999.0,1.0,0.33,0.753,20.62,2.09453,0.143356,2.36378,0.028835,0.0,-9999.0,20.68,96.9
201207122330,201207130000,-9999.0,1.0,0.33,0.738,20.28,2.06136,0.309225,2.32155,0.02865,0.0,-9999.0,20.65,96.9
201207130000,201207130030,-9999.0,1.0,0.33,0.7,19.95,2.02931,0.139014,2.28069,0.028465,0.0,-9999.0,20.61,97.0
201207130030,201207130100,2.25766,0.0,0.33,0.814,19.9,2.02277,-0.217737,2.27038,0.028458,0.0,-9999.0,20.57,96.5
201207130100,201207130130,-9999.0,1.0,0.33,1.054,20.03,2.03255,0.326932,2.27756,0.028452,0.0,-9999.0,20.53,95.5
201207130130,201207130200,-9999.0,1.0,0.33,1.026,19.95,2.02329,0.136228,2.26436,0.028445,0.0,-9999.0,20.48,95.6
201207130200,201207130230,-9999.0,1.0,0.33,1.194,20.34,2.05664,0.032947,2.29664,0.028439,0.0,-9999.0,20.44,95.0
201207130230,201207130300,-9999.0,1.0,0.33,1.459,20.63,2.08098,-0.046534,2.3192,0.028433,0.0,-9999.0,20.39,94.0
201207130300,201207130330,0.21669,0.0,0.33,1.707,20.45,2.06254,1.8584,2.29619,0.028426,0.0,-9999.0,20.35,92.9
201207130330,201207130400,-9999.0,1.0,0.33,1.421,19.94,2.01437,0.131791,2.24162,0.02842,0.0,-9999.0,20.31,93.9
201207130400,201207130430,-9999.0,1.0,0.392,1.378,19.7,1.9908,0.113539,2.21328,0.03374,0.0,-9999.0,20.27,94.0
201207130430,201207130500,-9999.0,1.0,4.968,1.172,19.4,1.96199,0.312556,2.17944,0.417173,3.22771,-9999.0,20.22,94.8
201207130500,201207130530,-9999.0,1.0,29.84,0.889,19.18,1.94046,0.685076,2.15337,2.21427,83.9479,-9999.0,20.18,96.0
201207130530,201207130600,-9999.0,1.0,99.8,0.899,19.76,1.99022,3.13836,2.2028,5.58146,200.546,-9999.0,20.14,96.1
201207130600,201207130630,-5.26275,0.0,211.1,1.829,21.34,2.13111,7.39663,2.34801,8.48262,319.415,-9999.0,20.1,92.8
201207130630,201207130700,-9999.0,1.0,270.3,5.456,23.8,2.35712,9.69161,2.58146,9.44645,438.523,-9999.0,20.06,81.5
201207130700,201207130730,-9999.0,1.0,340.7,9.476,26.17,2.58042,11.0041,2.81035,10.3097,555.831,-9999.0,20.02,72.1
201207130730,201207130800,-10.2147,0.0,472.8,10.947,27.17,2.67455,12.7723,2.90381,11.2618,669.333,-9999.0,19.99,69.61
201207130800,201207130830,-11.8409,0.0,424.3,12.815,27.84,2.7371,14.4466,2.96414,10.6048,777.085,-9999.0,19.97,65.79
201207130830,201207130900,-10.2678,0.0,665.7,15.253,28.52,2.80088,12.9225,3.02547,11.3544,877.245,-9999.0,19.95,60.86
201207130900,201207130930,-8.53117,0.0,460.1,16.146,28.79,2.82456,11.2045,3.04523,10.2764,968.098,-9999.0,19.94,59.21
201207130930,201207131000,-7.90403,0.0,684.0,20.017,30.27,2.96778,10.6853,3.18767,10.4692,1048.09,-9999.0,19.93,53.56
201207131000,201207131030,-6.88246,0.0,621.6,20.29,30.39,2.97669,9.67126,3.19189,10.2282,1115.85,-9999.0,19.94,53.25
201207131030,201207131100,-5.85705,0.0,767.0,23.598,31.36,3.07017,8.71604,3.2825,9.96769,1170.23,-9999.0,19.96,48.55
201207131100,201207131130,-5.72631,0.0,621.1,21.992,31.22,3.05312,8.57368,3.26002,9.90231,1210.28,-9999.0,19.98,51.67
201207131130,201207131200,-6.45472,0.0,979.0,22.738,31.44,3.07194,9.31698,3.27412,10.46,1235.33,-9999.0,20.01,50.65
201207131200,201207131230,-4.40264,0.0,896.0,24.32,31.95,3.11968,7.30111,3.31752,10.0182,1244.95,-9999.0,20.05,48.72
201207131230,201207131300,-5.61486,0.0,923.0,26.33,32.21,3.14249,8.53111,3.33545,9.6564,1238.97,-9999.0,20.1,45.29
201207131300,201207131330,-7.54218,0.0,917.0,29.917,32.94,3.21235,10.5107,3.4009,8.9745,1217.49,-9999.0,20.15,40.34
201207131330,201207131400,-4.37986,0.0,884.0,33.078,33.41,3.25623,7.38157,3.43983,8.3771,1180.88,-9999.0,20.21,35.75
201207131400,201207131430,-7.2027,0.0,844.0,36.077,34.02,3.31424,10.2478,3.49281,7.83326,1129.78,-9999.0,20.27,32.27
201207131430,201207131500,-5.45154,0.0,767.0,36.651,34.23,3.33201,8.51061,3.50512,7.64633,1065.04,-9999.0,20.35,31.99
201207131500,201207131530,-5.26877,0.0,686.8,34.69,34.0,3.3055,8.30958,3.47293,7.82775,987.788,-9999.0,20.43,34.8
201207131530,201207131600,-6.00682,0.0,596.0,28.748,32.94,3.19605,8.96856,3.35762,8.58746,899.336,-9999.0,20.52,42.67
201207131600,201207131630,-4.18236,0.0,511.0,29.452,33.02,3.20077,7.1486,3.35696,8.23439,801.2,-9999.0,20.59,41.53
201207131630,201207131700,-5.15044,0.0,414.6,28.822,32.76,3.17162,8.09627,3.32239,7.96877,695.059,-9999.0,20.65,41.94
201207131700,201207131730,-4.61437,0.0,317.0,24.64,31.88,3.08119,7.4944,3.22661,7.98096,582.728,-9999.0,20.71,47.84
201207131730,201207131800,-3.92564,0.0,224.3,22.802,31.14,3.00516,6.75017,3.1454,7.304,466.131,-9999.0,20.76,49.66
201207131800,201207131830,-0.546331,0.0,140.0,22.401,30.71,2.95995,3.33809,3.09513,5.96831,347.261,-9999.0,20.79,49.32
201207131830,201207131900,-9999.0,1.0,62.41,19.061,29.67,2.85564,2.93808,2.98597,3.77462,228.153,-9999.0,20.82,54.23
201207131900,201207131930,-9999.0,1.0,20.56,14.998,27.75,2.66805,0.468581,2.79372,1.56591,110.845,-9999.0,20.84,59.75
201207131930,201207132000,1.94621,0.0,5.804,11.939,26.37,2.53458,0.525017,2.65568,0.481325,12.5795,-9999.0,20.85,65.26
201207132000,201207132030,-9999.0,1.0,0.394,8.358,25.05,2.40864,-0.280551,2.52531,0.033666,0.0,-9999.0,20.86,73.7
201207132030,201207132100,-9999.0,1.0,0.33,6.294,24.07,2.31578,0.009459,2.42819,0.0282,0.0,-9999.0,20.85,79.0
201207132100,201207132130,-9999.0,1.0,0.33,4.937,22.97,2.21321,-0.09003,2.32148,0.028194,0.0,-9999.0,20.84,82.4
201207132130,201207132200,1.3865,0.0,0.33,4.037,22.07,2.13,0.769478,2.2343,0.028188,0.0,-9999.0,20.83,84.8
201207132200,201207132230,-9999.0,1.0,0.33,3.393,21.41,2.0691,0.030394,2.16959,0.028181,0.0,-9999.0,20.81,86.7
201207132230,201207132300,-9999.0,1.0,0.33,2.879,20.82,2.01497,-0.225133,2.11178,0.028175,0.0,-9999.0,20.78,88.3
201207132300,201207132330,-9999.0,1.0,0.33,2.352,20.25,1.9631,0.036186,2.05634,0.028168,0.0,-9999.0,20.75,90.1
201207132330,201207140000,-9999.0,1.0,0.33,1.866,19.56,1.9014,0.363487,1.99118,0.028162,0.0,-9999.0,20.71,91.8
201207140000,201207140030,-9999.0,1.0,0.33,1.792,19.3,1.87712,0.218136,1.96354,0.028155,0.0,-9999.0,20.67,92.0
201207140030,201207140100,-9999.0,1.0,0.33,1.608,18.82,1.83427,0.615411,1.91742,0.028149,0.0,-9999.0,20.62,92.6
201207140100,201207140130,-9999.0,1.0,0.33,2.21,18.77,1.82812,0.54654,1.90801,0.028142,0.0,-9999.0,20.57,89.8
201207140130,201207140200,-9999.0,1.0,0.33,2.258,18.2,1.77817,0.478166,1.85499,0.028136,0.0,-9999.0,20.52,89.2
201207140200,201207140230,-9999.0,1.0,0.33,2.271,17.71,1.73541,0.321341,1.80922,0.02813,0.0,-9999.0,20.47,88.8
201207140230,201207140300,-9999.0,1.0,0.33,2.111,17.88,1.74775,0.378292,1.81835,0.028123,0.0,-9999.0,20.42,89.7
201207140300,201207140330,-9999.0,1.0,0.33,1.58,18.11,1.7651,0.589974,1.8324,0.028117,0.0,-9999.0,20.36,92.4
201207140330,201207140400,-9999.0,1.0,0.33,1.314,17.18,1.68625,0.371489,1.75107,0.02811,0.0,-9999.0,20.31,93.3
201207140400,201207140430,-9999.0,1.0,0.42,1.052,16.5,1.629,0.285983,1.69127,0.035751,0.0,-9999.0,20.25,94.4
201207140430,201207140500,-9999.0,1.0,6.755,0.868,16.92,1.66145,0.473774,1.72041,0.555987,2.64137,-9999.0,20.19,95.5
201207140500,201207140530,-1.94279,0.0,38.4,0.779,17.48,1.70559,3.76028,1.76094,2.71466,81.5149,-9999.0,20.13,96.1
201207140530,201207140600,-5.06431,0.0,118.1,0.729,17.25,1.68493,6.86497,1.73747,6.16129,198.245,-9999.0,20.08,96.3
201207140600,201207140630,-2.5084,0.0,227.5,0.938,18.15,1.75736,4.37085,1.80554,8.72938,317.25,-9999.0,20.02,95.5
201207140630,201207140700,-6.941,0.0,343.3,2.061,20.97,1.99459,9.0009,2.03405,10.2914,436.494,-9999.0,19.97,91.7
201207140700,201207140730,-7.55472,0.0,391.2,7.467,24.28,2.28456,9.84952,2.31152,10.7537,553.936,-9999.0,19.91,75.4
201207140730,201207140800,-9999.0,1.0,467.7,11.26,26.01,2.43906,12.0253,2.4562,11.0917,667.566,-9999.0,19.86,66.53
201207140800,201207140830,-9999.0,1.0,553.5,11.757,26.38,2.47036,10.9966,2.48182,11.479,775.441,-9999.0,19.83,65.81
201207140830,201207140900,-6.9573,0.0,669.1,13.299,27.12,2.53579,9.45277,2.53997,11.6095,875.715,-9999.0,19.8,62.97
201207140900,201207140930,-7.84186,0.0,772.0,15.163,28.04,2.61825,10.4024,2.61405,11.4673,966.672,-9999.0,19.78,59.99
201207140930,201207141000,-6.531,0.0,836.0,16.526,28.72,2.67876,9.13932,2.66686,11.2788,1046.76,-9999.0,19.77,58.08
201207141000,201207141030,-6.92498,0.0,887.0,19.789,29.92,2.78833,9.61854,2.7659,10.5824,1114.6,-9999.0,19.77,53.16
201207141030,201207141100,-6.33722,0.0,936.0,21.835,30.6,2.84946,9.07851,2.8186,10.1713,1169.03,-9999.0,19.78,50.29
201207141100,201207141130,-5.2805,0.0,795.0,22.491,31.06,2.88991,8.05364,2.85154,9.79291,1209.13,-9999.0,19.8,50.12
201207141130,201207141200,-5.77975,0.0,961.0,21.619,31.04,2.88496,8.55015,2.84159,10.2376,1234.21,-9999.0,19.84,52.0
201207141200,201207141230,-4.87066,0.0,956.0,22.175,30.72,2.8517,7.61673,2.80506,10.0923,1243.84,-9999.0,19.88,49.86
201207141230,201207141300,-5.89647,0.0,945.0,25.445,31.01,2.87599,8.66211,2.8226,9.33484,1237.85,-9999.0,19.94,43.41
201207141300,201207141330,-3.99682,0.0,916.0,25.534,31.05,2.8767,6.76403,2.81797,9.27061,1216.35,-9999.0,19.99,43.34
201207141330,201207141400,-5.75786,0.0,877.0,25.035,30.9,2.85952,8.513,2.79661,9.31814,1179.7,-9999.0,20.06,43.97
201207141400,201207141430,-5.00922,0.0,822.0,27.058,31.18,2.8828,7.78317,2.81304,8.80862,1128.53,-9999.0,20.13,40.4
201207141430,201207141500,-4.83912,0.0,754.0,25.972,31.38,2.89854,7.62612,2.82234,8.91808,1063.73,-9999.0,20.21,43.44
201207141500,201207141530,-4.6039,0.0,678.3,28.673,31.5,2.90673,7.3982,2.82457,8.24806,986.384,-9999.0,20.29,37.98
201207141530,201207141600,-3.74828,0.0,592.4,28.904,31.71,2.92338,6.55633,2.83459,8.02722,897.832,-9999.0,20.37,38.22
201207141600,201207141630,-3.83309,0.0,504.3,26.987,31.61,2.91084,6.63265,2.81756,8.13273,799.584,-9999.0,20.44,41.99
201207141630,201207141700,-3.67239,0.0,412.1,27.181,31.28,2.87676,6.44698,2.78067,7.76,693.322,-9999.0,20.5,40.47
201207141700,201207141730,-3.44665,0.0,317.1,26.987,31.01,2.84842,6.20059,2.74917,7.29552,580.863,-9999.0,20.55,39.98
201207141730,201207141800,-2.34991,0.0,224.7,26.995,30.96,2.84069,5.09898,2.73672,6.55531,464.133,-9999.0,20.59,39.79
201207141800,201207141830,0.178957,0.0,141.6,26.267,30.31,2.7772,2.5223,2.67303,5.50791,345.128,-9999.0,20.63,39.2
201207141830,201207141900,-1.09357,0.0,62.5,22.287,29.17,2.669,3.71205,2.56843,3.6097,225.884,-9999.0,20.65,44.92
201207141900,201207141930,1.27361,0.0,19.54,17.228,27.07,2.47504,1.19377,2.38512,1.46866,108.442,-9999.0,20.66,51.89
201207141930,201207142000,2.11843,0.0,5.604,13.107,25.31,2.31515,0.2226,2.2333,0.459713,11.4138,-9999.0,20.67,59.39
201207142000,201207142030,2.2906,0.0,0.388,10.232,23.65,2.16709,-0.068233,2.09251,0.03279,0.0,-9999.0,20.67,64.99
201207142030,201207142100,2.99473,0.0,0.33,7.943,22.69,2.08188,-0.841102,2.00983,0.027891,0.0,-9999.0,20.66,71.2
201207142100,201207142130,2.57849,0.0,0.33,6.517,22.23,2.0403,-0.45822,1.96753,0.027885,0.0,-9999.0,20.65,75.7
201207142130,201207142200,3.33104,0.0,0.33,4.313,22.11,2.02788,-1.2202,1.95216,0.027878,0.0,-9999.0,20.62,83.8
201207142200,201207142230,5.55908,0.0,0.33,3.045,21.6,1.9825,-3.48497,1.90656,0.027872,0.0,-9999.0,20.59,88.2
201207142230,201207142300,1.73589,0.0,0.33,2.383,20.63,1.89911,0.269512,1.82618,0.027865,0.0,-9999.0,20.56,90.2
201207142300,201207142330,1.23604,0.0,0.33,2.764,19.62,1.81369,0.69826,1.74409,0.027859,0.0,-9999.0,20.52,87.9
201207142330,201207150000,0.850567,0.0,0.33,3.199,19.06,1.76608,1.0441,1.69686,0.027852,0.0,-9999.0,20.49,85.5
201207150000,201207150030,0.962301,0.0,0.33,3.023,18.6,1.72699,0.899769,1.65757,0.027846,0.0,-9999.0,20.44,85.9
201207150030,201207150100,-9999.0,1.0,0.33,2.701,18.1,1.68506,0.451248,1.62202,0.02771,0.0,-9999.0,20.4,87.0
201207150100,201207150130,-9999.0,1.0,0.33,2.158,17.93,1.66969,0.369596,1.61079,0.027574,0.0,-9999.0,20.35,89.5
201207150130,201207150200,-9999.0,1.0,0.33,1.788,17.57,1.63938,0.317508,1.58569,0.027438,0.0,-9999.0,20.31,91.1
201207150200,201207150230,-9999.0,1.0,0.33,1.495,17.23,1.61086,0.339406,1.56214,0.027302,0.0,-9999.0,20.25,92.4
201207150230,201207150300,-9999.0,1.0,0.33,1.381,16.83,1.57789,0.364237,1.53435,0.027166,0.0,-9999.0,20.2,92.8
201207150300,201207150330,0.32393,0.0,0.33,1.28,16.77,1.5715,1.408,1.53118,0.02703,0.0,-9999.0,20.15,93.3
201207150330,201207150400,-9999.0,1.0,0.33,1.323,16.83,1.57443,0.197734,1.53667,0.026894,0.0,-9999.0,20.09,93.1
201207150400,201207150430,-9999.0,1.0,0.39,1.388,17.13,1.596,0.139564,1.55959,0.031613,0.0,-9999.0,20.04,92.9
201207150430,201207150500,-9999.0,1.0,5.824,1.671,17.22,1.60125,0.195418,1.56732,0.456897,2.11386,-9999.0,19.98,91.5
201207150500,201207150530,-9999.0,1.0,35.13,1.366,17.8,1.64485,0.286874,1.61097,2.39294,78.9809,-9999.0,19.92,93.3
201207150530,201207150600,-9999.0,1.0,114.4,2.121,19.42,1.77187,6.18302,1.73274,5.78751,195.849,-9999.0,19.87,90.6
201207150600,201207150630,-9999.0,1.0,224.2,3.414,20.56,1.86238,5.87186,1.82048,8.39248,314.995,-9999.0,19.82,85.9
201207150630,201207150700,-8.01251,0.0,325.2,5.702,22.91,2.05526,10.1611,2.00381,9.83894,434.38,-9999.0,19.76,79.6
201207150700,201207150730,-7.57482,0.0,424.7,11.611,26.03,2.31998,9.94099,2.25375,10.4732,551.961,-9999.0,19.72,65.53
201207150730,201207150800,-7.95401,0.0,522.3,13.569,26.99,2.4012,10.3866,2.33328,10.667,665.726,-9999.0,19.68,61.93
201207150800,201207150830,-10.1141,0.0,609.5,14.829,27.45,2.4389,12.5779,2.37255,10.7671,773.728,-9999.0,19.65,59.5
201207150830,201207150900,-7.59629,0.0,689.9,16.51,28.26,2.50759,10.116,2.44076,10.6202,874.121,-9999.0,19.63,56.99
201207150900,201207150930,-8.04897,0.0,766.0,19.113,29.18,2.58639,10.6323,2.51854,10.1434,965.185,-9999.0,19.61,52.79
201207150930,201207151000,-8.10567,0.0,823.0,22.777,30.1,2.66559,10.7526,2.59687,9.3191,1045.36,-9999.0,19.61,46.64
201207151000,201207151030,-7.80719,0.0,871.0,24.821,30.74,2.71999,10.4979,2.65227,8.88251,1113.28,-9999.0,19.62,43.94
201207151030,201207151100,-4.74311,0.0,906.0,25.465,31.08,2.7475,7.45651,2.68275,8.76126,1167.78,-9999.0,19.64,43.59
201207151100,201207151130,-7.50386,0.0,932.0,26.535,31.48,2.78042,10.2441,2.71838,8.52325,1207.93,-9999.0,19.68,42.54
201207151130,201207151200,-4.97251,0.0,942.0,28.675,32.08,2.83141,7.75367,2.771,8.02287,1233.04,-9999.0,19.72,39.98
201207151200,201207151230,-6.66669,0.0,939.0,29.211,32.27,2.8454,9.45988,2.78913,7.88376,1242.68,-9999.0,19.77,39.51
201207151230,201207151300,-6.60968,0.0,922.0,30.05,32.56,2.8684,9.42191,2.81578,7.66568,1236.68,-9999.0,19.82,38.78
201207151300,201207151330,-7.42931,0.0,896.0,31.801,32.83,2.88959,10.2592,2.8408,7.25071,1215.15,-9999.0,19.88,36.19
201207151330,201207151400,-7.49407,0.0,852.0,31.317,32.81,2.88453,10.3211,2.84121,7.29209,1178.46,-9999.0,19.95,37.09
201207151400,201207151430,-6.27644,0.0,798.0,30.285,32.71,2.87227,9.09514,2.83481,7.43158,1127.24,-9999.0,20.03,38.82
201207151430,201207151500,-6.14455,0.0,738.0,31.596,32.9,2.88616,8.97522,2.85309,7.06897,1062.35,-9999.0,20.11,36.85
201207151500,201207151530,-4.33953,0.0,662.0,33.746,33.26,2.91537,7.19407,2.88591,6.53512,984.921,-9999.0,20.2,33.9
201207151530,201207151600,-4.79797,0.0,579.5,36.584,34.06,2.98437,7.70716,2.95651,5.90105,896.264,-9999.0,20.29,31.47
201207151600,201207151630,-4.60025,0.0,490.2,37.886,34.47,3.01813,7.53672,2.99389,5.52844,797.9,-9999.0,20.37,30.63
201207151630,201207151700,-3.99105,0.0,348.9,36.824,34.06,2.97763,6.89743,2.96088,5.31695,691.512,-9999.0,20.44,31.02
201207151700,201207151730,-3.06565,0.0,294.4,35.682,33.42,2.91659,5.92588,2.90817,5.23834,578.92,-9999.0,20.5,30.73
201207151730,201207151800,-2.66325,0.0,151.2,27.372,32.34,2.81655,5.44658,2.81794,4.90142,462.052,-9999.0,20.55,43.54
201207151800,201207151830,-1.22314,0.0,100.3,18.925,30.28,2.63089,3.86107,2.64504,4.39551,342.906,-9999.0,20.6,56.12
201207151830,201207151900,-1.16642,0.0,82.4,13.963,29.21,2.53427,3.72831,2.55683,4.03562,223.521,-9999.0,20.63,65.57
201207151900,201207151930,-9999.0,1.0,29.67,11.148,27.76,2.4059,0.092854,2.43741,1.79476,105.94,-9999.0,20.66,70.1
201207151930,201207152000,-9999.0,1.0,11.29,9.443,27.05,2.34235,0.04221,2.38021,0.735146,10.2829,-9999.0,20.69,73.6
201207152000,201207152030,-9999.0,1.0,0.362,7.471,26.4,2.28441,0.363917,2.32818,0.024576,0.0,-9999.0,20.71,78.3
201207152030,201207152100,-9999.0,1.0,0.33,6.741,26.04,2.25137,0.491541,2.3002,0.022271,0.0,-9999.0,20.71,80.0
201207152100,201207152130,-9999.0,1.0,0.33,8.225,25.7,2.22019,0.033622,2.27391,0.022135,0.0,-9999.0,20.72,75.1
201207152130,201207152200,-9999.0,1.0,0.33,7.853,25.54,2.20423,0.048304,2.26243,0.021999,0.0,-9999.0,20.72,76.0
201207152200,201207152230,-9999.0,1.0,0.33,5.686,25.23,2.17581,0.519617,2.23864,0.021863,0.0,-9999.0,20.72,82.3
201207152230,201207152300,-9999.0,1.0,0.33,5.497,24.95,2.15002,0.42786,2.21734,0.021727,0.0,-9999.0,20.71,82.6
201207152300,201207152330,-9999.0,1.0,0.33,4.531,23.76,2.04943,-0.065188,2.12201,0.021591,0.0,-9999.0,20.7,84.6
201207152330,201207160000,-9999.0,1.0,0.33,3.765,23.5,2.02583,-0.122783,2.10251,0.021455,0.0,-9999.0,20.69,87.0
201207160000,201207160030,-9999.0,1.0,0.33,2.556,23.36,2.01424,-0.086993,2.09273,0.021319,0.0,-9999.0,20.67,91.1
201207160030,201207160100,-9999.0,1.0,0.33,2.28,23.03,1.98725,-0.083688,2.06761,0.021183,0.0,-9999.0,20.65,91.9
201207160100,201207160130,-9999.0,1.0,0.33,1.983,22.67,1.95794,-0.056144,2.04013,0.021047,0.0,-9999.0,20.63,92.8
201207160130,201207160200,-9999.0,1.0,0.33,1.597,22.38,1.93439,-0.06971,2.01832,0.020911,0.0,-9999.0,20.6,94.1
201207160200,201207160230,-9999.0,1.0,0.33,1.16,22.33,1.9302,0.058187,2.01578,0.020775,0.0,-9999.0,20.58,95.7
201207160230,201207160300,-0.85432,0.0,0.33,0.982,22.51,1.94452,2.93996,2.03172,0.020639,0.0,-9999.0,20.55,96.4
201207160300,201207160330,0.407327,0.0,0.329,1.635,23.34,2.01156,1.73517,2.10029,0.020441,0.0,-9999.0,20.52,94.3
201207160330,201207160400,0.042589,0.0,0.33,2.637,23.69,2.03992,2.12387,2.13029,0.020367,0.0,-9999.0,20.49,91.0
201207160400,201207160430,0.563284,0.0,0.33,2.497,23.35,2.01203,1.5797,2.10416,0.020231,0.0,-9999.0,20.47,91.3
201207160430,201207160500,1.02335,0.0,3.384,2.125,22.92,1.97695,1.09,2.07078,0.2036,1.62031,-9999.0,20.44,92.4
201207160500,201207160530,0.190324,0.0,28.02,1.847,22.68,1.95738,1.90647,2.05285,1.5302,76.3469,-9999.0,20.41,93.3
201207160530,201207160600,-3.71445,0.0,69.44,1.945,23.29,2.00662,5.853,2.10386,3.30753,193.359,-9999.0,20.39,93.2
201207160600,201207160630,-6.0729,0.0,125.4,2.626,24.19,2.07998,8.27326,2.17904,5.12631,312.651,-9999.0,20.37,91.3
201207160630,201207160700,-7.36742,0.0,292.7,6.56,25.33,2.17398,9.64631,2.27486,8.55895,432.182,-9999.0,20.34,79.7
201207160700,201207160730,-8.36155,0.0,399.7,11.551,26.77,2.29432,10.74,2.39693,9.60146,549.906,-9999.0,20.32,67.17
201207160730,201207160800,-8.74846,0.0,500.0,13.121,27.15,2.3262,11.1531,2.43069,10.1128,663.811,-9999.0,20.31,63.53
201207160800,201207160830,-9.05252,0.0,594.5,15.216,28.01,2.39899,11.5167,2.50532,10.1517,771.946,-9999.0,20.29,59.78
201207160830,201207160900,-7.41911,0.0,682.0,16.645,28.57,2.44659,9.92199,2.55485,10.1471,872.461,-9999.0,20.29,57.41
201207160900,201207160930,-7.93271,0.0,761.0,18.333,29.2,2.50043,10.4792,2.61063,9.92029,963.637,-9999.0,20.28,54.77
201207160930,201207161000,-7.38309,0.0,833.0,22.049,29.8,2.55193,9.97115,2.66412,8.99465,1043.91,-9999.0,20.28,47.45
201207161000,201207161030,-5.58024,0.0,884.0,27.776,31.02,2.65757,8.25295,2.7716,7.49708,1111.92,-9999.0,20.29,38.26
201207161030,201207161100,-5.13047,0.0,934.0,30.569,31.58,2.70622,7.84196,2.82232,6.84308,1166.48,-9999.0,20.3,34.18
201207161100,201207161130,-5.15193,0.0,948.0,31.306,31.83,2.72787,7.88066,2.84617,6.6635,1206.68,-9999.0,20.32,33.54
201207161130,201207161200,-4.63854,0.0,956.0,33.781,32.15,2.75569,7.38937,2.8762,6.08623,1231.82,-9999.0,20.35,29.57
201207161200,201207161230,-2.78015,0.0,966.0,31.787,31.82,2.72652,5.50793,2.84939,6.5319,1241.47,-9999.0,20.39,32.48
201207161230,201207161300,-3.72527,0.0,947.0,29.633,31.88,2.73154,6.45708,2.85669,7.02262,1235.47,-9999.0,20.43,37.27
201207161300,201207161330,-3.33009,0.0,915.0,27.968,31.68,2.71379,6.04788,2.84123,7.39838,1213.91,-9999.0,20.47,40.12
201207161330,201207161400,-3.18599,0.0,869.0,27.665,31.35,2.68472,5.88073,2.8144,7.40154,1177.18,-9999.0,20.52,39.65
201207161400,201207161430,-1.73702,0.0,827.0,29.265,31.5,2.69758,4.44205,2.82955,6.92295,1125.89,-9999.0,20.58,36.7
201207161430,201207161500,-2.62857,0.0,768.0,29.231,31.41,2.68949,5.32722,2.82369,6.82947,1060.93,-9999.0,20.65,36.45
201207161500,201207161530,-3.75953,0.0,694.8,31.549,31.85,2.72772,6.48861,2.86431,6.16944,983.397,-9999.0,20.73,33.1
201207161530,201207161600,-2.72778,0.0,613.1,33.496,32.05,2.745,5.47062,2.88395,5.61764,894.631,-9999.0,20.8,29.77
201207161600,201207161630,-1.34418,0.0,519.7,34.553,32.14,2.75265,4.09314,2.89393,5.23012,796.147,-9999.0,20.86,27.92
201207161630,201207161700,-2.08104,0.0,423.7,34.741,31.98,2.73839,4.81876,2.8819,4.9551,689.628,-9999.0,20.91,26.87
201207161700,201207161730,-2.64784,0.0,332.3,35.268,32.03,2.74253,5.3889,2.88837,4.5629,576.899,-9999.0,20.95,25.97
201207161730,201207161800,-1.05726,0.0,236.3,37.46,32.1,2.74842,3.80305,2.89661,3.83738,459.887,-9999.0,20.98,21.68
201207161800,201207161830,-0.443823,0.0,148.0,36.342,31.68,2.71142,3.16032,2.86162,3.28392,340.595,-9999.0,21.0,22.19
201207161830,201207161900,-9999.0,1.0,63.74,32.71,30.42,2.60153,1.68272,2.75291,2.15957,221.064,-9999.0,21.01,24.76
201207161900,201207161930,-9999.0,1.0,18.29,26.827,27.95,2.38928,1.14904,2.53998,0.812904,103.339,-9999.0,21.01,28.84
201207161930,201207162000,-9999.0,1.0,5.015,22.325,25.87,2.21396,0.299918,2.36351,0.238134,9.16212,-9999.0,21.01,33.09
201207162000,201207162030,-9999.0,1.0,0.355,17.428,23.41,2.01129,0.211962,2.1581,0.017076,0.0,-9999.0,21.0,39.5
201207162030,201207162100,2.7908,0.0,0.33,15.852,22.21,1.91437,-0.729251,2.06028,0.01574,0.0,-9999.0,20.98,40.82
201207162100,201207162130,3.12378,0.0,0.33,15.08,21.69,1.87272,-1.09783,2.01905,0.015605,0.0,-9999.0,20.96,41.89
201207162130,201207162200,3.46439,0.0,0.33,14.021,20.78,1.80065,-1.50046,1.9463,0.015469,0.0,-9999.0,20.92,42.87
201207162200,201207162230,2.36433,0.0,0.33,12.721,19.92,1.73336,-0.458779,1.87825,0.015334,0.0,-9999.0,20.88,45.34
201207162230,201207162300,2.62273,0.0,0.33,11.504,18.72,1.64094,-0.798156,1.78388,0.015199,0.0,-9999.0,20.83,46.74
201207162300,201207162330,1.92041,0.0,0.33,9.343,17.74,1.56671,-0.161555,1.70806,0.015064,0.0,-9999.0,20.77,54.0
201207162330,201207170000,1.5843,0.0,0.33,7.954,16.99,1.51068,0.124528,1.65096,0.014928,0.0,-9999.0,20.71,58.94
201207170000,201207170030,1.86219,0.0,0.33,6.618,15.76,1.42045,-0.234759,1.55787,0.014792,0.0,-9999.0,20.64,63.05
201207170030,201207170100,1.39205,0.0,0.33,6.339,15.52,1.40298,0.219528,1.54633,0.014867,0.0,-9999.0,20.57,64.06
201207170100,201207170130,2.84182,0.0,0.33,5.755,14.83,1.35345,-1.27549,1.50066,0.014942,0.0,-9999.0,20.5,65.89
201207170130,201207170200,4.63248,0.0,0.33,6.812,15.01,1.36615,-3.05447,1.52072,0.015018,0.0,-9999.0,20.42,60.09
201207170200,201207170230,2.34397,0.0,0.316,6.854,15.29,1.38607,-0.74771,1.54858,0.014453,0.0,-9999.0,20.35,60.56
201207170230,201207170300,1.92398,0.0,0.327,5.965,15.41,1.39457,-0.319929,1.56438,0.01503,0.0,-9999.0,20.27,65.94
201207170300,201207170330,2.09794,0.0,0.305,5.745,16.35,1.46265,-0.432076,1.6443,0.014089,0.0,-9999.0,20.19,69.11
201207170330,201207170400,3.50043,0.0,0.142,5.76,17.01,1.5111,-1.79093,1.70356,0.006595,0.0,-9999.0,20.12,70.3
201207170400,201207170430,2.14675,0.0,0.211,5.901,17.07,1.51541,-0.433343,1.71549,0.009846,0.0,-9999.0,20.04,69.69
201207170430,201207170500,1.74587,0.0,5.37,6.207,17.17,1.52269,-0.0259,1.73069,0.248328,1.17054,-9999.0,19.97,68.32
201207170500,201207170530,4.30916,0.0,36.29,6.352,17.46,1.54413,-2.56998,1.76138,1.55707,73.6135,-9999.0,19.89,68.17
201207170530,201207170600,-3.48451,0.0,118.2,6.953,18.31,1.60783,5.28037,1.83844,4.2466,190.773,-9999.0,19.82,66.97
201207170600,201207170630,-9999.0,1.0,227.0,7.778,19.37,1.6885,4.03631,1.93455,6.71956,310.217,-9999.0,19.76,65.42
201207170630,201207170700,-9999.0,1.0,328.7,9.397,21.17,1.82848,3.89293,2.09621,8.35711,429.899,-9999.0,19.7,62.62
201207170700,201207170730,-7.33331,0.0,430.9,12.776,23.5,2.01472,9.48106,2.30929,9.01373,547.773,-9999.0,19.65,55.89
201207170730,201207170800,-6.46955,0.0,530.9,15.634,24.67,2.11008,8.69757,2.42361,9.13494,661.822,-9999.0,19.6,49.68
201207170800,201207170830,-8.15203,0.0,628.0,17.955,25.34,2.16514,10.4261,2.49426,9.05648,770.094,-9999.0,19.57,44.47
201207170830,201207170900,-6.21286,0.0,712.0,19.279,26.16,2.23308,8.54335,2.57955,9.01992,870.737,-9999.0,19.54,43.2
201207170900,201207170930,-6.45567,0.0,791.0,22.335,27.23,2.32259,8.85997,2.6892,8.41265,962.028,-9999.0,19.53,38.21
201207170930,201207171000,-4.70277,0.0,854.0,24.188,27.95,2.38323,7.15676,2.76749,8.05243,1042.41,-9999.0,19.51,35.84
201207171000,201207171030,-4.38723,0.0,901.0,26.717,29.12,2.48268,6.92213,2.88941,7.4866,1110.5,-9999.0,19.51,33.78
201207171030,201207171100,-2.81076,0.0,924.0,28.397,29.87,2.54682,5.3975,2.97268,7.11654,1165.13,-9999.0,19.52,32.59
201207171100,201207171130,-2.49705,0.0,973.0,28.67,30.52,2.60267,5.12872,3.04717,7.11588,1205.38,-9999.0,19.54,34.43
201207171130,201207171200,-2.75753,0.0,982.0,30.506,31.21,2.66224,5.43691,3.12628,6.71376,1230.55,-9999.0,19.57,32.92
201207171200,201207171230,-2.06949,0.0,966.0,31.753,31.72,2.70638,4.78409,3.1885,6.44098,1240.21,-9999.0,19.61,32.17
201207171230,201207171300,-2.20921,0.0,966.0,33.427,32.12,2.74105,4.9514,3.24037,6.11233,1234.2,-9999.0,19.66,30.19
201207171300,201207171330,-2.52494,0.0,930.0,35.243,32.54,2.77755,5.29611,3.29462,5.75352,1212.62,-9999.0,19.71,28.12
201207171330,201207171400,-0.668233,0.0,884.0,35.697,32.75,2.79571,3.45382,3.32832,5.65357,1175.84,-9999.0,19.78,28.05
201207171400,201207171430,-0.844412,0.0,830.0,37.4,33.23,2.83761,3.66311,3.38928,5.33758,1124.49,-9999.0,19.85,26.62
201207171430,201207171500,-2.01517,0.0,764.0,38.159,33.28,2.84794,4.8372,3.40735,5.18022,1059.44,-9999.0,19.94,25.34
201207171500,201207171530,-0.149825,0.0,690.8,39.936,33.8,2.89987,3.00772,3.47304,4.8679,981.813,-9999.0,20.03,24.1
201207171530,201207171600,-0.833337,0.0,605.9,40.23,33.8,2.90589,3.69653,3.48629,4.75855,892.935,-9999.0,20.12,23.54
201207171600,201207171630,-1.11916,0.0,511.8,41.433,34.07,2.93596,4.00641,3.52713,4.50003,794.325,-9999.0,20.2,22.43
201207171630,201207171700,-1.06254,0.0,416.1,41.657,34.1,2.94471,3.95721,3.54357,4.32819,687.672,-9999.0,20.27,22.14
201207171700,201207171730,-0.93249,0.0,317.8,41.431,33.83,2.92666,3.81368,3.52914,4.12078,574.8,-9999.0,20.34,21.39
201207171730,201207171800,-9999.0,1.0,225.9,40.116,33.36,2.89067,3.96348,3.49391,3.87351,457.64,-9999.0,20.39,21.86
201207171800,201207171830,-9999.0,1.0,140.4,37.878,32.64,2.83234,3.19781,3.43261,3.38092,338.197,-9999.0,20.44,23.18
201207171830,201207171900,-9999.0,1.0,63.12,33.878,31.55,2.74118,1.79096,3.33286,2.27694,218.514,-9999.0,20.48,26.93
201207171900,201207171930,-9999.0,1.0,22.21,27.606,29.43,2.55982,1.28471,3.12738,1.04311,100.64,-9999.0,20.51,32.79
201207171930,201207172000,-9999.0,1.0,4.543,23.805,27.8,2.42304,0.377386,2.97274,0.238137,8.06154,-9999.0,20.52,36.3
201207172000,201207172030,2.17818,0.0,0.334,21.44,26.63,2.32705,0.227105,2.86511,0.018007,0.0,-9999.0,20.54,38.56
201207172030,201207172100,1.38496,0.0,0.323,19.951,25.7,2.25218,0.959242,2.78178,0.01749,0.0,-9999.0,20.54,39.6
201207172100,201207172130,1.37763,0.0,0.323,18.856,25.07,2.20314,0.926479,2.72856,0.017565,0.0,-9999.0,20.54,40.74
201207172130,201207172200,2.36429,0.0,0.312,17.591,24.29,2.14156,-0.11092,2.66021,0.017039,0.0,-9999.0,20.53,42.08
201207172200,201207172230,0.300017,0.0,0.282,16.805,23.59,2.08699,1.90816,2.59982,0.015468,0.0,-9999.0,20.52,42.29
201207172230,201207172300,2.17055,0.0,0.187,17.208,23.34,2.07024,0.024012,2.58424,0.010305,0.0,-9999.0,20.5,40.01
201207172300,201207172330,3.77641,0.0,0.121,17.438,22.99,2.0451,-1.60256,2.55855,0.006697,0.0,-9999.0,20.48,37.91
201207172330,201207180000,1.50914,0.0,0.075,17.795,22.66,2.02163,0.645359,2.53473,0.004169,0.0,-9999.0,20.45,35.36
201207180000,201207180030,0.328615,0.0,0.045,17.586,22.25,1.99151,1.80083,2.50279,0.002512,0.0,-9999.0,20.42,34.51
201207180030,201207180100,2.79092,0.0,0.017,16.78,22.02,1.97636,-0.67389,2.48871,0.000953,0.0,-9999.0,20.38,36.63
201207180100,201207180130,0.910022,0.0,0.012,15.658,21.53,1.93965,1.1762,2.44855,0.000676,0.0,-9999.0,20.34,39.07
201207180130,201207180200,1.30653,0.0,0.003,15.499,21.42,1.93441,0.775647,2.44623,0.00017,0.0,-9999.0,20.31,39.28
201207180200,201207180230,1.39647,0.0,0.017,14.509,20.97,1.90105,0.65761,2.40983,0.000965,0.0,-9999.0,20.27,41.57
201207180230,201207180300,3.39769,0.0,0.034,13.659,20.35,1.85383,-1.38376,2.35642,0.001937,0.0,-9999.0,20.22,42.85
201207180300,201207180330,-0.55226,0.0,0.018,13.558,20.17,1.84275,2.55706,2.34674,0.00103,0.0,-9999.0,20.18,42.64
201207180330,201207180400,2.11888,0.0,0.016,12.749,19.87,1.82184,-0.131723,2.32502,0.000919,0.0,-9999.0,20.13,45.05
201207180400,201207180430,2.69836,0.0,0.104,12.981,20.05,1.84019,-0.694938,2.35112,0.005995,0.0,-9999.0,20.09,44.67
201207180430,201207180500,2.48989,0.0,4.797,12.335,19.66,1.81185,-0.510564,2.32019,0.271378,0.781672,-9999.0,20.04,46.14
201207180500,201207180530,-9999.0,1.0,31.0,10.326,18.12,1.69075,-0.598182,2.17524,1.57381,70.7817,-9999.0,19.99,50.36
201207180530,201207180600,-9999.0,1.0,145.2,9.965,17.92,1.67807,3.98748,2.16304,5.12691,188.095,-9999.0,19.94,51.49
201207180600,201207180630,-9999.0,1.0,242.7,11.095,19.11,1.77751,4.92085,2.2889,6.7584,307.694,-9999.0,19.9,49.87
201207180630,201207180700,-9999.0,1.0,347.9,14.24,21.41,1.97209,6.45566,2.53161,7.59441,427.533,-9999.0,19.85,44.18
201207180700,201207180730,-7.23085,0.0,451.7,20.348,24.75,2.26429,9.59526,2.89327,7.50141,545.561,-9999.0,19.8,34.82
201207180730,201207180800,-6.48944,0.0,550.4,23.595,26.32,2.40823,8.97278,3.07344,7.44177,659.759,-9999.0,19.75,31.14
201207180800,201207180830,-5.54906,0.0,636.0,24.164,26.47,2.42639,8.04774,3.1003,7.60056,768.172,-9999.0,19.72,30.1
201207180830,201207180900,-3.72164,0.0,724.0,24.567,26.71,2.45273,6.24233,3.13721,7.73492,868.946,-9999.0,19.68,29.93
201207180900,201207180930,-2.70247,0.0,795.0,26.013,27.42,2.52189,5.27988,3.22653,7.63861,960.357,-9999.0,19.66,28.83
201207180930,201207181000,-1.77669,0.0,861.0,28.063,28.3,2.60731,4.42362,3.33587,7.42434,1040.84,-9999.0,19.64,27.06
201207181000,201207181030,-1.00032,0.0,914.0,30.623,29.23,2.69827,3.72077,3.45212,7.11785,1109.02,-9999.0,19.64,24.58
201207181030,201207181100,-1.14464,0.0,954.0,33.893,30.42,2.81454,3.9582,3.59943,6.71733,1163.73,-9999.0,19.64,22.04
201207181100,201207181130,-1.69926,0.0,975.0,35.785,30.97,2.87172,4.55863,3.67469,6.50586,1204.03,-9999.0,19.66,20.23
201207181130,201207181200,-0.245031,0.0,984.0,37.228,31.58,2.93497,3.15483,3.75751,6.35304,1229.23,-9999.0,19.68,19.84
201207181200,201207181230,-1.49003,0.0,980.0,39.518,32.36,3.01491,4.4631,3.86087,6.10281,1238.9,-9999.0,19.72,18.58
201207181230,201207181300,-0.92129,0.0,962.0,40.248,32.83,3.06571,3.93463,3.92872,6.03269,1232.89,-9999.0,19.76,19.24
201207181300,201207181330,0.467502,0.0,935.0,41.479,33.33,3.11971,2.58847,4.0006,5.90609,1211.28,-9999.0,19.81,19.07
201207181330,201207181400,-4.78648,0.0,895.0,42.751,33.69,3.16046,7.8747,4.05637,5.77288,1174.45,-9999.0,19.86,18.25
201207181400,201207181430,-1.52596,0.0,843.0,44.188,34.17,3.21309,4.65552,4.12679,5.6207,1123.03,-9999.0,19.94,17.73
201207181430,201207181500,-2.36131,0.0,776.0,43.916,34.27,3.22893,5.50374,4.15216,5.62118,1057.9,-9999.0,20.02,18.69
201207181500,201207181530,-3.25223,0.0,699.8,45.835,34.9,3.29668,6.44748,4.24137,5.40408,980.168,-9999.0,20.11,18.05
201207181530,201207181600,-3.14071,0.0,614.0,46.79,35.26,3.33828,6.36855,4.29857,5.25859,891.173,-9999.0,20.2,17.99
201207181600,201207181630,-2.78758,0.0,523.0,47.566,35.4,3.35838,6.03148,4.32939,5.10185,792.435,-9999.0,20.28,17.27
201207181630,201207181700,-2.02268,0.0,428.2,47.7,35.3,3.35482,5.26452,4.33108,4.94844,685.642,-9999.0,20.35,16.58
201207181700,201207181730,-1.13242,0.0,327.9,46.868,35.04,3.33543,4.36005,4.31317,4.76435,572.623,-9999.0,20.42,16.85
201207181730,201207181800,-2.01489,0.0,229.8,46.131,34.99,3.33674,5.24419,4.32078,4.40123,455.31,-9999.0,20.48,17.93
201207181800,201207181830,2.49412,0.0,142.0,43.719,34.32,3.27667,0.689649,4.25233,3.82251,335.71,-9999.0,20.53,19.28
201207181830,201207181900,2.61946,0.0,58.23,40.782,33.42,3.19392,0.50103,4.1554,2.43595,215.872,-9999.0,20.56,20.83
201207181900,201207181930,1.98768,0.0,17.76,32.862,30.78,2.94144,0.936163,3.84629,1.00275,97.8436,-9999.0,20.59,25.95
201207181930,201207182000,-9999.0,1.0,4.718,26.432,28.34,2.71178,1.21608,3.56375,0.295459,6.99849,-9999.0,20.62,31.46
201207182000,201207182030,-9999.0,1.0,0.366,22.48,26.95,2.58469,0.661688,3.40865,0.02373,0.0,-9999.0,20.63,36.78
201207182030,201207182100,-9999.0,1.0,0.329,20.405,26.01,2.50091,0.580807,3.30748,0.021413,0.0,-9999.0,20.64,39.35
201207182100,201207182130,2.07538,0.0,0.317,20.367,25.76,2.48207,0.482244,3.28809,0.020706,0.0,-9999.0,20.63,38.56
201207182130,201207182200,2.16801,0.0,0.3,19.474,25.3,2.44355,0.358606,3.24366,0.019666,0.0,-9999.0,20.62,39.63
201207182200,201207182230,-9999.0,1.0,0.273,19.084,25.19,2.43776,0.166922,3.24062,0.017962,0.0,-9999.0,20.61,40.45
201207182230,201207182300,-9999.0,1.0,0.243,17.694,24.65,2.39177,0.285247,3.18642,0.016047,0.0,-9999.0,20.59,42.98
201207182300,201207182330,-9999.0,1.0,0.232,16.491,23.97,2.33291,0.123843,3.11556,0.015375,0.0,-9999.0,20.57,44.65
201207182330,201207190000,-9999.0,1.0,0.265,14.685,23.18,2.26416,-0.16978,3.03177,0.01762,0.0,-9999.0,20.55,48.31
201207190000,201207190030,-9999.0,1.0,0.064,16.297,23.47,2.29508,0.068413,3.07533,0.004275,0.0,-9999.0,20.52,43.63
201207190030,201207190100,-9999.0,1.0,0.044,16.096,23.35,2.28817,0.083689,3.07186,0.002992,0.0,-9999.0,20.48,43.92
201207190100,201207190130,-9999.0,1.0,0.094,14.171,22.7,2.23231,-0.338509,3.00544,0.006503,0.0,-9999.0,20.45,48.65
201207190130,201207190200,-9999.0,1.0,0.288,11.854,21.75,2.14933,-0.31728,2.90368,0.020241,0.0,-9999.0,20.41,54.49
201207190200,201207190230,-9999.0,1.0,0.3,10.544,21.06,2.09056,-0.535966,2.83268,0.021441,0.0,-9999.0,20.38,57.77
201207190230,201207190300,-9999.0,1.0,0.315,10.856,20.45,2.03933,-0.415645,2.7711,0.022885,0.0,-9999.0,20.34,54.86
201207190300,201207190330,-9999.0,1.0,0.089,12.092,21.09,2.10087,-0.428923,2.85582,0.006582,0.0,-9999.0,20.3,51.66
201207190330,201207190400,-9999.0,1.0,0.05,11.871,20.82,2.08016,-0.486449,2.83374,0.003759,0.0,-9999.0,20.26,51.75
201207190400,201207190430,-9999.0,1.0,0.188,11.582,20.16,2.02427,-0.422828,2.76565,0.014342,0.0,-9999.0,20.22,50.97
201207190430,201207190500,-9999.0,1.0,4.619,11.188,19.4,1.95981,-0.183869,2.68599,0.346117,0.472787,-9999.0,20.18,50.35
201207190500,201207190530,-9999.0,1.0,31.45,13.214,20.23,2.03789,-0.1714,2.7928,1.988,67.8524,-9999.0,20.13,44.3
201207190530,201207190600,-9999.0,1.0,142.6,12.918,20.38,2.05514,6.54298,2.82009,5.48915,185.323,-9999.0,20.09,46.05
201207190600,201207190630,-9999.0,2.0,239.9,13.034,20.57,2.07611,7.09436,2.85231,6.91855,305.083,-9999.0,20.04,46.2
201207190630,201207190700,-9999.0,2.0,343.7,16.387,22.72,2.27891,10.5445,3.12307,7.57585,425.083,-9999.0,19.99,40.69
201207190700,201207190730,-9999.0,2.0,447.1,23.451,26.53,2.64895,9.88932,3.61177,7.53392,543.27,-9999.0,19.95,32.4
201207190730,201207190800,-8.81091,0.0,546.0,26.87,27.98,2.7969,11.6346,3.81046,7.56251,657.621,-9999.0,19.91,28.85
201207190800,201207190830,-8.51435,0.0,638.2,27.882,28.29,2.83278,11.3673,3.86344,7.69215,766.181,-9999.0,19.88,27.49
201207190830,201207190900,-6.72269,0.0,724.0,29.375,28.82,2.89094,9.62252,3.94557,7.71624,867.09,-9999.0,19.85,25.92
201207190900,201207190930,-5.12086,0.0,798.0,31.901,29.86,3.00115,8.1086,4.09573,7.59548,958.624,-9999.0,19.83,24.23
201207190930,201207191000,-9999.0,1.0,861.0,35.129,31.05,3.12791,6.97021,4.26768,7.38034,1039.22,-9999.0,19.82,22.05
201207191000,201207191030,-9999.0,1.0,911.0,38.993,32.32,3.26437,5.34358,4.45248,7.09097,1107.49,-9999.0,19.82,19.48
201207191030,201207191100,-2.15954,0.0,948.0,42.537,33.55,3.39815,5.45857,4.63399,6.82467,1162.27,-9999.0,19.83,18.02
201207191100,201207191130,-0.372797,0.0,973.0,42.699,33.52,3.401,3.67469,4.64504,6.84734,1202.62,-9999.0,19.85,17.57
201207191130,201207191200,-1.79601,0.0,983.0,45.575,34.47,3.50679,5.17976,4.79052,6.62726,1227.86,-9999.0,19.89,16.55
201207191200,201207191230,-0.856604,0.0,973.0,44.436,34.62,3.52878,4.25785,4.82676,6.74018,1237.55,-9999.0,19.93,19.31
201207191230,201207191300,0.843533,0.0,956.0,40.472,33.73,3.44102,2.49114,4.71938,7.09887,1231.52,-9999.0,19.98,22.78
201207191300,201207191330,1.71174,0.0,930.0,38.336,33.13,3.38386,1.5796,4.65166,7.29651,1209.88,-9999.0,20.04,24.36
201207191330,201207191400,-0.230526,0.0,889.0,36.533,32.6,3.33403,3.48404,4.5933,7.45368,1173.0,-9999.0,20.1,25.74
201207191400,201207191430,-1.38817,0.0,836.0,36.752,32.48,3.32723,4.63706,4.5914,7.41156,1121.51,-9999.0,20.18,24.79
201207191430,201207191500,-2.18998,0.0,769.0,37.994,32.63,3.34881,5.45623,4.62692,7.26004,1056.29,-9999.0,20.27,22.9
201207191500,201207191530,-2.04701,0.0,690.8,38.979,32.74,3.36624,5.32739,4.657,7.11342,978.461,-9999.0,20.36,21.39
201207191530,201207191600,-2.0542,0.0,606.3,40.517,32.94,3.39324,5.35609,4.69979,6.90023,889.347,-9999.0,20.46,19.2
201207191600,201207191630,-2.24914,0.0,515.4,40.69,33.04,3.40973,5.5644,4.72872,6.76453,790.476,-9999.0,20.54,19.31
201207191630,201207191700,-1.58099,0.0,418.4,39.937,33.08,3.41987,4.90474,4.74928,6.63331,683.54,-9999.0,20.61,20.98
201207191700,201207191730,0.738136,0.0,319.3,38.978,32.94,3.41085,2.57933,4.7444,6.40025,570.368,-9999.0,20.66,22.27
201207191730,201207191800,-0.19363,0.0,222.8,36.145,32.22,3.34009,3.45706,4.65726,6.07064,452.897,-9999.0,20.71,24.94
201207191800,201207191830,-0.334835,0.0,136.8,34.205,31.88,3.3097,3.57535,4.62361,5.30234,333.137,-9999.0,20.74,27.59
201207191830,201207191900,1.66829,0.0,59.47,29.668,30.58,3.17775,1.46998,4.45391,3.70267,213.137,-9999.0,20.77,32.38
201207191900,201207191930,1.23762,0.0,21.53,25.462,28.61,2.9767,1.74276,4.19047,1.88832,94.9507,-9999.0,20.78,35.0
201207191930,201207192000,5.26366,0.0,4.257,21.044,26.66,2.78029,-2.43973,3.93168,0.458345,5.99225,-9999.0,20.79,39.8
201207192000,201207192030,-9999.0,1.0,0.336,16.721,24.71,2.58684,0.294833,3.67526,0.038375,0.0,-9999.0,20.8,46.31
201207192030,201207192100,-9999.0,1.0,0.33,14.487,23.48,2.46808,-0.041182,3.519,0.038089,0.0,-9999.0,20.79,49.92
201207192100,201207192130,-9999.0,1.0,0.33,13.296,22.7,2.39493,-0.224352,3.42423,0.038484,0.0,-9999.0,20.78,51.82
201207192130,201207192200,-9999.0,1.0,0.329,12.762,22.27,2.3566,-0.160581,3.37668,0.03876,0.0,-9999.0,20.76,52.53
201207192200,201207192230,-9999.0,1.0,0.33,11.476,21.47,2.28218,-0.217365,3.27942,0.039272,0.0,-9999.0,20.74,55.18
201207192230,201207192300,-9999.0,1.0,0.33,10.463,20.61,2.20252,-0.43154,3.17448,0.039666,0.0,-9999.0,20.71,56.92
201207192300,201207192330,-9999.0,1.0,0.33,9.019,19.49,2.09877,-0.258283,3.03577,0.040059,0.0,-9999.0,20.67,60.2
201207192330,201207200000,-9999.0,1.0,0.33,8.42,19.05,2.0605,-0.429697,2.98707,0.040451,0.0,-9999.0,20.63,61.81
201207200000,201207200030,-9999.0,1.0,0.33,7.706,18.47,2.00918,-0.032515,2.92006,0.040844,0.0,-9999.0,20.58,63.76
201207200030,201207200100,2.39951,0.0,0.33,6.642,17.52,1.92377,-0.286469,2.80526,0.041236,0.0,-9999.0,20.53,66.84
201207200100,201207200130,-9999.0,1.0,0.33,6.172,17.16,1.89366,-0.351422,2.76714,0.041628,0.0,-9999.0,20.48,68.48
201207200130,201207200200,-9999.0,1.0,0.33,5.724,16.74,1.85813,-0.818166,2.72128,0.042021,0.0,-9999.0,20.42,69.98
201207200200,201207200230,-9999.0,1.0,0.33,5.098,16.13,1.80544,-1.05534,2.65116,0.042413,0.0,-9999.0,20.36,72.2
201207200230,201207200300,-9999.0,1.0,0.329,4.482,15.59,1.75949,-0.823306,2.59022,0.042676,0.0,-9999.0,20.3,74.7
201207200300,201207200330,-9999.0,1.0,0.327,5.075,16.17,1.81512,-1.046,2.67203,0.042806,0.0,-9999.0,20.24,72.4
201207200330,201207200400,-9999.0,1.0,0.289,5.764,16.54,1.8521,-0.894567,2.72771,0.038193,0.0,-9999.0,20.18,69.38
201207200400,201207200430,-9999.0,1.0,0.298,5.849,16.54,1.85518,-0.891457,2.73574,0.039733,0.0,-9999.0,20.11,68.93
201207200430,201207200500,-9999.0,1.0,3.999,4.441,15.2,1.73593,-0.600186,2.57096,0.514551,0.233422,-9999.0,20.05,74.3
201207200500,201207200530,-9999.0,1.0,30.92,4.231,15.19,1.7379,-0.059465,2.5772,3.06021,64.8265,-9999.0,19.99,75.5
201207200530,201207200600,-9999.0,1.0,118.4,4.621,15.58,1.77617,6.30656,2.6349,6.77359,182.46,-9999.0,19.92,73.9
201207200600,201207200630,-9999.0,1.0,217.0,6.001,17.0,1.91037,4.31785,2.82852,8.4961,302.385,-9999.0,19.86,69.04
201207200630,201207200700,-9999.0,1.0,323.2,9.345,19.82,2.18413,3.6398,3.21878,9.4758,422.551,-9999.0,19.8,59.6
201207200700,201207200730,-9999.0,1.0,429.1,16.634,24.09,2.61926,10.1605,3.83384,9.41734,540.901,-9999.0,19.74,44.57
201207200730,201207200800,-9999.0,1.0,530.8,20.892,26.41,2.86752,7.89401,4.18574,9.33195,655.41,-9999.0,19.69,39.35
201207200800,201207200830,-9999.0,1.0,625.6,25.0,28.11,3.05477,9.86031,4.45228,9.13445,764.119,-9999.0,19.64,34.3
201207200830,201207200900,-9999.0,1.0,712.0,27.801,29.22,3.18061,7.52711,4.63333,8.99977,865.169,-9999.0,19.6,31.49
201207200900,201207200930,-9999.0,1.0,789.0,32.113,30.54,3.3311,7.26739,4.8488,8.67557,956.829,-9999.0,19.58,26.64
201207200930,201207201000,-9999.0,1.0,855.0,36.09,31.91,3.48902,7.53744,5.0747,8.3659,1037.53,-9999.0,19.56,23.73
201207201000,201207201030,-2.40942,0.0,903.0,38.923,33.19,3.63862,5.925,5.28913,8.15145,1105.9,-9999.0,19.56,23.46
201207201030,201207201100,-9999.0,1.0,938.0,40.688,33.83,3.71702,5.12699,5.40484,8.02901,1160.75,-9999.0,19.58,22.8
201207201100,201207201130,-9999.0,1.0,963.0,41.979,34.25,3.77084,4.97886,5.48654,7.94479,1201.16,-9999.0,19.61,22.19
201207201130,201207201200,-9999.0,1.0,974.0,42.972,34.48,3.8032,4.58262,5.53852,7.88112,1226.43,-9999.0,19.65,21.36
201207201200,201207201230,-1.85225,0.0,976.0,44.39,34.72,3.83683,5.52172,5.59234,7.77566,1236.14,-9999.0,19.71,19.84
201207201230,201207201300,-3.01382,0.0,963.0,46.324,35.07,3.88322,6.71915,5.66402,7.61994,1230.1,-9999.0,19.77,17.95
201207201300,201207201330,-1.83317,0.0,936.0,47.065,35.21,3.9056,5.55615,5.70232,7.56462,1208.43,-9999.0,19.84,17.28
201207201330,201207201400,-4.0133,0.0,895.0,45.565,34.78,3.86233,7.70426,5.64898,7.69728,1171.5,-9999.0,19.92,17.99
201207201400,201207201430,-1.81341,0.0,842.0,44.143,34.25,3.8075,5.46348,5.57926,7.8154,1119.94,-9999.0,20.01,18.18
201207201430,201207201500,-2.56768,0.0,777.0,44.035,34.29,3.81822,6.22661,5.60117,7.80589,1054.63,-9999.0,20.12,18.56
201207201500,201207201530,-2.05082,0.0,701.0,43.167,34.21,3.81511,5.7081,5.60369,7.84701,976.693,-9999.0,20.23,19.81
201207201530,201207201600,-1.59792,0.0,614.8,42.887,34.28,3.8293,5.2667,5.63048,7.81292,887.456,-9999.0,20.34,20.64
201207201600,201207201630,-3.97246,0.0,522.5,41.773,34.03,3.8065,7.62462,5.60527,7.81646,788.449,-9999.0,20.43,21.62
201207201630,201207201700,-1.72437,0.0,427.2,40.918,33.79,3.78479,5.36072,5.58151,7.74488,681.365,-9999.0,20.51,22.19
201207201700,201207201730,-1.95599,0.0,330.5,39.804,33.49,3.7561,5.57117,5.54778,7.60208,568.037,-9999.0,20.59,23.03
201207201730,201207201800,-2.07861,0.0,233.4,38.358,33.1,3.71695,5.66458,5.49914,7.29746,450.403,-9999.0,20.64,24.19
201207201800,201207201830,-9999.0,1.0,144.9,35.492,32.32,3.63278,3.91145,5.38657,6.71672,330.478,-9999.0,20.69,26.71
201207201830,201207201900,-9999.0,1.0,58.11,30.417,30.64,3.44574,2.35918,5.12744,4.90388,210.312,-9999.0,20.73,30.91
201207201900,201207201930,1.47129,0.0,16.57,23.823,28.09,3.16251,1.68543,4.72968,2.22186,91.9623,-9999.0,20.75,37.32
201207201930,201207202000,0.629704,0.0,3.234,18.739,25.97,2.93178,2.34356,4.40471,0.526835,5.0326,-9999.0,20.77,44.17
201207202000,201207202030,1.06748,0.0,0.33,15.209,24.42,2.76682,1.7729,4.17256,0.056521,0.0,-9999.0,20.77,50.31
201207202030,201207202100,-9999.0,1.0,0.33,11.568,22.59,2.5743,-0.092524,3.89935,0.056925,0.0,-9999.0,20.77,57.8
201207202100,201207202130,-9999.0,1.0,0.33,8.891,21.29,2.44089,0.026226,3.71042,0.057322,0.0,-9999.0,20.77,64.89
201207202130,201207202200,-9999.0,1.0,0.33,7.698,20.67,2.37988,-0.172863,3.626,0.057714,0.0,-9999.0,20.75,68.42
201207202200,201207202230,-9999.0,1.0,0.33,6.793,19.53,2.26565,-0.026528,3.46358,0.058107,0.0,-9999.0,20.72,70.1
201207202230,201207202300,-9999.0,1.0,0.33,6.098,18.57,2.17124,-0.411365,3.32941,0.058499,0.0,-9999.0,20.69,71.5
201207202300,201207202330,-9999.0,1.0,0.33,5.278,17.55,2.07199,-0.45213,3.18755,0.058891,0.0,-9999.0,20.65,73.7
201207202330,201207210000,-9999.0,1.0,0.33,4.758,16.84,2.00469,-0.512322,3.09211,0.059284,0.0,-9999.0,20.61,75.2
201207210000,201207210030,-9999.0,1.0,0.33,4.238,16.48,1.97233,-0.675591,3.04788,0.059676,0.0,-9999.0,20.56,77.4
201207210030,201207210100,-9999.0,1.0,0.33,3.84,16.16,1.94399,-0.699991,2.99166,0.059281,0.0,-9999.0,20.5,79.1
201207210100,201207210130,-9999.0,1.0,0.33,3.803,15.71,1.90308,-0.614342,2.91747,0.058887,0.0,-9999.0,20.45,78.7
201207210130,201207210200,-9999.0,1.0,0.33,3.205,14.91,1.82875,-0.195699,2.79503,0.058492,0.0,-9999.0,20.38,81.1
201207210200,201207210230,-9999.0,1.0,0.33,3.712,14.97,1.83734,-0.187667,2.79409,0.058097,0.0,-9999.0,20.32,78.2
201207210230,201207210300,-9999.0,1.0,0.11,5.939,16.19,1.95902,-0.505056,2.95629,0.019293,0.0,-9999.0,20.26,67.74
201207210300,201207210330,-9999.0,1.0,0.141,6.303,16.34,1.97686,-0.103591,2.96762,0.02455,0.0,-9999.0,20.19,66.09
201207210330,201207210400,-9999.0,1.0,0.246,5.841,15.77,1.92372,-0.641722,2.87739,0.042475,0.0,-9999.0,20.12,67.41
201207210400,201207210430,-9999.0,1.0,0.288,5.111,15.19,1.87002,-0.129906,2.78707,0.049354,0.0,-9999.0,20.05,70.4
201207210430,201207210500,-9999.0,1.0,3.748,4.618,14.7,1.82545,0.283261,2.71036,0.609016,0.0728052,-9999.0,19.99,72.4
201207210500,201207210530,-9999.0,1.0,28.04,5.967,15.71,1.92669,-0.299153,2.83991,3.44213,61.705,-9999.0,19.93,66.58
201207210530,201207210600,-9999.0,1.0,136.9,6.476,16.4,1.99807,5.73161,2.92602,8.12841,179.505,-9999.0,19.86,65.29
201207210600,201207210630,-9999.0,1.0,237.1,7.034,17.22,2.08369,4.40082,3.03082,9.55653,299.6,-9999.0,19.8,64.21
201207210630,201207210700,-9999.0,2.0,341.3,11.082,20.0,2.37561,10.5218,3.41843,10.2149,419.936,-9999.0,19.74,52.62
201207210700,201207210730,-9999.0,1.0,447.5,18.963,24.57,2.87952,8.52404,4.08793,9.90023,538.454,-9999.0,19.67,38.6
201207210730,201207210800,-10.6695,0.0,548.6,23.887,26.67,3.123,13.81,4.39584,9.67446,653.125,-9999.0,19.62,31.71
201207210800,201207210830,-8.58979,0.0,643.0,24.316,27.72,3.24929,11.8312,4.54305,9.78702,761.988,-9999.0,19.57,34.63
201207210830,201207210900,-6.49689,0.0,728.0,26.542,28.77,3.37706,9.83963,4.69033,9.67582,863.181,-9999.0,19.54,32.87
201207210900,201207210930,-6.37827,0.0,801.0,29.551,29.85,3.50981,9.82544,4.84228,9.4574,954.971,-9999.0,19.51,29.77
201207210930,201207211000,-6.01476,0.0,866.0,33.412,31.1,3.66435,9.58242,5.02079,9.1474,1035.79,-9999.0,19.49,26.07
201207211000,201207211030,-5.09805,0.0,916.0,37.212,32.49,3.83758,8.79949,5.22127,8.83641,1104.25,-9999.0,19.49,23.89
201207211030,201207211100,-3.15467,0.0,947.0,37.04,32.98,3.90291,6.90671,5.2798,8.86704,1159.18,-9999.0,19.51,26.3
201207211100,201207211130,-3.51132,0.0,966.0,34.538,33.04,3.91611,7.27413,5.27047,9.09729,1199.65,-9999.0,19.54,31.51
201207211130,201207211200,-4.01906,0.0,980.0,35.446,33.25,3.94766,7.80661,5.28453,9.01905,1224.96,-9999.0,19.58,30.53
201207211200,201207211230,-2.13796,0.0,978.0,33.751,32.91,3.91199,5.89907,5.21272,9.1635,1234.67,-9999.0,19.64,32.58
201207211230,201207211300,-4.8303,0.0,968.0,32.908,32.15,3.82505,8.52568,5.07644,9.2258,1228.63,-9999.0,19.71,31.39
201207211300,201207211330,-5.0153,0.0,943.0,34.665,32.43,3.86497,8.74194,5.10129,9.04486,1206.93,-9999.0,19.78,28.86
201207211330,201207211400,-5.78927,0.0,900.0,32.207,31.88,3.80353,9.46956,4.99853,9.22158,1169.95,-9999.0,19.86,31.82
201207211400,201207211430,-5.03108,0.0,844.0,32.91,32.2,3.84834,8.74642,5.02928,9.10264,1118.32,-9999.0,19.96,31.58
201207211430,201207211500,-3.9972,0.0,780.0,32.323,31.92,3.81978,7.69136,4.96838,9.08035,1052.91,-9999.0,20.07,31.73
201207211500,201207211530,-3.93681,0.0,704.0,33.093,32.11,3.84877,7.65388,4.97904,8.91557,974.863,-9999.0,20.18,30.85
201207211530,201207211600,-6.05447,0.0,619.0,34.376,32.13,3.85694,9.77851,4.96382,8.67852,885.5,-9999.0,20.28,28.25
201207211600,201207211630,-4.13149,0.0,529.1,37.673,32.93,3.96138,7.93598,5.06623,8.25328,786.352,-9999.0,20.37,24.83
201207211630,201207211700,-3.3583,0.0,431.2,38.005,32.76,3.9462,7.15195,5.02195,7.9851,679.116,-9999.0,20.45,23.44
201207211700,201207211730,-2.94345,0.0,328.1,36.593,32.46,3.91489,6.71393,4.95841,7.69861,565.628,-9999.0,20.52,25.03
201207211730,201207211800,-9999.0,1.0,231.4,34.891,31.89,3.85018,5.07491,4.85509,7.21106,447.828,-9999.0,20.57,26.18
201207211800,201207211830,-9999.0,1.0,142.8,32.459,31.11,3.75967,4.04216,4.72164,6.33955,327.733,-9999.0,20.62,28.22
201207211830,201207211900,-0.817474,0.0,55.54,30.18,30.21,3.65469,4.38988,4.57197,4.16893,207.397,-9999.0,20.65,29.74
201207211900,201207211930,1.21617,0.0,15.98,23.987,27.69,3.35415,2.12188,4.1904,1.76908,88.8792,-9999.0,20.66,35.4
201207211930,201207212000,2.0185,0.0,3.233,18.887,25.37,3.08287,1.10422,3.84605,0.417291,4.129,-9999.0,20.68,41.69
201207212000,201207212030,1.42928,0.0,0.33,13.414,23.53,2.87255,1.52386,3.57639,0.043883,0.0,-9999.0,20.68,53.77
201207212030,201207212100,1.61156,0.0,0.33,9.739,21.98,2.699,1.19974,3.35218,0.043495,0.0,-9999.0,20.68,63.13
201207212100,201207212130,-9999.0,1.0,0.33,7.529,20.96,2.58767,0.007962,3.2032,0.0431,0.0,-9999.0,20.66,69.66
201207212130,201207212200,-9999.0,1.0,0.33,7.356,20.01,2.48534,-0.05076,3.06601,0.042706,0.0,-9999.0,20.64,68.57
201207212200,201207212230,-9999.0,1.0,0.33,6.382,18.91,2.36773,0.015613,2.91194,0.042311,0.0,-9999.0,20.61,70.8
201207212230,201207212300,-9999.0,1.0,0.33,4.924,17.9,2.26149,-0.309987,2.77238,0.041916,0.0,-9999.0,20.58,76.0
201207212300,201207212330,-9999.0,1.0,0.33,4.181,17.2,2.1897,-0.440614,2.67411,0.041522,0.0,-9999.0,20.54,78.7
201207212330,201207220000,-9999.0,1.0,0.33,3.859,16.77,2.14713,-0.459415,2.6106,0.041127,0.0,-9999.0,20.49,79.8
201207220000,201207220030,-9999.0,1.0,0.33,3.369,16.36,2.10688,-0.607613,2.55028,0.040732,0.0,-9999.0,20.44,81.9
201207220030,201207220100,-9999.0,1.0,0.33,3.096,15.93,2.06473,-0.700535,2.48826,0.040338,0.0,-9999.0,20.39,82.9
201207220100,201207220130,-9999.0,1.0,0.33,3.014,15.42,2.01449,-0.033224,2.41748,0.039943,0.0,-9999.0,20.33,82.8
201207220130,201207220200,-9999.0,1.0,0.33,3.776,15.82,2.05916,-0.456836,2.45552,0.039548,0.0,-9999.0,20.27,79.0
201207220200,201207220230,-9999.0,1.0,0.329,3.448,15.64,2.04327,-0.217882,2.4244,0.039035,0.0,-9999.0,20.21,80.6
201207220230,201207220300,-9999.0,1.0,0.33,2.851,15.2,2.00031,-0.029819,2.36297,0.038759,0.0,-9999.0,20.15,83.5
201207220300,201207220330,5.42445,0.0,0.33,2.457,14.27,1.90732,-3.28444,2.24581,0.038364,0.0,-9999.0,20.09,84.9
201207220330,201207220400,2.67042,0.0,0.327,2.342,14.48,1.93158,-0.508451,2.26086,0.037626,0.0,-9999.0,20.02,85.8
201207220400,201207220430,-0.174999,0.0,0.323,3.281,15.19,2.00789,2.40483,2.33345,0.036781,0.0,-9999.0,19.96,81.0
201207220430,201207220500,1.76895,0.0,3.041,3.073,14.42,1.93094,0.393256,2.23579,0.332705,0.0,-9999.0,19.9,81.3
201207220500,201207220530,-0.447759,0.0,26.85,2.919,13.88,1.87837,2.56355,2.1658,2.33614,58.4888,-9999.0,19.83,81.6
201207220530,201207220600,-3.57405,0.0,107.5,3.746,14.97,1.99351,5.79245,2.27998,5.73625,176.459,-9999.0,19.77,78.0
201207220600,201207220630,-5.51799,0.0,203.0,4.966,16.35,2.14239,7.86721,2.42907,7.53653,296.729,-9999.0,19.7,73.3
201207220630,201207220700,-6.79905,0.0,305.9,7.232,18.64,2.39614,9.36678,2.68841,8.58947,417.239,-9999.0,19.64,66.35
201207220700,201207220730,-7.91403,0.0,408.7,12.786,23.01,2.90322,10.9044,3.2118,9.06128,535.929,-9999.0,19.58,54.53
201207220730,201207220800,-7.70456,0.0,509.4,11.482,24.97,3.14269,10.8895,3.44537,9.57179,650.766,-9999.0,19.52,63.7
201207220800,201207220830,-8.44939,0.0,605.3,13.643,26.25,3.30373,11.7637,3.5939,9.71135,759.787,-9999.0,19.47,60.02
201207220830,201207220900,-9.31082,0.0,689.1,17.954,27.74,3.49336,12.7757,3.76976,9.59027,861.126,-9999.0,19.44,51.79
201207220900,201207220930,-6.17403,0.0,765.0,19.759,28.62,3.60883,9.7301,3.86714,9.59365,953.049,-9999.0,19.42,49.59
201207220930,201207221000,-6.63111,0.0,822.0,21.584,29.69,3.74958,10.2974,3.9888,9.54242,1033.98,-9999.0,19.41,48.23
201207221000,201207221030,-6.64907,0.0,869.0,26.238,30.96,3.91753,10.4457,4.1361,9.26737,1102.54,-9999.0,19.41,41.48
201207221030,201207221100,-5.59117,0.0,910.0,28.988,31.63,4.00955,9.45903,4.20522,9.11851,1157.56,-9999.0,19.43,37.76
201207221100,201207221130,-3.72338,0.0,935.0,29.737,31.99,4.06189,7.63194,4.23377,9.08742,1198.08,-9999.0,19.46,37.44
201207221130,201207221200,-2.44464,0.0,951.0,28.567,31.89,4.05459,6.34835,4.20271,9.17652,1223.43,-9999.0,19.51,39.56
201207221200,201207221230,-3.11311,0.0,956.0,30.716,32.23,4.10458,7.05566,4.22821,9.02768,1233.16,-9999.0,19.57,36.25
201207221230,201207221300,-3.08254,0.0,932.0,26.187,31.61,4.02947,6.9685,4.13076,9.29626,1227.11,-9999.0,19.64,43.71
201207221300,201207221330,-0.717044,0.0,903.0,24.219,31.09,3.96746,4.55621,4.04691,9.3813,1205.38,-9999.0,19.72,46.38
201207221330,201207221400,-2.29138,0.0,842.0,23.064,30.94,3.95349,6.12054,4.01034,9.35793,1168.34,-9999.0,19.8,48.5
201207221400,201207221430,-1.46064,0.0,811.0,20.359,30.54,3.90704,5.25478,3.94267,9.4734,1116.63,-9999.0,19.89,53.49
201207221430,201207221500,-0.571672,0.0,747.0,22.545,30.63,3.92416,4.37969,3.9365,9.19854,1051.13,-9999.0,20.0,48.76
201207221500,201207221530,-1.93579,0.0,669.5,23.001,30.77,3.94785,5.76273,3.93644,8.99067,972.971,-9999.0,20.11,48.14
201207221530,201207221600,-5.17705,0.0,585.7,21.87,30.18,3.8765,8.94974,3.84616,8.82285,883.478,-9999.0,20.21,49.0
201207221600,201207221630,-6.24731,0.0,501.8,21.925,30.0,3.85846,10.0068,3.80693,8.52343,784.186,-9999.0,20.3,48.34
201207221630,201207221700,-6.13708,0.0,416.0,20.498,29.46,3.79367,9.84708,3.72412,8.20302,676.795,-9999.0,20.39,50.18
201207221700,201207221730,-3.93991,0.0,208.0,18.445,28.8,3.71348,7.58826,3.62765,6.58066,563.142,-9999.0,20.45,53.43
201207221730,201207221800,-1.88705,0.0,174.2,15.995,27.82,3.59242,5.44142,3.49408,6.1384,445.172,-9999.0,20.51,57.25
201207221800,201207221830,-0.505718,0.0,96.6,13.8,26.74,3.45934,3.95592,3.3506,4.51082,324.902,-9999.0,20.55,60.71
201207221830,201207221900,-9999.0,1.0,67.94,12.444,26.11,3.38411,1.85199,3.26169,3.5884,204.392,-9999.0,20.57,63.23
201207221900,201207221930,-9999.0,1.0,24.37,10.363,25.22,3.27643,0.179841,3.14384,1.61469,85.7024,-9999.0,20.59,67.72
201207221930,201207222000,2.3786,0.0,3.86,7.769,23.89,3.11476,0.797927,2.97777,0.288895,3.29076,-9999.0,20.61,73.8
201207222000,201207222030,1.99957,0.0,0.33,6.097,22.77,2.98082,1.06872,2.83838,0.024946,0.0,-9999.0,20.61,78.0
201207222030,201207222100,1.34707,0.0,0.33,5.087,21.86,2.8738,1.63409,2.72465,0.024551,0.0,-9999.0,20.61,80.6
201207222100,201207222130,2.61906,0.0,0.33,4.166,21.24,2.80267,0.303975,2.6443,0.024157,0.0,-9999.0,20.59,83.5
201207222130,201207222200,1.9363,0.0,0.33,3.585,20.46,2.71281,0.912698,2.54789,0.023762,0.0,-9999.0,20.58,85.1
201207222200,201207222230,2.09641,0.0,0.33,2.839,20.05,2.6676,0.715391,2.49224,0.023367,0.0,-9999.0,20.55,87.9
201207222230,201207222300,1.96414,0.0,0.33,2.278,19.9,2.65339,0.836284,2.4646,0.022973,0.0,-9999.0,20.52,90.2
201207222300,201207222330,1.58252,0.0,0.33,1.99,19.64,2.62611,1.19556,2.42561,0.022578,0.0,-9999.0,20.49,91.3
201207222330,201207230000,3.457,0.0,0.33,1.724,19.51,2.61425,-0.688364,2.40048,0.022183,0.0,-9999.0,20.46,92.4
201207230000,201207230030,2.21101,0.0,0.33,1.755,19.58,2.6261,0.568078,2.39618,0.021789,0.0,-9999.0,20.42,92.3
201207230030,201207230100,2.86851,0.0,0.33,1.841,19.34,2.60117,-0.109868,2.39296,0.021929,0.0,-9999.0,20.38,91.8
201207230100,201207230130,3.04658,0.0,0.33,1.749,19.53,2.62726,-0.265514,2.43454,0.02207,0.0,-9999.0,20.34,92.3
201207230130,201207230200,2.55843,0.0,0.33,1.814,19.5,2.62723,0.223117,2.45313,0.02221,0.0,-9999.0,20.3,92.0
201207230200,201207230230,-9999.0,1.0,0.33,1.746,19.29,2.60576,-0.664507,2.45239,0.022351,0.0,-9999.0,20.26,92.2
201207230230,201207230300,-9999.0,1.0,0.33,1.745,19.49,2.63312,-0.566682,2.49553,0.022492,0.0,-9999.0,20.21,92.3
201207230300,201207230330,3.99994,0.0,0.329,1.714,19.0,2.57828,-1.25807,2.464,0.022564,0.0,-9999.0,20.18,92.2
201207230330,201207230400,1.44977,0.0,0.33,1.262,18.57,2.5308,1.25248,2.4384,0.022773,0.0,-9999.0,20.14,94.1
201207230400,201207230430,8.77575,0.0,0.33,1.123,18.41,2.5153,-6.08615,2.44176,0.022914,0.0,-9999.0,20.1,94.7
201207230430,201207230500,8.53589,0.0,2.756,0.917,18.15,2.48803,-5.86895,2.43386,0.189815,0.0,-9999.0,20.05,95.6
201207230500,201207230530,3.59149,0.0,25.27,0.941,18.2,2.49313,-0.91624,2.45988,1.54713,55.2029,-9999.0,20.01,95.5
201207230530,201207230600,7.29417,0.0,117.3,1.579,18.96,2.58227,-4.53926,2.56584,4.89622,173.324,-9999.0,19.98,92.8
201207230600,201207230630,3.3481,0.0,202.1,2.65,19.9,2.69409,-0.494776,2.6948,6.53364,293.772,-9999.0,19.94,88.6
201207230630,201207230700,4.20411,0.0,321.8,5.294,21.61,2.90198,-1.17306,2.91774,7.89136,414.461,-9999.0,19.9,79.5
201207230700,201207230730,0.190817,0.0,426.4,9.721,23.99,3.19922,3.08874,3.22964,8.64135,533.326,-9999.0,19.86,67.41
201207230730,201207230800,-9999.0,1.0,515.6,12.704,25.22,3.35545,9.62115,3.40848,9.00129,648.334,-9999.0,19.83,60.43
201207230800,201207230830,-9999.0,1.0,463.4,14.9,25.82,3.43181,9.93231,3.51149,8.70191,757.516,-9999.0,19.81,55.21
201207230830,201207230900,1.58202,0.0,496.8,16.772,26.23,3.48387,1.92398,3.59176,8.80911,859.006,-9999.0,19.79,50.79
201207230900,201207230930,1.19916,0.0,562.4,18.482,27.16,3.60405,2.40142,3.74042,9.02382,951.065,-9999.0,19.78,48.66
201207230930,201207231000,-3.8149,0.0,912.0,21.134,28.03,3.71727,7.50387,3.88389,9.75701,1032.12,-9999.0,19.78,44.2
201207231000,201207231030,-5.93373,0.0,850.0,23.953,28.98,3.84188,9.71938,4.04051,9.55691,1100.78,-9999.0,19.78,40.15
201207231030,201207231100,-7.85451,0.0,898.0,24.807,29.34,3.88857,11.6755,4.12013,9.62449,1155.88,-9999.0,19.79,39.29
201207231100,201207231130,-6.77948,0.0,972.0,26.975,30.19,4.00094,10.6867,4.26745,9.66436,1196.46,-9999.0,19.81,37.13
201207231130,201207231200,-7.04615,0.0,1003.0,29.125,30.66,4.06277,11.0001,4.3646,9.64077,1221.84,-9999.0,19.84,33.92
201207231200,201207231230,-5.8222,0.0,796.0,29.554,30.84,4.0857,9.79277,4.42249,9.34313,1231.59,-9999.0,19.88,33.63
201207231230,201207231300,-6.59054,0.0,799.55,32.91,31.91,4.2289,10.6699,4.606,9.25122,1225.53,-9999.0,19.93,30.45
201207231300,201207231330,-4.90735,0.0,898.0,35.026,32.47,4.30356,9.04262,4.71982,9.35775,1203.77,-9999.0,19.98,28.28
201207231330,201207231400,-7.25193,0.0,501.2,33.877,31.97,4.23435,11.3333,4.68291,8.51545,1166.67,-9999.0,20.04,28.65
201207231400,201207231430,-5.65963,0.0,481.4,31.417,31.18,4.12627,9.65705,4.60346,8.54164,1114.89,-9999.0,20.11,30.8
201207231430,201207231500,-2.08342,0.0,199.1,30.027,31.0,4.10073,6.06012,4.61083,6.50002,1049.3,-9999.0,20.19,33.18
201207231500,201207231530,-3.88069,0.0,159.8,23.168,28.59,3.77812,7.60622,4.2957,6.0073,971.016,-9999.0,20.26,40.79
201207231530,201207231600,-3.88511,0.0,554.0,24.87,29.02,3.8338,7.65307,4.38864,9.0939,881.39,-9999.0,20.33,38.0
201207231600,201207231630,-4.06571,0.0,561.8,26.878,29.8,3.93621,7.9122,4.5339,9.08515,781.952,-9999.0,20.38,35.94
201207231630,201207231700,-3.88733,0.0,456.2,25.677,29.2,3.85521,7.66988,4.47743,8.73394,674.401,-9999.0,20.43,36.65
201207231700,201207231730,-1.41113,0.0,259.6,23.563,28.2,3.72195,5.08862,4.3611,7.4524,560.58,-9999.0,20.46,38.4
201207231730,201207231800,-1.14048,0.0,99.9,20.168,26.45,3.49247,4.63605,4.13367,4.78445,442.435,-9999.0,20.49,41.59
201207231800,201207231830,1.84086,0.0,78.0,18.45,25.34,3.34852,1.53904,3.99939,4.12742,321.987,-9999.0,20.51,42.94
201207231830,201207231900,1.08726,0.0,45.69,17.727,24.74,3.27093,2.22948,3.93883,2.84135,201.298,-9999.0,20.53,43.18
201207231900,201207231930,3.38884,0.0,26.66,16.936,24.24,3.2065,-0.124905,3.89219,1.85192,82.4328,-9999.0,20.54,44.07
201207231930,201207232000,4.16197,0.0,2.749,16.018,23.61,3.12614,-0.963948,3.82582,0.223401,2.52702,-9999.0,20.53,45.06
201207232000,201207232030,5.47698,0.0,0.069,15.48,23.04,3.05388,-2.33859,3.76758,0.005742,0.0,-9999.0,20.52,45.05
201207232030,201207232100,3.16347,0.0,0.013,14.822,22.55,2.99204,-0.076425,3.72046,0.001088,0.0,-9999.0,20.5,45.8
201207232100,201207232130,4.37172,0.0,0.007,13.907,22.07,2.93183,-1.33487,3.67422,0.000589,0.0,-9999.0,20.48,47.64
201207232130,201207232200,2.08059,0.0,0.006,12.638,21.73,2.88916,0.920322,3.64809,0.000507,0.0,-9999.0,20.45,51.42
201207232200,201207232230,1.88268,0.0,0.004,11.893,21.53,2.86377,1.09648,3.64224,0.00034,0.0,-9999.0,20.42,53.72
201207232230,201207232300,2.12045,0.0,0.006,11.621,21.43,2.85066,0.847063,3.65099,0.000512,0.0,-9999.0,20.38,54.5
201207232300,201207232330,2.54026,0.0,0.012,11.162,21.3,2.83391,0.412603,3.65507,0.00103,0.0,-9999.0,20.34,55.95
201207232330,201207240000,2.21951,0.0,0.011,10.672,21.21,2.82206,0.722741,3.66495,0.000949,0.0,-9999.0,20.31,57.65
201207240000,201207240030,1.23651,0.0,0.001,10.624,21.26,2.82724,1.7092,3.6959,8.7e-05,0.0,-9999.0,20.27,57.97
201207240030,201207240100,4.51155,0.0,0.002,10.19,21.1,2.80691,-1.58346,3.6949,0.000174,0.0,-9999.0,20.22,59.29
201207240100,201207240130,6.38738,0.0,0.001,9.596,21.04,2.79875,-3.46686,3.70896,8.8e-05,0.0,-9999.0,20.19,61.52
201207240130,201207240200,1.80709,0.0,0.12,8.293,20.93,2.78454,1.10086,3.7152,0.010547,0.0,-9999.0,20.15,66.52
201207240200,201207240230,1.53845,0.0,0.33,2.076,18.09,2.44731,1.08584,3.3056,0.029102,0.0,-9999.0,20.11,90.0
201207240230,201207240300,8.43713,0.0,0.33,0.358,17.39,2.3659,-5.88302,3.22123,0.029242,0.0,-9999.0,20.08,98.2
201207240300,201207240330,1.54803,0.0,0.33,0.181,17.62,2.39152,1.02727,3.27554,0.029383,0.0,-9999.0,20.04,99.1
201207240330,201207240400,3.22643,0.0,0.328,0.552,17.85,2.41723,-0.629927,3.33039,0.029345,0.0,-9999.0,20.0,97.3
201207240400,201207240430,7.8417,0.0,0.248,1.241,18.03,2.43723,-5.2289,3.37811,0.022306,0.0,-9999.0,19.95,94.0
201207240430,201207240500,3.12401,0.0,1.21,2.581,18.39,2.47819,-0.477206,3.45407,0.108582,0.0,-9999.0,19.9,87.8
201207240500,201207240530,3.00727,0.0,9.11,4.189,19.05,2.5545,-0.29681,3.57801,0.776516,51.9297,-9999.0,19.86,81.0
201207240530,201207240600,5.32212,0.0,17.18,5.662,19.61,2.61969,-2.55773,3.68815,1.39326,170.1,-9999.0,19.81,75.2
201207240600,201207240630,-9999.0,1.0,32.7,6.874,20.05,2.67108,0.78303,3.78065,2.41772,290.73,-9999.0,19.77,70.7
201207240630,201207240700,-9999.0,1.0,45.01,7.813,20.45,2.71798,0.938219,3.86786,3.11363,411.601,-9999.0,19.72,67.51
201207240700,201207240730,-4.2112,0.0,64.03,8.336,20.72,2.74948,7.08122,3.93477,4.02284,530.646,-9999.0,19.68,65.91
201207240730,201207240800,-7.02585,0.0,120.9,8.627,20.99,2.78108,9.92117,4.00234,5.93548,645.828,-9999.0,19.64,65.3
201207240800,201207240830,-2.51038,0.0,164.4,9.597,21.44,2.83458,5.44895,4.1007,6.92501,755.176,-9999.0,19.6,62.45
201207240830,201207240900,-2.8387,0.0,109.1,10.069,21.58,2.85065,5.78964,4.14789,5.64891,856.818,-9999.0,19.57,60.94
201207240900,201207240930,-1.47416,0.0,76.2,9.626,21.33,2.81944,4.39863,4.12925,4.57563,949.017,-9999.0,19.55,62.08
201207240930,201207241000,-9999.0,1.0,162.4,8.501,21.13,2.79438,7.73443,4.11873,6.94469,1030.19,-9999.0,19.52,66.1
201207241000,201207241030,-9999.0,1.0,265.7,8.658,21.42,2.82851,6.76958,4.19163,8.45762,1098.96,-9999.0,19.5,66.08
201207241030,201207241100,-7.3559,0.0,359.2,10.995,22.8,2.99606,10.4221,4.45478,9.28353,1154.14,-9999.0,19.48,60.4
201207241100,201207241130,-5.17384,0.0,490.1,13.528,24.31,3.18258,8.38953,4.7472,10.0049,1194.79,-9999.0,19.46,55.51
201207241130,201207241200,-10.8403,0.0,293.1,13.284,24.21,3.16905,14.0442,4.75566,8.76577,1220.21,-9999.0,19.45,56.05
201207241200,201207241230,-10.2971,0.0,375.8,14.327,24.81,3.24327,13.5595,4.89041,9.42532,1229.96,-9999.0,19.45,54.27
201207241230,201207241300,-6.09675,0.0,473.1,15.278,25.29,3.30275,9.40553,5.00495,9.97245,1223.89,-9999.0,19.46,52.61
201207241300,201207241330,-10.1783,0.0,743.0,17.961,26.64,3.47343,13.621,5.28209,10.823,1202.1,-9999.0,19.46,48.56
201207241330,201207241400,-10.4349,0.0,472.4,15.37,25.61,3.34111,13.7722,5.11898,10.0118,1164.95,-9999.0,19.48,53.22
201207241400,201207241430,-9.47268,0.0,511.9,17.488,26.26,3.42265,12.8735,5.26821,10.1846,1113.09,-9999.0,19.51,48.78
201207241430,201207241500,-11.2967,0.0,648.8,20.409,27.66,3.60116,14.8363,5.56186,10.6353,1047.4,-9999.0,19.54,44.94
201207241500,201207241530,-7.95311,0.0,322.2,16.351,25.7,3.34928,11.2941,5.21903,9.1486,968.998,-9999.0,19.58,50.5
201207241530,201207241600,-5.71863,0.0,424.0,15.149,25.0,3.25984,8.9877,5.11446,9.85777,879.237,-9999.0,19.61,52.19
201207241600,201207241630,-6.06697,0.0,524.0,17.174,25.89,3.37121,9.42332,5.31086,10.3258,779.648,-9999.0,19.65,48.59
201207241630,201207241700,-1.12574,0.0,347.2,17.585,26.01,3.38535,4.49229,5.36188,9.40165,671.935,-9999.0,19.68,47.73
201207241700,201207241730,-2.22214,0.0,205.6,15.273,24.82,3.23408,5.46793,5.16127,7.95789,557.941,-9999.0,19.71,51.28
201207241730,201207241800,-1.86804,0.0,132.7,15.433,24.79,3.22928,5.10908,5.18241,6.59204,439.618,-9999.0,19.73,50.68
201207241800,201207241830,-1.16652,0.0,85.4,14.493,24.12,3.14458,4.33907,5.08026,5.20389,318.988,-9999.0,19.75,51.79
201207241830,201207241900,-0.289488,0.0,60.41,14.502,24.05,3.13486,3.45336,5.09297,4.18688,198.117,-9999.0,19.76,51.56
201207241900,201207241930,0.480518,0.0,14.99,13.844,23.67,3.08675,2.64389,5.04558,1.37867,79.0716,-9999.0,19.77,52.69
201207241930,201207242000,-9999.0,1.0,0.285,13.504,23.42,3.05488,0.549277,5.02287,0.029395,1.84676,-9999.0,19.77,53.15
201207242000,201207242030,-9999.0,1.0,0.0,13.533,23.35,3.04526,0.540659,5.03477,0.0,0.0,-9999.0,19.77,52.85
201207242030,201207242100,2.4327,0.0,0.0,12.741,23.05,3.00741,0.625233,5.00166,0.0,0.0,-9999.0,19.76,54.8
201207242100,201207242130,1.85045,0.0,0.0,12.411,22.73,2.96726,1.1742,4.96422,0.0,0.0,-9999.0,19.75,55.11
201207242130,201207242200,3.05568,0.0,0.0,12.909,22.77,2.97119,-0.028725,4.99692,0.0,0.0,-9999.0,19.74,53.42
201207242200,201207242230,4.68866,0.0,0.0,11.902,22.27,2.90933,-1.7156,4.9234,0.0,0.0,-9999.0,19.72,55.73
201207242230,201207242300,-9999.0,1.0,0.0,11.17,21.66,2.83463,0.49277,4.82787,0.0,0.0,-9999.0,19.7,56.88
201207242300,201207242330,-9999.0,1.0,0.0,10.782,21.4,2.80246,0.530443,4.80054,0.0,0.0,-9999.0,19.69,57.71
201207242330,201207250000,-9999.0,1.0,0.0,11.462,21.82,2.85207,0.490168,4.90716,0.0,0.0,-9999.0,19.67,56.18
201207250000,201207250030,-9999.0,1.0,0.0,11.673,21.87,2.85718,0.455862,4.94108,0.0,0.0,-9999.0,19.65,55.51
201207250030,201207250100,-9999.0,1.0,0.0,11.411,21.84,2.85263,0.519602,4.92709,0.0,0.0,-9999.0,19.63,56.43
201207250100,201207250130,4.26334,0.0,0.0,11.803,22.14,2.88793,-1.33046,4.97876,0.0,0.0,-9999.0,19.61,55.75
201207250130,201207250200,-9999.0,1.0,0.0,11.852,22.47,2.92359,0.334523,5.03641,0.0,0.0,-9999.0,19.59,56.45
201207250200,201207250230,-9999.0,1.0,0.0,11.235,22.5,2.92287,0.298674,5.03418,0.0,0.0,-9999.0,19.57,58.79
201207250230,201207250300,-9999.0,1.0,0.0,10.645,22.38,2.904,0.330975,5.00209,0.0,0.0,-9999.0,19.55,60.67
201207250300,201207250330,-9999.0,1.0,0.0,10.173,22.14,2.87076,0.519348,4.94634,0.0,0.0,-9999.0,19.53,61.86
201207250330,201207250400,-9999.0,1.0,0.0,9.945,22.01,2.85087,0.48724,4.91256,0.0,0.0,-9999.0,19.51,62.42
201207250400,201207250430,-9999.0,1.0,0.0,10.084,22.12,2.85977,0.637257,4.92618,0.0,0.0,-9999.0,19.49,62.15
201207250430,201207250500,-9999.0,1.0,0.667,9.196,21.87,2.82561,0.54812,4.86891,0.072091,0.0,-9999.0,19.48,64.95
201207250500,201207250530,-9999.0,1.0,10.2,9.136,21.88,2.82255,0.532115,4.86285,1.02216,48.679,-9999.0,19.46,65.2
201207250530,201207250600,-9999.0,1.0,12.42,9.325,22.14,2.84929,0.74461,4.9058,1.22489,166.789,-9999.0,19.45,65.04
201207250600,201207250630,-9999.0,1.0,31.12,8.832,22.23,2.85573,0.720837,4.91535,2.68659,287.604,-9999.0,19.43,67.07
201207250630,201207250700,-9999.0,1.0,72.9,8.672,22.38,2.86931,6.40402,4.93661,4.91761,408.661,-9999.0,19.42,67.96
201207250700,201207250730,-4.95801,0.0,191.1,9.381,22.8,2.91516,7.89928,5.01086,7.96087,527.89,-9999.0,19.41,66.21
201207250730,201207250800,-9999.0,1.0,244.7,11.693,24.26,3.08687,7.16771,5.29132,8.67232,643.249,-9999.0,19.4,61.43
201207250800,201207250830,-9999.0,1.0,126.9,12.184,24.41,3.10042,5.71285,5.31236,6.65957,752.765,-9999.0,19.39,60.17
201207250830,201207250900,-9999.0,1.0,224.9,12.756,24.73,3.13464,5.85731,5.36721,8.41158,854.564,-9999.0,19.39,59.09
201207250900,201207250930,-6.96965,0.0,166.1,13.24,25.07,3.17133,10.1092,5.42602,7.49599,946.904,-9999.0,19.39,58.39
201207250930,201207251000,-4.37223,0.0,154.3,13.115,25.09,3.16894,7.50866,5.42093,7.26361,1028.21,-9999.0,19.39,58.83
201207251000,201207251030,-3.62566,0.0,179.6,13.308,25.36,3.19703,6.78288,5.46564,7.72466,1097.08,-9999.0,19.4,58.89
201207251030,201207251100,-3.14671,0.0,273.1,12.059,25.06,3.15562,6.27025,5.39682,8.92442,1152.34,-9999.0,19.41,62.08
201207251100,201207251130,-1.17667,0.0,245.1,11.492,24.82,3.1217,4.27234,5.34022,8.62818,1193.05,-9999.0,19.43,63.34
201207251130,201207251200,-1.86112,0.0,313.5,7.176,23.35,2.94064,4.8124,5.04284,9.28216,1218.51,-9999.0,19.45,75.0
201207251200,201207251230,-5.27328,0.0,327.7,6.58,23.08,2.90412,8.19431,4.98189,9.38296,1228.28,-9999.0,19.47,76.7
201207251230,201207251300,-5.81749,0.0,282.5,7.926,23.54,2.95417,8.7772,5.06276,9.00062,1222.21,-9999.0,19.48,72.7
201207251300,201207251330,-3.5091,0.0,316.8,8.605,23.96,2.99957,6.50363,5.13592,9.28274,1200.38,-9999.0,19.5,71.1
201207251330,201207251400,-5.16979,0.0,410.8,9.076,24.45,3.05342,8.20567,5.22282,9.87297,1163.17,-9999.0,19.52,70.4
201207251400,201207251430,-3.95743,0.0,573.3,13.175,25.86,3.21843,7.12143,5.49089,10.4636,1111.23,-9999.0,19.54,60.49
201207251430,201207251500,-4.40785,0.0,623.0,15.483,27.18,3.37424,7.6914,5.74327,10.5535,1045.43,-9999.0,19.56,57.04
201207251500,201207251530,-7.25394,0.0,479.7,16.27,27.72,3.43525,10.5832,5.84113,10.0645,966.916,-9999.0,19.58,56.26
201207251530,201207251600,-6.34343,0.0,319.6,16.199,27.4,3.3907,9.63705,5.76744,9.18002,877.017,-9999.0,19.61,55.63
201207251600,201207251630,-4.15872,0.0,289.8,17.377,27.46,3.39276,7.45261,5.7695,8.91617,777.275,-9999.0,19.64,52.57
201207251630,201207251700,-3.58171,0.0,121.9,16.159,27.0,3.33143,6.82701,5.66855,6.4631,669.396,-9999.0,19.68,54.69
201207251700,201207251730,-2.54145,0.0,131.6,14.857,26.7,3.28987,5.75331,5.5997,6.70453,555.227,-9999.0,19.71,57.6
201207251730,201207251800,-2.76665,0.0,112.9,14.281,26.62,3.27506,5.96577,5.57437,6.23664,436.721,-9999.0,19.75,59.05
201207251800,201207251830,-0.823512,0.0,93.6,13.671,26.46,3.25066,4.00244,5.53342,5.66495,315.905,-9999.0,19.78,60.43
201207251830,201207251900,1.42094,0.0,73.9,12.443,25.98,3.18799,1.70803,5.43023,4.96124,194.848,-9999.0,19.8,62.95
201207251900,201207251930,6.77579,0.0,42.63,12.13,25.55,3.13171,-3.69194,5.3374,3.4572,75.6195,-9999.0,19.82,62.95
201207251930,201207252000,8.33706,0.0,3.387,10.838,24.73,3.02978,-5.33427,5.17014,0.372808,1.25879,-9999.0,19.84,65.24
201207252000,201207252030,3.42204,0.0,0.062,10.295,24.19,2.96169,-0.474084,5.05792,0.007048,0.0,-9999.0,19.85,65.9
201207252030,201207252100,1.77042,0.0,0.002,11.956,24.25,2.96403,1.17819,5.06057,0.000228,0.0,-9999.0,19.87,60.54
201207252100,201207252130,2.68674,0.0,0.0,12.204,24.13,2.94536,0.245942,5.02896,0.0,0.0,-9999.0,19.87,59.43
201207252130,201207252200,2.58812,0.0,0.001,10.797,23.49,2.86654,0.280991,4.89918,0.000114,0.0,-9999.0,19.87,62.7
201207252200,201207252230,-9999.0,1.0,0.026,8.956,22.49,2.7474,0.254572,4.70338,0.002973,0.0,-9999.0,19.87,67.13
201207252230,201207252300,-9999.0,1.0,0.169,7.41,21.55,2.63675,0.255894,4.52122,0.019328,0.0,-9999.0,19.87,71.2
201207252300,201207252330,-9999.0,1.0,0.269,6.332,20.78,2.5466,0.106717,4.3724,0.030779,0.0,-9999.0,19.86,74.2
201207252330,201207260000,-9999.0,1.0,0.194,6.012,20.58,2.5204,-0.043509,4.32841,0.022245,0.0,-9999.0,19.85,75.2
201207260000,201207260030,-9999.0,1.0,0.227,5.295,20.1,2.46356,-0.475509,4.23412,0.026057,0.0,-9999.0,19.83,77.5
201207260030,201207260100,-9999.0,1.0,0.238,4.495,19.52,2.39639,-0.569533,4.1228,0.027355,0.0,-9999.0,19.81,80.2
201207260100,201207260130,-9999.0,1.0,0.181,4.144,19.48,2.38822,-0.659386,4.1084,0.020845,0.0,-9999.0,19.79,81.7
201207260130,201207260200,-9999.0,1.0,0.292,3.378,18.76,2.30694,-0.785078,3.97378,0.033639,0.0,-9999.0,19.76,84.4
201207260200,201207260230,-9999.0,1.0,0.326,2.73,17.79,2.20042,-0.859303,3.79742,0.037596,0.0,-9999.0,19.73,86.6
201207260230,201207260300,-9999.0,1.0,0.327,2.09,17.27,2.14252,-0.843617,3.70102,0.037763,0.0,-9999.0,19.7,89.4
201207260300,201207260330,-9999.0,1.0,0.315,1.725,17.0,2.11107,-0.820445,3.64824,0.036433,0.0,-9999.0,19.67,91.1
201207260330,201207260400,-9999.0,1.0,0.252,1.415,16.58,2.06445,-0.937413,3.57038,0.029205,0.0,-9999.0,19.63,92.5
201207260400,201207260430,-9999.0,1.0,0.193,1.283,16.35,2.03762,-0.920429,3.5252,0.022411,0.0,-9999.0,19.59,93.1
201207260430,201207260500,-9999.0,1.0,1.933,1.096,16.07,2.0059,-1.04516,3.47192,0.220971,0.0,-9999.0,19.55,94.0
201207260500,201207260530,-9999.0,1.0,23.26,0.995,15.91,1.98651,-0.312325,3.439,2.2054,45.461,-9999.0,19.51,94.5
201207260530,201207260600,-9999.0,1.0,89.0,0.918,16.14,2.00648,4.63791,3.47119,5.53229,163.39,-9999.0,19.46,95.0
201207260600,201207260630,-9999.0,1.0,179.5,1.125,17.28,2.11942,7.06048,3.65671,7.57344,284.394,-9999.0,19.42,94.3
201207260630,201207260700,-9999.0,1.0,279.5,3.362,19.97,2.39851,5.35304,4.11439,8.70061,405.641,-9999.0,19.37,85.6
201207260700,201207260730,-9999.0,1.0,381.7,9.131,23.33,2.76241,8.019,4.70765,9.36594,525.057,-9999.0,19.33,68.15
201207260730,201207260800,-6.10821,0.0,481.3,11.666,24.58,2.8984,8.97862,4.92758,9.73192,640.596,-9999.0,19.29,62.25
201207260800,201207260830,-9999.0,1.0,577.4,13.426,25.48,2.99583,8.27893,5.08444,9.95125,750.284,-9999.0,19.26,58.82
201207260830,201207260900,-9999.0,1.0,662.6,14.668,26.15,3.06747,8.60823,5.19924,10.0871,852.243,-9999.0,19.24,56.76
201207260900,201207260930,-9999.0,1.0,739.0,17.007,27.1,3.17164,11.6334,5.36644,10.1254,944.728,-9999.0,19.22,52.59
201207260930,201207261000,-9999.0,1.0,808.0,19.257,27.97,3.26709,9.39721,5.51926,10.1276,1026.16,-9999.0,19.22,48.98
201207261000,201207261030,-5.76488,0.0,869.0,22.617,28.92,3.37231,8.99461,5.68752,10.0597,1095.14,-9999.0,19.23,43.29
201207261030,201207261100,-5.30776,0.0,912.0,25.022,29.55,3.44044,8.58771,5.79578,9.99465,1150.49,-9999.0,19.25,39.5
201207261100,201207261130,-3.98696,0.0,984.0,27.958,30.65,3.56404,7.35856,5.99303,9.92855,1191.26,-9999.0,19.27,36.53
201207261130,201207261200,-2.56862,0.0,790.0,29.763,31.36,3.64199,5.99708,6.11665,9.62874,1216.76,-9999.0,19.31,35.11
201207261200,201207261230,-3.36641,0.0,469.0,26.349,30.64,3.55108,6.72538,5.9692,9.0728,1226.55,-9999.0,19.36,40.15
201207261230,201207261300,-3.17614,0.0,968.0,26.201,30.73,3.55575,6.53717,5.9752,9.90685,1220.46,-9999.0,19.42,40.79
201207261300,201207261330,-3.97728,0.0,921.0,28.226,31.46,3.63568,7.39659,6.10188,9.75757,1198.6,-9999.0,19.48,38.81
201207261330,201207261400,-1.74078,0.0,850.0,27.631,31.32,3.61316,5.14181,6.06423,9.68241,1161.33,-9999.0,19.55,39.62
201207261400,201207261430,-2.41275,0.0,780.0,24.574,30.28,3.4855,5.71672,5.85791,9.69604,1109.31,-9999.0,19.62,43.02
201207261430,201207261500,-1.61615,0.0,690.1,24.938,30.32,3.48434,4.91781,5.85453,9.52777,1043.41,-9999.0,19.7,42.31
201207261500,201207261530,-1.60719,0.0,650.8,25.523,30.28,3.47386,4.89954,5.83622,9.41612,964.771,-9999.0,19.79,40.82
201207261530,201207261600,-3.58182,0.0,568.1,24.884,30.12,3.4495,6.85441,5.79562,9.25474,874.731,-9999.0,19.87,41.77
201207261600,201207261630,-3.17057,0.0,460.5,24.227,30.21,3.45411,6.4452,5.80153,8.97163,774.832,-9999.0,19.94,43.6
201207261630,201207261700,-3.99385,0.0,376.5,23.219,29.98,3.42177,7.24271,5.74813,8.67348,666.785,-9999.0,20.01,45.23
201207261700,201207261730,-9999.0,1.0,273.3,21.412,29.47,3.35741,5.44138,5.64335,8.12663,552.437,-9999.0,20.07,47.99
201207261730,201207261800,-9999.0,1.0,187.2,20.054,28.77,3.27184,5.87226,5.50443,7.31933,433.745,-9999.0,20.12,49.28
201207261800,201207261830,0.683825,0.0,118.5,19.419,28.39,3.22319,2.41053,5.4248,6.16506,312.74,-9999.0,20.16,49.79
201207261830,201207261900,4.05401,0.0,54.31,17.094,27.5,3.11745,-1.04175,5.25329,4.10323,191.493,-9999.0,20.2,53.45
201207261900,201207261930,5.30439,0.0,20.24,14.759,26.22,2.96956,-2.40729,5.01365,2.00684,72.0778,-9999.0,20.22,56.67
201207261930,201207262000,3.1011,0.0,2.361,12.282,25.0,2.83044,-0.31338,4.78777,0.279419,0.772729,-9999.0,20.24,61.24
201207262000,201207262030,-9999.0,1.0,0.328,9.16,23.54,2.66769,0.097073,4.52324,0.039729,0.0,-9999.0,20.25,68.45
201207262030,201207262100,-9999.0,1.0,0.329,7.543,22.48,2.5503,-0.024823,4.33176,0.039903,0.0,-9999.0,20.26,72.3
201207262100,201207262130,-9999.0,1.0,0.324,6.747,21.88,2.48282,0.197029,4.22109,0.039351,0.0,-9999.0,20.25,74.3
201207262130,201207262200,-9999.0,1.0,0.321,6.237,21.51,2.43995,0.112238,4.15033,0.039039,0.0,-9999.0,20.24,75.7
201207262200,201207262230,-9999.0,1.0,0.294,5.486,21.04,2.38707,-0.144114,4.06327,0.035813,0.0,-9999.0,20.22,78.0
201207262230,201207262300,-9999.0,1.0,0.328,4.408,20.3,2.30704,-0.73237,3.93198,0.039993,0.0,-9999.0,20.2,81.5
201207262300,201207262330,-9999.0,1.0,0.329,3.514,19.6,2.23209,-0.832731,3.80884,0.040168,0.0,-9999.0,20.17,84.6
201207262330,201207270000,-9999.0,1.0,0.326,3.142,19.22,2.19009,-0.972012,3.73933,0.039855,0.0,-9999.0,20.14,85.9
201207270000,201207270030,-9999.0,1.0,0.328,2.723,18.73,2.13751,-1.17045,3.65253,0.040152,0.0,-9999.0,20.11,87.4
201207270030,201207270100,-9999.0,1.0,0.33,2.077,17.94,2.05605,-1.02869,3.51648,0.040608,0.0,-9999.0,20.07,89.9
201207270100,201207270130,-9999.0,1.0,0.329,1.81,17.58,2.01744,-0.937437,3.45045,0.040697,0.0,-9999.0,20.03,91.0
201207270130,201207270200,-9999.0,1.0,0.33,1.573,17.23,1.98012,-0.992371,3.38658,0.041032,0.0,-9999.0,19.99,92.0
201207270200,201207270230,-9999.0,1.0,0.326,1.518,17.06,1.96036,-1.01593,3.35142,0.040746,0.0,-9999.0,19.95,92.2
201207270230,201207270300,-9999.0,1.0,0.328,1.223,17.03,1.95408,-1.02417,3.33829,0.041205,0.0,-9999.0,19.9,93.7
201207270300,201207270330,-9999.0,1.0,0.311,1.223,17.02,1.94972,-1.02877,3.32831,0.039278,0.0,-9999.0,19.85,93.7
201207270330,201207270400,-9999.0,1.0,0.316,1.072,16.81,1.92633,-0.97799,3.28732,0.04011,0.0,-9999.0,19.81,94.4
201207270400,201207270430,-9999.0,1.0,0.326,0.96,16.23,1.86826,-1.19381,3.18981,0.041584,0.0,-9999.0,19.76,94.8
201207270430,201207270500,-4.10199,0.0,1.832,0.725,15.94,1.83789,6.0654,3.13754,0.230568,0.0,-9999.0,19.71,96.0
201207270500,201207270530,-0.194162,0.0,23.62,0.657,16.05,1.84491,2.16261,3.14622,2.36524,42.2866,-9999.0,19.66,96.4
201207270530,201207270600,-9999.0,1.0,92.2,0.664,16.21,1.85657,4.4673,3.16244,5.63385,159.905,-9999.0,19.61,96.4
201207270600,201207270630,-9999.0,1.0,181.2,0.775,17.81,2.00443,4.19631,3.39962,7.36246,281.102,-9999.0,19.56,96.2
201207270630,201207270700,-9999.0,1.0,282.5,2.398,20.24,2.23762,5.17134,3.77315,8.30441,402.542,-9999.0,19.51,89.9
201207270700,201207270730,-9999.0,1.0,383.8,8.3,23.36,2.54908,7.79361,4.26955,8.83016,522.147,-9999.0,19.46,71.1
201207270730,201207270800,-9999.0,1.0,482.1,11.474,25.21,2.73687,9.52517,4.56546,9.09236,637.871,-9999.0,19.42,64.24
201207270800,201207270830,-5.5528,0.0,576.3,14.742,26.64,2.88294,8.34932,4.79366,9.16448,747.733,-9999.0,19.38,57.78
201207270830,201207270900,-3.1065,0.0,660.8,18.686,27.62,2.98225,5.97778,4.94682,9.1309,849.854,-9999.0,19.36,49.47
201207270900,201207270930,-9999.0,1.0,735.0,22.366,28.84,3.10796,7.76384,5.14118,9.06303,942.486,-9999.0,19.34,43.66
201207270930,201207271000,-9999.0,1.0,801.0,25.541,29.89,3.21601,6.55786,5.30698,8.99093,1024.05,-9999.0,19.34,39.44
201207271000,201207271030,-9999.0,1.0,851.0,28.415,30.72,3.30053,7.46804,5.43517,8.90859,1093.13,-9999.0,19.35,35.75
201207271030,201207271100,-9999.0,1.0,886.0,29.412,31.03,3.32841,6.91443,5.47401,8.88634,1148.57,-9999.0,19.36,34.66
201207271100,201207271130,-9999.0,1.0,925.0,30.871,31.58,3.38246,6.46167,5.55378,8.84731,1189.41,-9999.0,19.39,33.53
201207271130,201207271200,-9999.0,1.0,949.0,33.221,32.45,3.47159,6.27407,5.68824,8.76327,1214.95,-9999.0,19.44,31.9
201207271200,201207271230,1.66118,0.0,924.0,32.713,32.46,3.46643,1.56317,5.67491,8.75707,1224.76,-9999.0,19.49,32.98
201207271230,201207271300,1.74852,0.0,912.0,32.581,32.42,3.45581,1.46645,5.65303,8.74478,1218.66,-9999.0,19.55,33.1
201207271300,201207271330,-9999.0,1.0,877.0,31.811,32.1,3.41469,5.76758,5.58353,8.73877,1196.76,-9999.0,19.62,33.49
201207271330,201207271400,-9999.0,1.0,831.0,32.457,32.35,3.43571,5.53277,5.61108,8.67066,1159.44,-9999.0,19.7,33.09
201207271400,201207271430,1.07379,0.0,781.0,33.123,32.56,3.45231,2.13398,5.63167,8.59603,1107.33,-9999.0,19.78,32.52
201207271430,201207271500,2.00274,0.0,726.0,32.814,32.42,3.43084,1.18766,5.59291,8.54544,1041.33,-9999.0,19.87,32.62
201207271500,201207271530,-1.07399,0.0,647.1,32.925,32.53,3.43652,4.26703,5.59643,8.44425,962.562,-9999.0,19.96,32.81
201207271530,201207271600,-1.5503,0.0,566.3,31.158,31.72,3.34284,4.67262,5.44539,8.37743,872.378,-9999.0,20.04,33.44
201207271600,201207271630,-2.06454,0.0,475.4,29.749,31.12,3.27239,5.13308,5.33059,8.24091,772.32,-9999.0,20.12,34.25
201207271630,201207271700,-1.44641,0.0,373.7,28.946,30.79,3.23119,4.4828,5.26139,7.98098,664.101,-9999.0,20.19,34.81
201207271700,201207271730,-1.11171,0.0,282.8,28.173,30.66,3.21144,4.1319,5.22561,7.61484,549.571,-9999.0,20.25,36.08
201207271730,201207271800,-0.369094,0.0,196.2,26.475,30.16,3.15259,3.34386,5.12911,7.04388,430.69,-9999.0,20.3,38.19
201207271800,201207271830,0.460946,0.0,116.7,25.935,30.16,3.14679,2.50803,5.1151,6.00584,309.493,-9999.0,20.34,39.45
201207271830,201207271900,1.00852,0.0,46.3,21.984,28.88,3.00681,1.85384,4.89271,3.90719,188.053,-9999.0,20.37,44.75
201207271900,201207271930,2.51545,0.0,17.51,16.338,26.79,2.78555,0.177266,4.54372,2.01346,68.4474,-9999.0,20.39,53.62
201207271930,201207272000,1.98517,0.0,2.345,12.199,25.14,2.6133,0.573395,4.27072,0.334747,0.398459,-9999.0,20.4,61.82
201207272000,201207272030,-9999.0,1.0,0.33,10.031,23.97,2.49188,-0.227017,4.07692,0.048875,0.0,-9999.0,20.41,66.33
201207272030,201207272100,-9999.0,1.0,0.33,8.748,23.02,2.39389,-0.221395,3.91971,0.049087,0.0,-9999.0,20.42,68.91
201207272100,201207272130,-9999.0,1.0,0.33,7.006,21.75,2.26648,-0.138589,3.71646,0.049299,0.0,-9999.0,20.41,73.1
201207272130,201207272200,-9999.0,1.0,0.33,5.97,20.93,2.18407,-0.230254,3.58366,0.049511,0.0,-9999.0,20.4,75.9
201207272200,201207272230,-9999.0,1.0,0.33,5.285,20.36,2.12625,-0.906397,3.48944,0.049723,0.0,-9999.0,20.38,77.9
201207272230,201207272300,-9999.0,1.0,0.33,4.801,20.02,2.09048,-0.900055,3.42986,0.049935,0.0,-9999.0,20.35,79.5
201207272300,201207272330,-9999.0,1.0,0.328,4.519,19.77,2.06333,-0.958355,3.38383,0.049845,0.0,-9999.0,20.32,80.4
201207272330,201207280000,-9999.0,1.0,0.322,4.343,19.63,2.0465,-1.05913,3.35403,0.049145,0.0,-9999.0,20.28,81.0
201207280000,201207280030,-9999.0,1.0,0.327,3.959,19.19,2.0022,-1.15666,3.28126,0.050114,0.0,-9999.0,20.24,82.2
201207280030,201207280100,-9999.0,1.0,0.329,3.367,18.71,1.95469,-1.21726,3.20352,0.05063,0.0,-9999.0,20.2,84.4
201207280100,201207280130,-9999.0,1.0,0.326,3.29,18.65,1.94556,-1.27693,3.18592,0.05038,0.0,-9999.0,20.16,84.7
201207280130,201207280200,-9999.0,1.0,0.326,2.917,18.03,1.88613,-1.19675,3.08966,0.05059,0.0,-9999.0,20.12,85.9
201207280200,201207280230,-9999.0,1.0,0.328,2.479,17.62,1.84606,-1.12857,3.02376,0.051109,0.0,-9999.0,20.07,87.7
201207280230,201207280300,-9999.0,1.0,0.28,3.139,18.43,1.91475,-1.05037,3.12785,0.043847,0.0,-9999.0,20.02,85.2
201207280300,201207280330,-9999.0,1.0,0.324,2.666,17.65,1.8417,-1.16106,3.01058,0.050906,0.0,-9999.0,19.98,86.8
201207280330,201207280400,-9999.0,1.0,0.301,2.328,17.28,1.80564,-1.24728,2.9511,0.047505,0.0,-9999.0,19.93,88.2
201207280400,201207280430,-9999.0,1.0,0.315,2.378,17.09,1.78558,-1.23783,2.91667,0.049905,0.0,-9999.0,19.88,87.8
201207280430,201207280500,-9999.0,1.0,1.814,3.714,18.17,1.87708,-1.08541,3.056,0.280868,0.0,-9999.0,19.83,82.2
201207280500,201207280530,-9999.0,1.0,29.1,5.014,19.08,1.95459,-1.06675,3.17302,3.06758,39.1601,-9999.0,19.78,77.3
201207280530,201207280600,-9999.0,1.0,105.2,5.341,19.47,1.98588,3.68849,3.21804,5.95332,156.334,-9999.0,19.73,76.4
201207280600,201207280630,-9999.0,1.0,202.2,7.827,21.31,2.14974,5.9026,3.46747,7.22831,277.727,-9999.0,19.68,69.13
201207280630,201207280700,-9999.0,1.0,307.2,11.137,23.71,2.37003,7.48624,3.802,7.835,399.364,-9999.0,19.64,62.03
201207280700,201207280730,-9999.0,1.0,411.6,17.648,27.03,2.68537,9.02191,4.27917,8.06869,519.162,-9999.0,19.59,50.6
201207280730,201207280800,-7.42182,0.0,510.4,19.883,28.2,2.79514,10.0878,4.44121,8.22587,635.073,-9999.0,19.56,48.02
201207280800,201207280830,-7.47735,0.0,605.0,22.314,29.4,2.90857,10.2274,4.60812,8.311,745.112,-9999.0,19.53,45.58
201207280830,201207280900,-4.61164,0.0,686.6,23.762,30.14,2.97662,7.41109,4.70582,8.36404,847.398,-9999.0,19.51,44.46
201207280900,201207280930,-5.18503,0.0,764.0,27.944,31.73,3.13021,8.09687,4.93199,8.35299,940.18,-9999.0,19.5,40.34
201207280930,201207281000,-3.18779,0.0,826.0,31.933,32.89,3.2412,6.17962,5.0932,8.32602,1021.87,-9999.0,19.5,36.14
201207281000,201207281030,-3.70597,0.0,875.0,37.195,34.02,3.34949,6.77517,5.2497,8.2712,1091.07,-9999.0,19.52,30.17
201207281030,201207281100,-1.79623,0.0,914.0,42.637,35.01,3.44373,4.93204,5.3846,8.21172,1146.6,-9999.0,19.55,24.23
201207281100,201207281130,-9999.0,1.0,942.0,46.241,35.81,3.51863,5.73989,5.49017,8.17516,1187.5,-9999.0,19.59,21.37
201207281130,201207281200,-9999.0,1.0,953.0,49.527,36.73,3.60581,6.07054,5.61361,8.13811,1213.09,-9999.0,19.65,19.92
201207281200,201207281230,-2.38733,0.0,938.0,50.854,37.37,3.66425,5.67607,5.69395,8.11549,1222.91,-9999.0,19.72,20.59
201207281230,201207281300,-4.3849,0.0,912.0,48.304,37.26,3.64576,7.65872,5.65996,8.1315,1216.8,-9999.0,19.79,24.12
201207281300,201207281330,-9999.0,1.0,889.0,46.629,36.77,3.58857,5.30922,5.56864,8.13683,1194.86,-9999.0,19.87,24.77
201207281330,201207281400,-9999.0,1.0,843.0,44.985,36.26,3.52966,2.33057,5.47488,8.12725,1157.48,-9999.0,19.96,25.37
201207281400,201207281430,-9999.0,2.0,783.0,44.778,36.2,3.51657,3.13565,5.4491,8.0909,1105.29,-9999.0,20.06,25.47
201207281430,201207281500,-9999.0,1.0,719.0,45.258,36.2,3.50958,4.76589,5.43234,8.04008,1039.18,-9999.0,20.16,24.67
201207281500,201207281530,-9999.0,1.0,640.6,44.848,35.77,3.45926,5.05362,5.35158,7.97686,960.288,-9999.0,20.27,23.57
201207281530,201207281600,-9999.0,1.0,554.9,43.91,35.5,3.42525,4.53469,5.29501,7.89281,869.959,-9999.0,20.37,24.05
201207281600,201207281630,-2.16924,0.0,465.8,43.258,35.37,3.40538,5.25901,5.25938,7.77164,769.739,-9999.0,20.47,24.64
201207281630,201207281700,-9999.0,1.0,371.7,43.778,35.46,3.40754,4.73806,5.25624,7.58043,661.345,-9999.0,20.55,24.11
201207281700,201207281730,-9999.0,1.0,278.7,43.128,35.4,3.39472,3.3043,5.23102,7.2962,546.63,-9999.0,20.62,24.99
201207281730,201207281800,-0.592696,0.0,191.0,42.173,34.8,3.32829,3.6219,5.12698,6.82917,427.557,-9999.0,20.68,24.18
201207281800,201207281830,-1.95901,0.0,115.1,39.885,33.96,3.23862,4.92169,4.98886,6.0277,306.164,-9999.0,20.74,24.87
201207281830,201207281900,1.69177,0.0,50.71,36.03,32.67,3.10568,1.17249,4.78719,4.38798,184.528,-9999.0,20.78,27.05
201207281900,201207281930,1.77171,0.0,17.59,30.648,30.76,2.91445,0.950291,4.49966,2.29704,64.7294,-9999.0,20.81,30.86
201207281930,201207282000,-9999.0,1.0,1.698,26.134,28.98,2.73872,-0.117421,4.23488,0.294287,0.139501,-9999.0,20.84,34.7
201207282000,201207282030,-9999.0,1.0,0.33,22.298,27.31,2.57631,0.494033,3.98969,0.059049,0.0,-9999.0,20.86,38.6
201207282030,201207282100,1.38342,0.0,0.325,20.333,26.38,2.48488,1.01131,3.84951,0.05837,0.0,-9999.0,20.87,40.87
201207282100,201207282130,0.829107,0.0,0.318,18.593,25.55,2.40369,1.50207,3.7246,0.057325,0.0,-9999.0,20.86,43.21
201207282130,201207282200,-9999.0,1.0,0.313,15.85,24.36,2.29098,-0.539927,3.55309,0.056631,0.0,-9999.0,20.86,48.03
201207282200,201207282230,-9999.0,1.0,0.329,12.343,22.67,2.13591,-0.510395,3.31877,0.059718,0.0,-9999.0,20.85,55.19
201207282230,201207282300,0.396147,0.0,0.329,10.921,21.86,2.06066,1.66364,3.2029,0.059929,0.0,-9999.0,20.82,58.35
201207282300,201207282330,1.06786,0.0,0.314,10.184,21.55,2.02954,0.966078,3.15265,0.057417,0.0,-9999.0,20.79,60.42
201207282330,201207290000,1.25403,0.0,0.303,9.878,21.13,1.9892,0.746649,3.08876,0.055613,0.0,-9999.0,20.76,60.61
201207290000,201207290030,1.05867,0.0,0.3,9.345,20.5,1.93133,0.894619,2.999,0.055259,0.0,-9999.0,20.71,61.26
201207290030,201207290100,2.41872,0.0,0.281,9.39,20.25,1.90618,-0.48673,2.9673,0.051781,0.0,-9999.0,20.67,60.47
201207290100,201207290130,-9999.0,1.0,0.107,9.704,20.43,1.91741,-0.394433,2.98954,0.019792,0.0,-9999.0,20.62,59.6
201207290130,201207290200,-9999.0,1.0,0.21,9.377,20.15,1.88986,-0.494717,2.95438,0.038757,0.0,-9999.0,20.57,60.28
201207290200,201207290230,-9999.0,1.0,0.107,8.949,19.95,1.86917,-0.675895,2.92943,0.019792,0.0,-9999.0,20.52,61.62
201207290230,201207290300,-9999.0,1.0,0.179,7.471,19.07,1.79234,-0.717021,2.8215,0.033058,0.0,-9999.0,20.46,66.16
201207290300,201207290330,1.63108,0.0,0.246,6.059,18.08,1.70787,0.134684,2.70225,0.045366,0.0,-9999.0,20.41,70.8
201207290330,201207290400,-9999.0,1.0,0.218,5.846,17.73,1.67611,-1.73419,2.66111,0.040227,0.0,-9999.0,20.35,71.2
201207290400,201207290430,-9999.0,1.0,0.094,6.461,18.09,1.70151,-0.828518,2.70463,0.017392,0.0,-9999.0,20.3,68.88
201207290430,201207290500,-9999.0,1.0,1.276,6.24,17.87,1.68026,-1.16178,2.67913,0.23018,0.0,-9999.0,20.24,69.53
201207290500,201207290530,-9999.0,1.0,17.36,6.399,17.83,1.67352,-0.974566,2.67508,2.33607,36.0905,-9999.0,20.18,68.67
201207290530,201207290600,-9999.0,2.0,70.9,7.336,18.54,1.72691,2.90504,2.7597,5.16961,152.68,-9999.0,20.12,65.65
201207290600,201207290630,-9999.0,1.0,159.0,9.819,20.53,1.8858,5.75844,2.99847,6.61035,274.271,-9999.0,20.07,59.37
201207290630,201207290700,-9999.0,1.0,259.7,12.884,22.71,2.0647,6.71031,3.26421,7.21122,396.107,-9999.0,20.01,53.34
201207290700,201207290730,-4.36186,0.0,371.9,18.394,25.62,2.31145,6.59603,3.62497,7.48754,516.101,-9999.0,19.96,44.05
201207290730,201207290800,-8.6503,0.0,469.7,22.818,27.64,2.48491,11.015,3.87725,7.60033,632.202,-9999.0,19.91,38.37
201207290800,201207290830,-7.79659,0.0,564.2,25.242,28.73,2.577,10.2291,4.01191,7.67154,742.421,-9999.0,19.87,36.01
201207290830,201207290900,-4.69093,0.0,649.9,28.168,29.89,2.67584,7.19562,4.15516,7.6944,844.875,-9999.0,19.85,33.21
201207290900,201207290930,-3.61197,0.0,701.0,33.227,31.39,2.8061,6.21131,4.34138,7.64554,937.808,-9999.0,19.83,27.68
201207290930,201207291000,-3.59017,0.0,481.1,36.65,32.64,2.9142,6.26699,4.49512,7.37984,1019.63,-9999.0,19.82,25.67
201207291000,201207291030,-3.56793,0.0,636.4,38.291,33.28,2.96656,6.2812,4.57025,7.48918,1088.95,-9999.0,19.82,25.08
201207291030,201207291100,-3.17204,0.0,897.0,44.622,35.26,3.14252,6.01044,4.81551,7.51642,1144.57,-9999.0,19.84,21.79
201207291100,201207291130,-2.88888,0.0,917.0,49.639,36.71,3.27011,5.81651,4.99203,7.42442,1185.54,-9999.0,19.87,19.65
201207291130,201207291200,-1.6258,0.0,916.0,48.79,37.03,3.29272,4.5677,5.0238,7.40538,1211.16,-9999.0,19.91,22.39
201207291200,201207291230,-1.60757,0.0,902.0,42.95,35.41,3.1359,4.43611,4.81062,7.46209,1221.0,-9999.0,19.96,25.34
201207291230,201207291300,-2.04575,0.0,540.7,38.581,33.59,2.96268,4.74804,4.57512,7.28921,1214.88,-9999.0,20.03,25.81
201207291300,201207291330,-2.45844,0.0,818.0,37.243,32.94,2.89731,5.11173,4.48757,7.47816,1192.91,-9999.0,20.1,25.73
201207291330,201207291400,-9999.0,1.0,825.0,38.745,33.4,2.93253,3.98272,4.53778,7.42985,1155.47,-9999.0,20.17,24.7
201207291400,201207291430,-9999.0,1.0,764.0,38.243,33.21,2.90895,3.17112,4.50761,7.3872,1103.19,-9999.0,20.24,24.88
201207291430,201207291500,-9999.0,1.0,720.0,39.412,33.62,2.93949,3.37036,4.55105,7.31666,1036.97,-9999.0,20.32,24.34
201207291500,201207291530,-6.25999,0.0,644.8,40.618,34.18,2.98349,8.96902,4.61235,7.22104,957.949,-9999.0,20.4,24.42
201207291530,201207291600,-4.36866,0.0,511.3,42.079,34.76,3.02922,7.10887,4.6755,7.05311,867.472,-9999.0,20.48,24.18
201207291600,201207291630,-3.2797,0.0,392.6,40.299,34.29,2.98019,5.98302,4.61107,6.90716,767.089,-9999.0,20.55,25.47
201207291630,201207291700,-3.47986,0.0,337.8,36.675,33.2,2.87607,6.10638,4.47284,6.85506,658.517,-9999.0,20.61,27.92
201207291700,201207291730,-2.71756,0.0,276.4,37.164,33.35,2.88302,5.34748,4.48404,6.66084,543.614,-9999.0,20.67,27.57
201207291730,201207291800,0.691967,0.0,189.0,35.831,32.78,2.82603,1.89503,4.40955,6.28721,424.347,-9999.0,20.71,27.9
201207291800,201207291830,-0.20253,0.0,112.8,32.108,31.73,2.72722,2.71597,4.27922,5.65095,302.755,-9999.0,20.75,31.45
201207291830,201207291900,1.4435,0.0,52.77,28.636,30.29,2.59556,0.971735,4.10483,4.34772,180.919,-9999.0,20.79,33.64
201207291900,201207291930,2.81319,0.0,17.78,24.979,28.69,2.45208,-0.505887,3.91423,2.32838,60.925,-9999.0,20.81,36.53
201207291930,201207292000,2.65217,0.0,1.646,21.432,27.07,2.30931,-0.453433,3.72409,0.294025,0.00401942,-9999.0,20.83,40.15
201207292000,201207292030,-9999.0,1.0,0.323,19.085,25.95,2.21058,-0.363166,3.59347,0.059447,0.0,-9999.0,20.83,43.07
201207292030,201207292100,-9999.0,1.0,0.268,18.085,25.29,2.15107,-0.631907,3.5163,0.049387,0.0,-9999.0,20.84,43.9
201207292100,201207292130,-9999.0,1.0,0.108,17.61,24.96,2.11914,-0.426991,3.47688,0.019974,0.0,-9999.0,20.83,44.29
201207292130,201207292200,-9999.0,1.0,0.223,15.521,24.0,2.03632,-0.825832,3.3679,0.041139,0.0,-9999.0,20.82,48.0
201207292200,201207292230,-9999.0,1.0,0.199,14.855,23.61,2.0003,-0.683382,3.32304,0.036732,0.0,-9999.0,20.8,49.05
201207292230,201207292300,-9999.0,1.0,0.016,15.209,23.83,2.01339,-0.897955,3.34548,0.002965,0.0,-9999.0,20.77,48.52
201207292300,201207292330,-9999.0,1.0,0.0,15.878,24.16,2.03528,-0.631562,3.37979,0.0,0.0,-9999.0,20.74,47.31
201207292330,201207300000,-9999.0,1.0,0.0,15.662,23.96,2.01459,-0.847701,3.35604,0.0,0.0,-9999.0,20.71,47.4
201207300000,201207300030,-9999.0,1.0,0.0,14.789,23.52,1.97491,-0.768145,3.3065,0.0,0.0,-9999.0,20.68,49.0
201207300030,201207300100,-9999.0,1.0,0.038,13.223,22.83,1.91586,-0.715997,3.23061,0.007039,0.0,-9999.0,20.64,52.46
201207300100,201207300130,-9999.0,1.0,0.204,10.761,21.5,1.80793,-0.46861,3.08753,0.037654,0.0,-9999.0,20.6,58.05
201207300130,201207300200,-9999.0,1.0,0.208,9.981,20.98,1.76384,-0.621053,3.03186,0.03839,0.0,-9999.0,20.57,59.83
201207300200,201207300230,-9999.0,1.0,0.096,10.776,21.59,1.80649,-0.472096,3.09548,0.017761,0.0,-9999.0,20.53,58.22
201207300230,201207300300,-9999.0,1.0,0.079,10.123,21.13,1.7671,-0.6272,3.04646,0.014622,0.0,-9999.0,20.49,59.63
201207300300,201207300330,-9999.0,1.0,0.04,9.558,20.79,1.73717,-0.619632,3.01044,0.00741,0.0,-9999.0,20.44,61.08
201207300330,201207300400,-9999.0,1.0,0.018,9.453,20.67,1.72406,-0.697702,2.99755,0.003336,0.0,-9999.0,20.4,61.22
201207300400,201207300430,-9999.0,1.0,0.039,8.954,20.29,1.6915,-0.840883,2.95797,0.007225,0.0,-9999.0,20.36,62.4
201207300430,201207300500,-9999.0,1.0,1.1,9.126,20.44,1.69876,-0.775085,2.9731,0.199189,0.0,-9999.0,20.31,62.03
201207300500,201207300530,-9999.0,1.0,17.61,8.663,20.25,1.6806,-0.728298,2.95337,2.36256,33.0868,-9999.0,20.27,63.53
201207300530,201207300600,-9999.0,1.0,67.47,9.008,20.75,1.71392,3.72325,3.00404,5.07829,148.942,-9999.0,20.22,63.23
201207300600,201207300630,-9999.0,1.0,146.1,9.826,22.1,1.81155,5.64407,3.14111,6.4984,270.735,-9999.0,20.18,63.07
201207300630,201207300700,-1.34324,0.0,241.2,12.384,23.96,1.94985,3.23852,3.33001,7.06727,392.772,-9999.0,20.14,58.41
201207300700,201207300730,-9999.0,1.0,349.1,15.792,26.33,2.13076,8.0483,3.57061,7.256,512.966,-9999.0,20.1,53.94
201207300730,201207300800,-9999.0,1.0,447.9,15.029,27.54,2.22186,7.6501,3.69128,7.47634,629.258,-9999.0,20.06,59.17
201207300800,201207300830,-6.12005,0.0,554.8,15.116,28.06,2.25812,8.24493,3.74061,7.59945,739.661,-9999.0,20.03,60.16
201207300830,201207300900,-3.6181,0.0,643.3,17.127,29.12,2.33778,5.80071,3.8442,7.5572,842.283,-9999.0,20.01,57.55
201207300900,201207300930,-3.47969,0.0,725.0,19.524,30.1,2.41126,5.715,3.93865,7.46635,935.371,-9999.0,20.0,54.26
201207300930,201207301000,-0.383605,0.0,795.0,22.051,31.14,2.48982,2.67488,4.03808,7.34849,1017.33,-9999.0,20.0,51.32
201207301000,201207301030,-3.25384,0.0,855.0,24.132,31.91,2.54651,5.58478,4.10938,7.24379,1086.76,-9999.0,20.02,49.0
201207301030,201207301100,-1.6779,0.0,897.0,24.709,32.1,2.55584,4.014,4.12226,7.21364,1142.47,-9999.0,20.04,48.34
201207301100,201207301130,-0.210641,0.0,950.0,26.173,32.86,2.6116,2.58542,4.19111,7.13291,1183.51,-9999.0,20.08,47.57
201207301130,201207301200,0.291807,0.0,790.0,27.318,33.3,2.64118,2.1026,4.22769,6.99482,1209.18,-9999.0,20.13,46.61
201207301200,201207301230,-9999.0,2.0,587.6,27.805,33.36,2.63965,3.86479,4.22676,6.83918,1219.03,-9999.0,20.19,45.84
201207301230,201207301300,-9999.0,1.0,753.0,29.01,33.63,2.6552,3.65521,4.24608,6.85091,1212.9,-9999.0,20.26,44.34
201207301300,201207301330,0.210427,0.0,837.0,31.088,34.43,2.71902,2.23647,4.31596,6.74838,1190.89,-9999.0,20.33,42.95
201207301330,201207301400,-0.336479,0.0,857.0,30.151,34.3,2.70693,2.77485,4.29613,6.79223,1153.39,-9999.0,20.4,44.27
201207301400,201207301430,-1.06796,0.0,801.0,31.626,34.25,2.70137,3.50247,4.28404,6.66801,1101.03,-9999.0,20.49,41.38
201207301430,201207301500,-0.580924,0.0,737.0,26.827,33.03,2.60073,2.94336,4.16158,6.91274,1034.7,-9999.0,20.59,46.77
201207301500,201207301530,-0.539869,0.0,658.8,24.947,32.6,2.56455,2.87631,4.11457,6.97469,955.545,-9999.0,20.69,49.29
201207301530,201207301600,-1.04746,0.0,570.5,21.991,32.03,2.51723,3.34976,4.05493,7.08987,864.918,-9999.0,20.78,53.84
201207301600,201207301630,-0.803949,0.0,478.1,20.731,31.75,2.49337,3.08904,4.02285,7.07055,764.369,-9999.0,20.87,55.79
201207301630,201207301700,0.42135,0.0,384.0,19.356,31.36,2.46077,1.84013,3.9809,7.01402,655.617,-9999.0,20.95,57.8
201207301700,201207301730,-1.15752,0.0,288.2,19.271,31.35,2.45863,3.41754,3.97432,6.7897,540.524,-9999.0,21.01,57.96
201207301730,201207301800,-1.25053,0.0,196.2,19.152,31.22,2.4469,3.5021,3.95678,6.40806,421.059,-9999.0,21.07,57.91
201207301800,201207301830,-0.272571,0.0,110.9,17.564,30.45,2.3843,2.47845,3.88116,5.70756,299.266,-9999.0,21.11,59.67
201207301830,201207301900,-0.074839,0.0,42.61,15.052,29.31,2.29295,2.21355,3.7727,4.00164,177.228,-9999.0,21.15,63.1
201207301900,201207301930,1.28973,0.0,15.24,10.564,27.48,2.14892,0.741845,3.60282,2.12136,57.0352,-9999.0,21.17,71.2
201207301930,201207302000,-9999.0,1.0,1.842,7.148,25.73,2.01342,-1.25634,3.44153,0.328415,0.0,-9999.0,21.19,78.4
201207302000,201207302030,-9999.0,2.0,0.33,5.127,24.47,1.91708,0.519511,3.32566,0.060748,0.0,-9999.0,21.2,83.3
201207302030,201207302100,-9999.0,1.0,0.33,3.966,23.37,1.83397,0.112865,3.22516,0.060749,0.0,-9999.0,21.21,86.2
201207302100,201207302130,-9999.0,1.0,0.33,2.727,22.84,1.79382,0.329202,3.17637,0.060749,0.0,-9999.0,21.2,90.2
201207302130,201207302200,-9999.0,1.0,0.33,2.147,22.04,1.73426,-0.61388,3.10409,0.060749,0.0,-9999.0,21.19,91.9
201207302200,201207302230,-9999.0,1.0,0.33,1.636,21.44,1.68977,-0.647767,3.05013,0.060749,0.0,-9999.0,21.17,93.6
201207302230,201207302300,-9999.0,1.0,0.33,1.403,20.83,1.64497,-0.569119,2.99579,0.060749,0.0,-9999.0,21.14,94.3
201207302300,201207302330,-9999.0,1.0,0.33,1.115,20.23,1.60128,-1.18939,2.94282,0.060749,0.0,-9999.0,21.11,95.3
201207302330,201207310000,-9999.0,1.0,0.33,0.92,20.13,1.59331,-1.05366,2.93387,0.060749,0.0,-9999.0,21.07,96.1
201207310000,201207310030,-9999.0,1.0,0.33,0.625,19.83,1.57123,-1.03204,2.90767,0.060749,0.0,-9999.0,21.03,97.3
201207310030,201207310100,-9999.0,1.0,0.33,0.562,19.37,1.53805,-1.05857,2.86986,0.060638,0.0,-9999.0,20.99,97.5
201207310100,201207310130,-9999.0,1.0,0.33,0.29,19.26,1.52951,-1.06536,2.86229,0.060528,0.0,-9999.0,20.95,98.7
201207310130,201207310200,-9999.0,1.0,0.33,0.244,19.16,1.52169,-1.07158,2.85549,0.060417,0.0,-9999.0,20.9,98.9
201207310200,201207310230,-9999.0,1.0,0.33,0.298,18.48,1.47372,-1.18223,2.79709,0.060307,0.0,-9999.0,20.85,98.6
201207310230,201207310300,-9999.0,1.0,0.33,0.23,18.17,1.4516,-0.385718,2.77106,0.060196,0.0,-9999.0,20.81,98.9
201207310300,201207310330,-9999.0,1.0,0.33,0.256,18.51,1.47416,-0.827439,2.80304,0.060086,0.0,-9999.0,20.76,98.8
201207310330,201207310400,3.55278,0.0,0.33,0.395,18.1,1.4452,-2.06828,2.76769,0.059975,0.0,-9999.0,20.71,98.1
201207310400,201207310430,-0.215137,0.0,0.33,0.323,17.66,1.41443,1.67459,2.72925,0.059865,0.0,-9999.0,20.66,98.4
201207310430,201207310500,0.723298,0.0,1.328,0.397,17.38,1.39469,0.720053,2.70497,0.235568,0.0,-9999.0,20.6,98.0
201207310500,201207310530,-0.408157,0.0,22.62,0.343,16.73,1.35029,1.81502,2.64664,2.79856,30.1629,-9999.0,20.55,98.2
201207310530,201207310600,-1.40576,0.0,91.1,0.175,17.08,1.37296,2.83139,2.67957,5.75155,145.122,-9999.0,20.5,99.1
201207310600,201207310630,-4.11821,0.0,181.6,0.274,18.34,1.45761,5.61317,2.79713,6.9868,267.119,-9999.0,20.45,98.7
201207310630,201207310700,-6.04692,0.0,288.8,1.432,20.06,1.5761,7.63753,2.95943,7.61334,389.361,-9999.0,20.39,93.9
201207310700,201207310730,-6.02475,0.0,397.0,6.902,23.52,1.82383,7.81064,3.28878,7.95552,509.755,-9999.0,20.34,76.2
201207310730,201207310800,-5.52379,0.0,498.7,11.013,25.68,1.98316,7.4324,3.49917,8.06128,626.243,-9999.0,20.29,66.62
201207310800,201207310830,-4.3002,0.0,595.9,15.552,27.79,2.14199,6.32913,3.70757,7.73226,736.83,-9999.0,20.25,58.36
201207310830,201207310900,-1.85359,0.0,682.0,20.265,29.38,2.2632,3.97315,3.86838,7.34516,839.625,-9999.0,20.22,50.52
201207310900,201207310930,-1.94795,0.0,755.0,27.85,31.03,2.39049,4.1616,4.03705,6.67935,932.868,-9999.0,20.19,38.13
201207310930,201207311000,-1.71712,0.0,821.0,32.561,32.28,2.48747,4.00179,4.16869,6.29366,1014.97,-9999.0,20.18,32.61
201207311000,201207311030,-0.893119,0.0,877.0,39.231,33.42,2.57636,3.24241,4.29115,5.75923,1084.51,-9999.0,20.18,23.84
201207311030,201207311100,-9999.0,1.0,915.0,40.384,33.77,2.60275,3.43267,4.33695,5.67519,1140.31,-9999.0,20.2,23.12
201207311100,201207311130,-9999.0,1.0,938.0,41.674,34.23,2.63792,3.10065,4.39423,5.5766,1181.42,-9999.0,20.22,22.67
201207311130,201207311200,-9999.0,1.0,948.0,45.017,35.08,2.70432,3.9767,4.49132,5.31981,1207.13,-9999.0,20.26,20.31
201207311200,201207311230,-9999.0,1.0,935.0,42.295,35.1,2.70441,3.1101,4.50573,5.52189,1217.0,-9999.0,20.31,25.21
201207311230,201207311300,-9999.0,1.0,929.0,43.124,35.17,2.70849,3.2404,4.52526,5.45287,1210.86,-9999.0,20.36,24.04
201207311300,201207311330,-9999.0,1.0,901.0,45.71,35.63,2.74379,4.54788,4.58492,5.24585,1188.82,-9999.0,20.43,21.5
201207311330,201207311400,0.058736,0.0,852.0,46.119,35.82,2.75747,2.42144,4.61737,5.2006,1151.25,-9999.0,20.49,21.62
201207311400,201207311430,1.65504,0.0,799.0,47.724,36.21,2.78718,0.846434,4.67092,5.06513,1098.8,-9999.0,20.58,20.61
201207311430,201207311500,-2.12925,0.0,730.0,47.275,36.1,2.77681,4.62346,4.67265,5.0753,1032.36,-9999.0,20.67,20.88
201207311500,201207311530,0.109075,0.0,658.0,47.988,36.01,2.76804,2.37902,4.67633,4.99611,953.076,-9999.0,20.77,19.29
201207311530,201207311600,0.449191,0.0,573.0,48.345,36.01,2.76649,2.03793,4.68943,4.93296,862.297,-9999.0,20.87,18.69
201207311600,201207311630,-0.793779,0.0,481.9,49.242,36.35,2.79215,3.2993,4.73898,4.81878,761.579,-9999.0,20.95,18.71
201207311630,201207311700,-0.748598,0.0,384.0,48.212,36.07,2.76819,3.23718,4.72213,4.81389,652.645,-9999.0,21.03,19.18
201207311700,201207311730,-0.655735,0.0,284.5,47.773,36.03,2.76344,3.14106,4.73093,4.71899,537.36,-9999.0,21.09,19.74
201207311730,201207311800,0.996745,0.0,192.2,45.537,35.4,2.71166,1.45171,4.67505,4.64474,417.694,-9999.0,21.15,20.8
201207311800,201207311830,1.92077,0.0,108.8,43.513,34.77,2.66008,0.490812,4.61818,4.29592,295.697,-9999.0,21.19,21.64
201207311830,201207311900,-9999.0,2.0,36.36,39.34,33.35,2.54644,0.911506,4.47262,3.05098,173.456,-9999.0,21.23,23.33
201207311900,201207311930,3.66633,0.0,13.19,33.395,31.17,2.37473,-1.46202,4.24026,1.68439,53.2019,-9999.0,21.25,26.4
201207311930,201207312000,-9999.0,1.0,1.619,26.53,28.66,2.18055,-0.657747,3.96863,0.268221,0.0,-9999.0,21.27,32.47
201207312000,201207312030,3.09888,0.0,0.33,22.793,26.76,2.03599,-1.14759,3.76339,0.056257,0.0,-9999.0,21.28,35.18
201207312030,201207312100,-9999.0,1.0,0.33,19.075,26.09,1.9849,-0.37695,3.69461,0.056169,0.0,-9999.0,21.29,43.57
201207312100,201207312130,-9999.0,1.0,0.329,14.604,25.04,1.90623,-0.875258,3.58245,0.055915,0.0,-9999.0,21.28,54.02
201207312130,201207312200,-9999.0,1.0,0.33,11.958,23.47,1.79084,-0.936056,3.41116,0.055988,0.0,-9999.0,21.27,58.64
201207312200,201207312230,-9999.0,1.0,0.33,9.492,22.64,1.73024,-0.531577,3.32226,0.055888,0.0,-9999.0,21.25,65.48
201207312230,201207312300,-9999.0,1.0,0.33,7.795,21.71,1.66325,-0.152736,3.22162,0.055777,0.0,-9999.0,21.22,70.0
201207312300,201207312330,-9999.0,1.0,0.33,7.08,20.75,1.59504,-0.259885,3.11721,0.055667,0.0,-9999.0,21.19,71.1
201207312330,201208010000,3.81179,0.0,0.33,7.543,19.94,1.53808,-2.24896,3.02924,0.055556,0.0,-9999.0,21.15,67.63
201208010000,201208010030,-0.458877,0.0,0.329,7.997,19.71,1.52142,2.00835,3.00583,0.055279,0.0,-9999.0,21.11,65.19
201208010030,201208010100,4.56651,0.0,0.33,6.799,18.75,1.45527,-3.07062,2.90046,0.055335,0.0,-9999.0,21.06,68.58
201208010100,201208010130,-9999.0,1.0,0.319,8.85,19.05,1.47474,-0.308995,2.93591,0.053394,0.0,-9999.0,21.02,59.86
201208010130,201208010200,-9999.0,1.0,0.326,7.82,18.59,1.44285,-0.477586,2.88597,0.05445,0.0,-9999.0,20.96,63.5
201208010200,201208010230,-9999.0,1.0,0.323,7.014,17.64,1.37864,-0.954311,2.78079,0.053844,0.0,-9999.0,20.91,65.25
201208010230,201208010300,-9999.0,1.0,0.174,9.373,18.35,1.42512,-0.217217,2.86212,0.029023,0.0,-9999.0,20.85,55.59
201208010300,201208010330,0.794461,0.0,0.0,12.828,20.07,1.54091,0.771225,3.06095,0.0,0.0,-9999.0,20.79,45.39
201208010330,201208010400,0.42826,0.0,0.0,14.553,20.7,1.58346,1.17169,3.13677,0.0,0.0,-9999.0,20.73,40.41
201208010400,201208010430,0.610547,0.0,0.0,14.157,20.56,1.57288,0.981011,3.12315,0.0,0.0,-9999.0,20.66,41.53
201208010430,201208010500,0.766234,0.0,1.089,14.057,20.68,1.58027,0.831339,3.14,0.177172,0.0,-9999.0,20.6,42.37
201208010500,201208010530,0.416542,0.0,27.7,13.698,20.79,1.58698,1.18649,3.15581,3.06965,27.3247,-9999.0,20.54,44.22
201208010530,201208010600,-1.94193,0.0,112.3,13.218,20.77,1.58469,3.54322,3.15627,6.29963,141.221,-9999.0,20.48,46.11
201208010600,201208010630,-4.77459,0.0,211.6,13.939,21.66,1.64566,6.42462,3.26595,7.46105,263.424,-9999.0,20.43,46.19
201208010630,201208010700,-4.8068,0.0,317.1,16.24,23.56,1.77907,6.56212,3.50113,7.77341,385.872,-9999.0,20.38,44.13
201208010700,201208010730,-5.67477,0.0,420.6,20.837,26.5,1.99156,7.59446,3.87246,7.48817,506.47,-9999.0,20.33,39.83
201208010730,201208010800,-3.65635,0.0,519.6,22.448,27.66,2.07632,5.64065,4.02611,7.44889,623.155,-9999.0,20.29,39.44
201208010800,201208010830,-2.63931,0.0,611.4,24.33,28.51,2.1386,4.67077,4.14231,7.3113,733.929,-9999.0,20.25,37.53
201208010830,201208010900,-3.13202,0.0,696.1,26.766,29.36,2.20125,5.21063,4.26013,7.06865,836.898,-9999.0,20.22,34.57
201208010900,201208010930,-0.853425,0.0,771.0,29.892,30.31,2.27183,2.98483,4.39269,6.72319,930.299,-9999.0,20.21,30.81
201208010930,201208011000,-9999.0,1.0,829.0,32.717,31.39,2.35275,4.82177,4.54434,6.40972,1012.53,-9999.0,20.19,28.79
201208011000,201208011030,-9999.0,1.0,880.0,34.925,32.32,2.42265,2.88196,4.6781,6.17099,1082.2,-9999.0,20.2,27.88
201208011030,201208011100,-9999.0,1.0,917.0,35.908,32.7,2.45047,2.86468,4.73954,6.07005,1138.1,-9999.0,20.21,27.42
201208011100,201208011130,0.731517,0.0,939.0,39.35,33.84,2.53704,1.5954,4.90477,5.69402,1179.27,-9999.0,20.24,25.38
201208011130,201208011200,0.351397,0.0,948.0,40.547,34.12,2.55727,1.99035,4.9545,5.56666,1205.03,-9999.0,20.28,24.3
201208011200,201208011230,0.144231,0.0,943.0,40.654,34.39,2.57673,2.21176,5.00331,5.55217,1214.91,-9999.0,20.32,25.23
201208011230,201208011300,3.02869,0.0,925.0,39.403,34.37,2.5737,-0.674764,5.0124,5.68078,1208.76,-9999.0,20.38,27.45
201208011300,201208011330,0.347581,0.0,893.0,38.123,34.21,2.55983,1.99641,5.00199,5.81306,1186.68,-9999.0,20.43,29.18
201208011330,201208011400,1.23068,0.0,846.0,37.183,34.04,2.54522,1.10283,4.98995,5.9054,1149.05,-9999.0,20.5,30.27
201208011400,201208011430,1.15142,0.0,790.0,36.903,34.25,2.55998,1.19294,5.03107,5.91882,1096.51,-9999.0,20.58,31.6
201208011430,201208011500,0.791666,0.0,721.0,35.371,34.0,2.5392,1.53773,5.00749,6.0694,1029.96,-9999.0,20.68,33.52
201208011500,201208011530,-0.418388,0.0,644.5,36.812,34.33,2.56322,2.76536,5.06595,5.86629,950.541,-9999.0,20.78,32.07
201208011530,201208011600,-9999.0,1.0,559.7,40.262,35.04,2.61667,3.87269,5.17939,5.44087,859.609,-9999.0,20.88,28.57
201208011600,201208011630,-9999.0,1.0,469.3,40.555,34.97,2.60974,4.82673,5.18167,5.3448,758.72,-9999.0,20.97,27.77
201208011630,201208011700,-0.916974,0.0,374.3,40.41,34.84,2.59818,3.28969,5.17515,5.26052,649.602,-9999.0,21.05,27.51
201208011700,201208011730,0.329171,0.0,278.9,40.0,34.36,2.55963,2.01572,5.11758,5.14071,534.122,-9999.0,21.11,26.31
201208011730,201208011800,-0.386347,0.0,185.7,36.545,33.76,2.51199,2.6967,5.04192,5.15233,414.254,-9999.0,21.17,30.39
201208011800,201208011830,-0.0951309,0.0,104.3,30.168,32.16,2.38828,2.31492,4.8199,4.97651,292.051,-9999.0,21.22,37.14
201208011830,201208011900,0.91999,0.0,37.27,24.677,30.6,2.26893,1.21151,4.60315,3.37531,169.602,-9999.0,21.25,43.82
201208011900,201208011930,1.21318,0.0,13.28,18.767,28.25,2.0925,0.785919,4.27255,1.68665,49.435,-9999.0,21.28,51.08
201208011930,201208012000,0.855231,0.0,1.425,15.554,26.8,1.98497,1.06208,4.07213,0.216899,0.0,-9999.0,21.3,55.87
201208012000,201208012030,3.6807,0.0,0.33,13.218,25.56,1.89406,-1.83324,3.9019,0.05101,0.0,-9999.0,21.31,59.65
201208012030,201208012100,-9999.0,1.0,0.33,10.922,24.24,1.7987,-0.602726,3.72073,0.050912,0.0,-9999.0,21.31,63.93
201208012100,201208012130,-9999.0,1.0,0.33,9.04,23.18,1.72297,-0.121266,3.57659,0.050806,0.0,-9999.0,21.31,68.18
201208012130,201208012200,-9999.0,1.0,0.33,7.389,22.32,1.6621,0.170071,3.46061,0.050695,0.0,-9999.0,21.3,72.6
201208012200,201208012230,-9999.0,1.0,0.33,6.29,21.99,1.63834,0.443034,3.41831,0.050585,0.0,-9999.0,21.28,76.2
201208012230,201208012300,-9999.0,1.0,0.33,5.599,21.52,1.6051,0.363428,3.35633,0.050475,0.0,-9999.0,21.25,78.2
201208012300,201208012330,-9999.0,1.0,0.33,4.757,21.02,1.57006,0.231403,3.29003,0.050364,0.0,-9999.0,21.23,80.9
201208012330,201208020000,-9999.0,1.0,0.33,4.652,20.74,1.55016,0.174465,3.25409,0.050254,0.0,-9999.0,21.19,81.0
201208020000,201208020030,-9999.0,1.0,0.322,5.957,21.1,1.57367,0.186039,3.30716,0.048933,0.0,-9999.0,21.15,76.2
201208020030,201208020100,-9999.0,1.0,0.307,7.861,22.18,1.64666,0.321788,3.457,0.046621,0.0,-9999.0,21.11,70.6
201208020100,201208020130,-9999.0,1.0,0.33,5.823,20.73,1.54678,0.09699,3.25059,0.050055,0.0,-9999.0,21.07,76.2
201208020130,201208020200,-9999.0,1.0,0.327,5.387,20.45,1.52701,0.050744,3.20911,0.049558,0.0,-9999.0,21.03,77.6
201208020200,201208020230,-9999.0,1.0,0.314,5.786,20.49,1.52881,0.142711,3.21219,0.047554,0.0,-9999.0,20.98,76.0
201208020230,201208020300,-9999.0,1.0,0.253,8.131,21.28,1.58131,0.22731,3.32041,0.038313,0.0,-9999.0,20.93,67.87
201208020300,201208020330,-9999.0,1.0,0.012,13.133,23.49,1.73258,-0.089663,3.63382,0.001821,0.0,-9999.0,20.89,54.63
201208020330,201208020400,-9999.0,1.0,0.0,13.91,23.76,1.75043,-0.100024,3.67092,0.0,0.0,-9999.0,20.84,52.72
201208020400,201208020430,-9999.0,1.0,0.0,13.581,23.55,1.73474,-0.075898,3.63835,0.0,0.0,-9999.0,20.8,53.25
201208020430,201208020500,-9999.0,1.0,0.916,13.368,23.47,1.72815,-0.092854,3.62465,0.136879,0.0,-9999.0,20.76,53.76
201208020500,201208020530,-9999.0,1.0,23.17,13.216,23.24,1.71115,0.02073,3.58918,2.62709,24.58,-9999.0,20.72,53.65
201208020530,201208020600,-9999.0,2.0,102.7,12.728,23.1,1.70044,3.82808,3.56675,6.2942,137.239,-9999.0,20.68,54.98
201208020600,201208020630,-9999.0,2.0,202.5,14.235,24.17,1.77398,5.75852,3.72071,7.67138,259.651,-9999.0,20.64,52.79
201208020630,201208020700,-9999.0,2.0,306.5,16.932,25.71,1.88169,7.12158,3.94689,7.99063,382.308,-9999.0,20.61,48.77
201208020700,201208020730,-9999.0,1.0,408.8,22.087,28.07,2.05035,6.64666,4.3021,7.58928,503.112,-9999.0,20.58,41.82
201208020730,201208020800,-9999.0,1.0,508.9,24.467,29.03,2.11916,7.27529,4.44839,7.43272,619.995,-9999.0,20.56,39.04
201208020800,201208020830,-9999.0,1.0,603.1,25.867,29.66,2.16414,6.3103,4.54493,7.34653,730.958,-9999.0,20.53,37.85
201208020830,201208020900,-2.44923,0.0,692.3,29.675,30.73,2.24181,4.56393,4.71113,6.89705,834.103,-9999.0,20.52,32.94
201208020900,201208020930,2.68124,0.0,766.0,32.575,31.57,2.30286,-0.52088,4.84279,6.56398,927.663,-9999.0,20.51,29.82
201208020930,201208021000,-2.55159,0.0,830.0,34.962,32.44,2.36641,4.75922,4.98041,6.29868,1010.04,-9999.0,20.51,28.29
201208021000,201208021030,-1.434,0.0,881.0,38.217,33.42,2.43851,3.69493,5.13691,5.93614,1079.82,-9999.0,20.52,25.81
201208021030,201208021100,0.699999,0.0,919.0,40.394,33.96,2.47772,1.58985,5.22384,5.70926,1135.82,-9999.0,20.54,23.91
201208021100,201208021130,-9999.0,1.0,943.0,43.415,34.81,2.54044,3.05708,5.36163,5.40024,1177.06,-9999.0,20.57,21.99
201208021130,201208021200,-9999.0,1.0,954.0,44.862,35.15,2.56468,3.08047,5.41734,5.26443,1202.86,-9999.0,20.61,20.89
201208021200,201208021230,-9999.0,1.0,944.0,47.208,35.87,2.61778,3.30593,5.53556,5.04217,1212.76,-9999.0,20.66,19.99
201208021230,201208021300,-9999.0,1.0,924.0,49.198,36.56,2.66871,3.57283,5.6497,4.86266,1206.6,-9999.0,20.71,19.71
201208021300,201208021330,-0.897265,0.0,901.0,51.289,36.91,2.69379,3.34479,5.7084,4.6822,1184.49,-9999.0,20.76,17.88
201208021330,201208021400,-9999.0,1.0,866.0,53.196,37.06,2.70363,2.50597,5.73423,4.52387,1146.79,-9999.0,20.83,15.52
201208021400,201208021430,-9999.0,1.0,804.0,48.598,36.69,2.67386,1.52033,5.67386,4.926,1094.16,-9999.0,20.9,21.25
201208021430,201208021500,-1.06324,0.0,731.0,42.943,35.39,2.57373,3.4243,5.45966,5.45453,1027.5,-9999.0,21.0,25.27
201208021500,201208021530,0.385657,0.0,647.8,41.977,34.98,2.54127,1.95191,5.39256,5.52438,947.94,-9999.0,21.1,25.28
201208021530,201208021600,-0.367377,0.0,564.1,41.66,34.95,2.53751,2.70234,5.38802,5.51705,856.853,-9999.0,21.2,25.72
201208021600,201208021630,-9999.0,1.0,469.7,42.091,35.01,2.54052,3.81992,5.39835,5.4112,755.792,-9999.0,21.28,25.2
201208021630,201208021700,-9999.0,1.0,371.6,42.097,35.19,2.55257,3.21096,5.42861,5.30857,646.488,-9999.0,21.36,25.93
201208021700,201208021730,-0.350159,0.0,274.0,40.33,34.68,2.51271,2.66743,5.3445,5.28946,530.81,-9999.0,21.42,27.01
201208021730,201208021800,-0.710815,0.0,183.8,39.467,34.3,2.48273,3.00628,5.28189,5.04067,410.738,-9999.0,21.47,27.05
201208021800,201208021830,-9999.0,1.0,100.3,36.808,33.6,2.42895,1.77079,5.16639,4.52241,288.326,-9999.0,21.51,29.26
201208021830,201208021900,-9999.0,1.0,34.47,34.26,32.45,2.34209,-0.184587,4.97724,2.91509,165.669,-9999.0,21.54,29.77
201208021900,201208021930,4.09446,0.0,12.28,29.108,30.65,2.20829,-2.00221,4.68377,1.46004,45.7428,-9999.0,21.56,33.92
201208021930,201208022000,1.81174,0.0,1.184,24.896,29.01,2.08786,0.189645,4.41948,0.170844,0.0,-9999.0,21.58,37.9
201208022000,201208022030,-9999.0,1.0,0.33,21.655,27.59,1.98477,-0.674055,4.19321,0.048321,0.0,-9999.0,21.59,41.34
201208022030,201208022100,-9999.0,1.0,0.33,19.181,26.46,1.90349,-0.548964,4.01481,0.048289,0.0,-9999.0,21.59,44.48
201208022100,201208022130,-9999.0,1.0,0.33,15.884,25.49,1.83431,-0.200247,3.86288,0.048261,0.0,-9999.0,21.58,51.31
201208022130,201208022200,-9999.0,1.0,0.328,13.923,24.72,1.77971,-0.144639,3.7429,0.047934,0.0,-9999.0,21.57,55.32
201208022200,201208022230,-9999.0,1.0,0.33,12.463,23.84,1.71806,-0.09215,3.60717,0.048187,0.0,-9999.0,21.55,57.84
201208022230,201208022300,-9999.0,1.0,0.329,11.693,23.16,1.67065,0.183299,3.50271,0.048001,0.0,-9999.0,21.53,58.79
201208022300,201208022330,-9999.0,1.0,0.33,10.474,22.11,1.59881,0.400026,3.34418,0.048107,0.0,-9999.0,21.49,60.66
201208022330,201208030000,-9999.0,1.0,0.33,9.509,21.29,1.5432,0.329838,3.22137,0.048065,0.0,-9999.0,21.46,62.45
201208030000,201208030030,-9999.0,1.0,0.329,8.825,20.68,1.50203,-0.106719,3.13026,0.047875,0.0,-9999.0,21.42,63.82
201208030030,201208030100,-9999.0,1.0,0.305,8.812,20.39,1.48213,-0.017881,3.08589,0.044357,0.0,-9999.0,21.37,63.22
201208030100,201208030130,-9999.0,1.0,0.28,8.308,20.1,1.46232,-0.056628,3.04166,0.040697,0.0,-9999.0,21.33,64.7
201208030130,201208030200,-9999.0,1.0,0.088,9.413,21.03,1.52235,0.057881,3.17379,0.012812,0.0,-9999.0,21.28,62.23
201208030200,201208030230,-9999.0,1.0,0.037,9.295,20.95,1.51617,0.05296,3.15969,0.005386,0.0,-9999.0,21.22,62.52
201208030230,201208030300,-9999.0,1.0,0.056,8.835,20.78,1.50409,-0.104555,3.13248,0.008142,0.0,-9999.0,21.17,64.0
201208030300,201208030330,-9999.0,1.0,0.271,7.136,19.47,1.41809,0.097533,2.94135,0.039249,0.0,-9999.0,21.12,68.47
201208030330,201208030400,-9999.0,1.0,0.263,6.293,18.74,1.37055,0.033671,2.83545,0.038059,0.0,-9999.0,21.06,70.9
201208030400,201208030430,-9999.0,1.0,0.17,6.201,18.78,1.37227,0.03519,2.83841,0.024609,0.0,-9999.0,21.01,71.4
201208030430,201208030500,-9999.0,1.0,1.004,5.751,18.38,1.3461,0.077626,2.77963,0.143562,0.0,-9999.0,20.96,72.8
201208030500,201208030530,-9999.0,1.0,20.62,4.786,17.65,1.29947,0.211549,2.67559,2.3264,21.9369,-9999.0,20.9,76.3
201208030530,201208030600,-9999.0,2.0,94.9,5.058,18.13,1.32873,-1.54377,2.73934,5.95451,133.178,-9999.0,20.85,75.7
201208030600,201208030630,-9999.0,2.0,190.1,5.92,19.02,1.38422,1.02784,2.86171,7.59701,255.8,-9999.0,20.79,73.1
201208030630,201208030700,-5.5646,0.0,294.9,9.717,22.1,1.5838,7.17446,3.30839,8.41384,378.668,-9999.0,20.74,63.48
201208030700,201208030730,-9999.0,1.0,399.0,16.883,25.91,1.84146,6.54209,3.89396,8.03465,499.68,-9999.0,20.69,49.52
201208030730,201208030800,-9999.0,1.0,501.7,20.955,27.93,1.98151,8.3436,4.21687,7.78692,616.764,-9999.0,20.64,44.35
201208030800,201208030830,-9999.0,1.0,595.6,24.431,29.32,2.07884,7.32327,4.44379,7.52088,727.918,-9999.0,20.6,40.14
201208030830,201208030900,-9999.0,1.0,679.6,28.151,30.63,2.17137,4.62371,4.66136,7.19296,831.24,-9999.0,20.57,36.02
201208030900,201208030930,-2.57226,0.0,752.0,31.682,31.79,2.25377,4.70239,4.85692,6.8747,924.961,-9999.0,20.55,32.59
201208030930,201208031000,-3.47924,0.0,817.0,33.195,32.53,2.30611,5.64864,4.98303,6.76003,1007.48,-9999.0,20.53,32.26
201208031000,201208031030,-2.61735,0.0,863.0,35.816,33.5,2.37543,4.83844,5.1502,6.52719,1077.38,-9999.0,20.54,30.78
201208031030,201208031100,-1.24595,0.0,901.0,36.688,33.97,2.40838,3.49158,5.23197,6.46457,1133.47,-9999.0,20.55,30.93
201208031100,201208031130,-1.51267,0.0,919.0,36.609,34.69,2.45973,3.79633,5.35817,6.48551,1174.79,-9999.0,20.58,33.78
201208031130,201208031200,0.051924,0.0,929.0,34.822,34.38,2.43549,2.21402,5.30405,6.66796,1200.63,-9999.0,20.62,35.92
201208031200,201208031230,-9999.0,1.0,930.0,36.107,34.55,2.44648,2.58322,5.33419,6.55092,1210.55,-9999.0,20.67,34.18
201208031230,201208031300,-9999.0,1.0,916.0,37.208,34.56,2.44572,3.0335,5.33625,6.44941,1204.38,-9999.0,20.74,32.21
201208031300,201208031330,-9999.0,1.0,883.0,36.658,34.22,2.41935,3.33055,5.27661,6.49564,1182.22,-9999.0,20.8,31.94
201208031330,201208031400,-9999.0,1.0,843.0,39.376,34.89,2.46693,3.86275,5.39527,6.24118,1144.46,-9999.0,20.88,29.56
201208031400,201208031430,-0.284341,0.0,783.0,39.333,34.85,2.4625,2.57094,5.38856,6.22809,1091.74,-9999.0,20.96,29.48
201208031430,201208031500,-2.12886,0.0,722.0,36.395,34.03,2.40107,4.37026,5.24364,6.46521,1024.97,-9999.0,21.06,31.71
201208031500,201208031530,-9999.0,1.0,647.2,35.404,33.89,2.38941,2.69384,5.21905,6.51265,945.273,-9999.0,21.17,33.05
201208031530,201208031600,-9999.0,1.0,567.1,35.131,33.52,2.36105,3.25795,5.15383,6.47754,854.029,-9999.0,21.28,32.18
201208031600,201208031630,-9999.0,1.0,471.3,33.454,33.41,2.35163,2.06132,5.13443,6.52092,752.795,-9999.0,21.37,35.02
201208031630,201208031700,-1.3643,0.0,373.8,31.061,32.65,2.29522,3.52757,5.00065,6.56007,643.302,-9999.0,21.44,37.04
201208031700,201208031730,-1.97904,0.0,276.3,32.166,32.82,2.30608,4.15057,5.03031,6.20371,527.426,-9999.0,21.5,35.42
201208031730,201208031800,-2.08633,0.0,184.5,31.179,32.17,2.25786,4.22192,4.916,5.81537,407.147,-9999.0,21.55,35.07
201208031800,201208031830,-0.451088,0.0,102.1,27.926,31.18,2.18559,2.53244,4.743,5.08099,284.525,-9999.0,21.58,38.49
201208031830,201208031900,1.6385,0.0,34.75,22.555,29.51,2.06583,0.352033,4.45498,3.10659,161.657,-9999.0,21.61,45.34
201208031900,201208031930,3.9003,0.0,12.51,16.377,27.3,1.91029,-2.02943,4.08189,1.4818,42.1336,-9999.0,21.62,54.88
201208031930,201208032000,1.24494,0.0,1.141,12.673,25.55,1.78915,0.531343,3.79318,0.158192,0.0,-9999.0,21.63,61.29
201208032000,201208032030,1.70717,0.0,0.33,10.129,24.22,1.69831,-0.002659,3.57777,0.046251,0.0,-9999.0,21.63,66.51
201208032030,201208032100,-9999.0,1.0,0.33,8.492,23.07,1.62077,0.093279,3.3945,0.046207,0.0,-9999.0,21.63,69.91
201208032100,201208032130,-9999.0,1.0,0.33,6.921,21.98,1.54826,0.216557,3.22363,0.046163,0.0,-9999.0,21.61,73.8
201208032130,201208032200,-9999.0,1.0,0.33,5.821,21.14,1.4929,0.04053,3.09346,0.046119,0.0,-9999.0,21.59,76.8
201208032200,201208032230,-9999.0,1.0,0.33,5.139,20.58,1.45607,0.228316,3.00686,0.046074,0.0,-9999.0,21.56,78.8
201208032230,201208032300,-9999.0,1.0,0.33,4.571,19.79,1.40501,0.193763,2.88711,0.04603,0.0,-9999.0,21.52,80.2
201208032300,201208032330,-9999.0,1.0,0.33,3.65,18.91,1.34898,0.207461,2.75606,0.045986,0.0,-9999.0,21.48,83.3
201208032330,201208040000,-9999.0,1.0,0.33,3.175,18.61,1.32953,0.132228,2.71013,0.045942,0.0,-9999.0,21.43,85.2
201208040000,201208040030,-9999.0,1.0,0.33,3.243,18.42,1.31696,0.01386,2.68018,0.045898,0.0,-9999.0,21.38,84.7
201208040030,201208040100,-9999.0,1.0,0.33,2.809,17.89,1.28449,-0.021309,2.59578,0.045898,0.0,-9999.0,21.33,86.3
201208040100,201208040130,-9999.0,1.0,0.33,2.96,17.71,1.27359,-0.03051,2.56135,0.045898,0.0,-9999.0,21.27,85.4
201208040130,201208040200,-9999.0,1.0,0.33,2.531,16.83,1.22037,0.20136,2.42911,0.045898,0.0,-9999.0,21.22,86.8
201208040200,201208040230,-9999.0,1.0,0.33,2.361,16.22,1.18398,0.32187,2.33606,0.045898,0.0,-9999.0,21.15,87.2
201208040230,201208040300,-9999.0,1.0,0.33,2.203,15.76,1.15683,-0.03307,2.26441,0.045898,0.0,-9999.0,21.09,87.7
201208040300,201208040330,-9999.0,1.0,0.33,2.131,15.5,1.14162,0.242321,2.22019,0.045898,0.0,-9999.0,21.03,87.9
201208040330,201208040400,-9999.0,1.0,0.33,2.092,15.34,1.13233,0.192116,2.18951,0.045898,0.0,-9999.0,20.97,88.0
201208040400,201208040430,-9999.0,1.0,0.287,2.789,16.14,1.17959,0.291776,2.28823,0.039941,0.0,-9999.0,20.9,84.8
201208040430,201208040500,-9999.0,1.0,0.904,2.709,15.68,1.15247,-0.036756,2.21653,0.124733,0.0,-9999.0,20.84,84.8
201208040500,201208040530,-9999.0,1.0,18.45,2.464,15.6,1.14785,0.319347,2.19647,2.04841,19.4036,-9999.0,20.77,86.1
201208040530,201208040600,-9999.0,1.0,87.8,2.663,15.94,1.16801,2.26857,2.23322,5.50089,129.039,-9999.0,20.71,85.3
201208040600,201208040630,-9999.0,1.0,185.1,3.635,16.96,1.22906,4.57492,2.36512,7.19755,251.874,-9999.0,20.64,81.2
201208040630,201208040700,-6.49466,0.0,290.0,5.96,19.43,1.38119,7.94549,2.71641,8.00348,374.954,-9999.0,20.57,73.6
201208040700,201208040730,-1.419,0.0,397.8,10.767,22.98,1.60964,3.05707,3.27171,8.38063,496.175,-9999.0,20.51,61.64
201208040730,201208040800,-9999.0,1.0,499.1,14.726,25.07,1.74895,6.93679,3.62235,8.23769,613.462,-9999.0,20.45,53.72
201208040800,201208040830,-9999.0,1.0,593.1,17.013,26.61,1.85362,6.73951,3.89313,8.15627,724.808,-9999.0,20.4,51.19
201208040830,201208040900,-9999.0,1.0,678.5,19.256,27.99,1.94874,4.89004,4.14618,8.0232,828.309,-9999.0,20.36,49.04
201208040900,201208040930,-2.63908,0.0,752.0,21.974,28.85,2.00865,4.59169,4.30884,7.80734,922.192,-9999.0,20.33,44.68
201208040930,201208041000,-2.32043,0.0,815.0,27.606,30.28,2.1091,4.3501,4.59028,7.28983,1004.85,-9999.0,20.32,35.99
201208041000,201208041030,-1.51547,0.0,868.0,31.99,31.81,2.21772,3.62763,4.9048,6.90007,1074.88,-9999.0,20.31,32.01
201208041030,201208041100,-9999.0,1.0,903.0,33.432,32.56,2.27146,3.44995,5.06621,6.77677,1131.06,-9999.0,20.32,31.89
201208041100,201208041130,-9999.0,1.0,926.0,33.478,32.97,2.30103,3.25887,5.15859,6.7744,1172.45,-9999.0,20.34,33.35
201208041130,201208041200,-9999.0,1.0,933.0,33.762,33.35,2.32852,3.18629,5.24645,6.74396,1198.34,-9999.0,20.38,34.2
201208041200,201208041230,-9999.0,1.0,934.0,33.548,33.37,2.33014,3.25861,5.25623,6.75652,1208.27,-9999.0,20.43,34.69
201208041230,201208041300,-9999.0,1.0,910.0,35.045,33.5,2.33968,3.08704,5.29066,6.6047,1202.09,-9999.0,20.49,32.27
201208041300,201208041330,-9999.0,1.0,891.0,35.596,33.4,2.33266,3.04207,5.27375,6.54066,1179.9,-9999.0,20.55,30.82
201208041330,201208041400,-9999.0,1.0,848.0,37.182,33.67,2.35229,3.76672,5.34056,6.37652,1142.07,-9999.0,20.62,28.82
201208041400,201208041430,-1.68988,0.0,794.0,38.195,33.67,2.35247,3.90345,5.34646,6.25841,1089.26,-9999.0,20.71,26.88
201208041430,201208041500,-0.365193,0.0,729.0,38.005,33.62,2.34905,2.57624,5.3408,6.23506,1022.37,-9999.0,20.81,27.04
201208041500,201208041530,-9999.0,1.0,651.4,34.914,33.07,2.30965,3.0927,5.21928,6.44591,942.539,-9999.0,20.92,30.88
201208041530,201208041600,-9999.0,1.0,565.5,33.796,32.96,2.30193,2.75654,5.1987,6.46626,851.137,-9999.0,21.03,32.68
201208041600,201208041630,0.910933,0.0,472.1,32.217,32.51,2.26983,1.24088,5.09915,6.49052,749.728,-9999.0,21.12,34.18
201208041630,201208041700,-9999.0,1.0,374.6,29.787,31.64,2.20785,3.65805,4.90327,6.52369,640.046,-9999.0,21.19,36.08
201208041700,201208041730,-9999.0,1.0,276.9,28.267,31.4,2.19093,2.94289,4.85112,6.36205,523.969,-9999.0,21.25,38.51
201208041730,201208041800,-1.53697,0.0,182.6,25.067,30.63,2.13646,3.58801,4.67876,6.07697,403.483,-9999.0,21.3,43.03
201208041800,201208041830,-9999.0,1.0,98.3,22.149,29.8,2.07806,2.12195,4.49436,5.18336,280.648,-9999.0,21.34,47.21
201208041830,201208041900,-9999.0,1.0,32.52,18.251,28.67,1.99906,-0.29168,4.24686,2.99898,157.568,-9999.0,21.37,53.57
201208041900,201208041930,1.91826,0.0,9.76,13.428,26.71,1.86364,-0.077694,3.83223,1.19226,38.6157,-9999.0,21.38,61.7
201208041930,201208042000,-9999.0,1.0,0.828,9.739,25.09,1.75356,0.034182,3.50345,0.114369,0.0,-9999.0,21.4,69.43
201208042000,201208042030,-9999.0,1.0,0.33,7.31,24.13,1.68923,0.442706,3.31264,0.045898,0.0,-9999.0,21.4,75.7
201208042030,201208042100,-9999.0,1.0,0.33,5.566,22.84,1.6038,0.494433,3.06554,0.045898,0.0,-9999.0,21.4,80.0
201208042100,201208042130,-9999.0,1.0,0.33,4.049,22.01,1.54956,0.376745,2.90871,0.045898,0.0,-9999.0,21.39,84.7
201208042130,201208042200,-9999.0,1.0,0.33,2.857,21.41,1.51073,0.164924,2.79543,0.045898,0.0,-9999.0,21.37,88.8
201208042200,201208042230,-9999.0,1.0,0.33,2.323,20.72,1.46643,0.499332,2.66851,0.045898,0.0,-9999.0,21.35,90.5
201208042230,201208042300,-9999.0,1.0,0.33,1.967,20.21,1.43398,0.265577,2.57419,0.045898,0.0,-9999.0,21.32,91.7
201208042300,201208042330,-9999.0,1.0,0.33,1.791,19.5,1.38914,0.416946,2.44839,0.045898,0.0,-9999.0,21.29,92.1
201208042330,201208050000,-9999.0,1.0,0.33,1.714,19.2,1.3704,0.401346,2.39116,0.045898,0.0,-9999.0,21.26,92.3
201208050000,201208050030,-9999.0,1.0,0.33,1.549,18.66,1.33678,0.387429,2.29617,0.045898,0.0,-9999.0,21.22,92.8
201208050030,201208050100,-9999.0,1.0,0.33,1.357,18.68,1.33813,0.374392,2.29062,0.045898,0.0,-9999.0,21.18,93.7
201208050100,201208050130,-9999.0,1.0,0.33,1.661,18.29,1.31404,0.289561,2.22045,0.045898,0.0,-9999.0,21.13,92.1
201208050130,201208050200,-9999.0,1.0,0.33,1.384,17.31,1.25402,0.282781,2.06162,0.045898,0.0,-9999.0,21.09,93.0
201208050200,201208050230,-9999.0,1.0,0.33,1.21,16.85,1.22624,0.508451,1.98439,0.045898,0.0,-9999.0,21.04,93.7
201208050230,201208050300,-9999.0,1.0,0.33,1.08,16.64,1.21368,0.49773,1.94459,0.045898,0.0,-9999.0,20.99,94.3
201208050300,201208050330,-9999.0,1.0,0.33,1.109,16.51,1.20596,0.554102,1.91657,0.045898,0.0,-9999.0,20.94,94.1
201208050330,201208050400,-9999.0,1.0,0.33,1.412,16.54,1.20785,0.555747,1.91173,0.045898,0.0,-9999.0,20.88,92.5
201208050400,201208050430,-9999.0,1.0,0.33,1.422,16.04,1.17805,0.430497,1.83094,0.045898,0.0,-9999.0,20.82,92.2
201208050430,201208050500,-9999.0,1.0,0.813,1.506,15.77,1.1621,0.074698,1.78375,0.112321,0.0,-9999.0,20.77,91.6
201208050500,201208050530,-9999.0,1.0,17.2,1.279,15.2,1.12861,0.646468,1.69605,1.93739,16.9877,-9999.0,20.71,92.6
201208050530,201208050600,-9999.0,1.0,87.7,1.231,15.47,1.14456,2.24926,1.72361,5.50466,124.823,-9999.0,20.65,93.0
201208050600,201208050630,-9999.0,1.0,185.1,1.664,16.97,1.23426,4.58036,1.92913,7.20883,247.872,-9999.0,20.59,91.4
201208050630,201208050700,-9999.0,1.0,291.5,2.911,19.55,1.39392,6.50169,2.3302,8.02561,371.166,-9999.0,20.53,87.2
201208050700,201208050730,-9999.0,1.0,397.8,8.644,23.0,1.61698,5.7689,2.95476,8.47199,492.598,-9999.0,20.48,69.24
201208050730,201208050800,-9999.0,1.0,500.2,12.657,25.04,1.75345,6.94169,3.37026,8.41821,610.089,-9999.0,20.42,60.15
201208050800,201208050830,-4.30207,0.0,598.3,19.061,26.91,1.88116,6.1571,3.78507,7.81182,721.629,-9999.0,20.37,46.27
201208050830,201208050900,-3.50006,0.0,685.3,25.114,28.92,2.0209,5.46356,4.26937,7.21188,825.309,-9999.0,20.33,37.03
201208050900,201208050930,-3.73745,0.0,758.0,29.391,30.38,2.12389,5.77992,4.6469,6.79841,919.356,-9999.0,20.31,32.24
201208050930,201208051000,-3.02803,0.0,818.0,33.143,31.72,2.2194,5.14302,5.01409,6.43869,1002.16,-9999.0,20.3,29.2
201208051000,201208051030,-3.22465,0.0,870.0,36.918,32.96,2.30855,5.40676,5.37247,6.08325,1072.3,-9999.0,20.29,26.46
201208051030,201208051100,-3.0382,0.0,910.0,40.531,33.91,2.37734,5.27175,5.6609,5.75172,1128.59,-9999.0,20.3,23.44
201208051100,201208051130,-1.20407,0.0,931.0,41.598,34.65,2.43123,3.4777,5.8954,5.65259,1170.05,-9999.0,20.33,24.59
201208051130,201208051200,-1.42178,0.0,936.0,38.353,34.59,2.42705,3.69235,5.88425,5.94392,1195.98,-9999.0,20.37,30.24
201208051200,201208051230,-1.48098,0.0,931.0,38.903,34.79,2.44179,3.76251,5.95498,5.88243,1205.94,-9999.0,20.42,30.02
201208051230,201208051300,-0.937466,0.0,913.0,38.424,34.74,2.43834,3.21648,5.94697,5.91392,1199.74,-9999.0,20.49,30.69
201208051300,201208051330,-0.9772,0.0,882.0,36.03,34.52,2.42253,3.24452,5.88461,6.12612,1177.51,-9999.0,20.56,34.21
201208051330,201208051400,-2.01729,0.0,841.0,36.31,34.58,2.42708,4.28802,5.91123,6.07627,1139.62,-9999.0,20.63,33.92
201208051400,201208051430,-1.9558,0.0,783.0,32.904,34.03,2.38733,4.19703,5.74307,6.38326,1086.72,-9999.0,20.73,38.26
201208051430,201208051500,-2.30583,0.0,718.0,31.981,33.73,2.36578,4.53104,5.65453,6.43658,1019.71,-9999.0,20.84,38.98
201208051500,201208051530,-2.35418,0.0,643.0,33.771,33.95,2.3819,4.59144,5.73055,6.20349,939.738,-9999.0,20.95,36.35
201208051530,201208051600,-1.86088,0.0,560.0,36.7,34.61,2.43001,4.13393,5.95117,5.85649,848.177,-9999.0,21.06,33.32
201208051600,201208051630,-2.2676,0.0,468.0,39.907,34.89,2.45059,4.55593,6.05152,5.48165,746.591,-9999.0,21.17,28.61
201208051630,201208051700,-1.31163,0.0,367.2,39.104,34.47,2.42021,3.57748,5.91999,5.41716,636.719,-9999.0,21.25,28.4
201208051700,201208051730,-1.03833,0.0,269.3,34.202,33.5,2.35005,3.25197,5.61031,5.60146,520.44,-9999.0,21.32,33.9
201208051730,201208051800,-0.290901,0.0,176.6,29.996,32.58,2.28386,2.455,5.32309,5.49527,399.744,-9999.0,21.38,38.96
201208051800,201208051830,-0.981635,0.0,96.2,26.332,31.62,2.21517,3.094,5.02991,4.82511,276.696,-9999.0,21.43,43.43
201208051830,201208051900,1.12656,0.0,34.89,22.925,30.19,2.11355,0.90863,4.60636,3.02652,153.401,-9999.0,21.46,46.57
201208051900,201208051930,1.32476,0.0,11.12,18.166,27.86,1.95015,0.584677,3.95786,1.31765,35.1971,-9999.0,21.49,51.56
201208051930,201208052000,2.58941,0.0,0.854,14.78,26.08,1.8275,-0.775799,3.49805,0.117799,0.0,-9999.0,21.51,56.25
201208052000,201208052030,1.76844,0.0,0.33,13.968,24.64,1.72982,-0.032098,3.14787,0.045883,0.0,-9999.0,21.52,54.96
201208052030,201208052100,-9999.0,1.0,0.33,12.275,23.91,1.68092,0.012787,2.97508,0.04589,0.0,-9999.0,21.52,58.65
201208052100,201208052130,-9999.0,1.0,0.33,10.244,23.12,1.62844,0.099144,2.79393,0.045898,0.0,-9999.0,21.51,63.81
201208052130,201208052200,1.9192,0.0,0.33,8.578,22.33,1.57643,-0.306024,2.6185,0.045898,0.0,-9999.0,21.5,68.21
201208052200,201208052230,1.31091,0.0,0.33,6.306,21.16,1.50028,0.240187,2.3731,0.045898,0.0,-9999.0,21.47,74.9
201208052230,201208052300,1.55237,0.0,0.33,3.711,20.8,1.47716,-0.020231,2.29482,0.045898,0.0,-9999.0,21.43,84.9
201208052300,201208052330,1.12774,0.0,0.33,2.858,20.16,1.43624,0.370676,2.16465,0.045898,0.0,-9999.0,21.4,87.9
201208052330,201208060000,-9999.0,1.0,0.33,2.538,19.78,1.41217,0.257708,2.08579,0.045898,0.0,-9999.0,21.36,89.0
201208060000,201208060030,-9999.0,1.0,0.33,2.058,20.0,1.42626,0.282012,2.11827,0.045898,0.0,-9999.0,21.31,91.2
201208060030,201208060100,1.64333,0.0,0.33,1.848,19.4,1.38833,-0.184621,2.00893,0.045622,0.0,-9999.0,21.26,91.8
201208060100,201208060130,0.61875,0.0,0.33,1.357,18.68,1.34322,0.802277,1.88312,0.045346,0.0,-9999.0,21.22,93.7
201208060130,201208060200,2.20025,0.0,0.33,1.423,17.75,1.28567,-0.827694,1.72889,0.04507,0.0,-9999.0,21.17,93.0
201208060200,201208060230,1.95743,0.0,0.33,1.831,17.42,1.26552,-0.601939,1.67727,0.044794,0.0,-9999.0,21.12,90.8
201208060230,201208060300,-9999.0,1.0,0.329,1.993,17.13,1.24791,0.212088,1.63313,0.044384,0.0,-9999.0,21.06,89.8
201208060300,201208060330,-9999.0,1.0,0.33,1.72,16.95,1.23706,0.517863,1.60678,0.044242,0.0,-9999.0,21.01,91.1
201208060330,201208060400,-9999.0,1.0,0.326,1.897,17.47,1.26887,0.123834,1.68923,0.043435,0.0,-9999.0,20.95,90.5
201208060400,201208060430,-9999.0,1.0,0.322,2.54,17.75,1.28617,0.130204,1.73521,0.042635,0.0,-9999.0,20.9,87.5
201208060430,201208060500,-9999.0,1.0,0.687,2.299,17.08,1.24525,0.209907,1.63111,0.089946,0.0,-9999.0,20.84,88.2
201208060500,201208060530,-9999.0,1.0,10.56,2.707,17.19,1.25205,0.301089,1.64952,1.21404,14.6969,-9999.0,20.79,86.2
201208060530,201208060600,-9999.0,1.0,63.33,4.395,18.37,1.32483,2.31274,1.84009,4.49735,120.532,-9999.0,20.74,79.2
201208060600,201208060630,-9999.0,2.0,145.9,5.407,19.53,1.39773,5.15042,2.04021,6.5445,243.795,-9999.0,20.68,76.2
201208060630,201208060700,-2.84081,0.0,250.1,7.567,21.95,1.5537,4.43596,2.49916,7.70859,367.305,-9999.0,20.62,71.3
201208060700,201208060730,-4.53224,0.0,357.7,13.013,25.16,1.76799,6.2995,3.1996,7.96716,488.949,-9999.0,20.57,59.32
201208060730,201208060800,-5.95378,0.0,464.1,16.592,27.32,1.9164,7.8377,3.72979,7.83911,606.645,-9999.0,20.53,54.34
201208060800,201208060830,-9999.0,1.0,563.0,19.309,28.53,2.00089,5.75416,4.04545,7.66556,718.38,-9999.0,20.49,50.48
201208060830,201208060900,-5.19158,0.0,649.3,24.943,29.95,2.10111,7.21816,4.43463,7.01032,822.241,-9999.0,20.46,41.06
201208060900,201208060930,-1.75205,0.0,727.0,28.805,31.08,2.18167,3.84003,4.75661,6.57204,916.453,-9999.0,20.44,36.19
201208060930,201208061000,-4.86206,0.0,792.0,29.319,31.65,2.22263,6.9811,4.91947,6.54424,999.401,-9999.0,20.44,37.12
201208061000,201208061030,-1.81168,0.0,838.0,28.406,32.02,2.24937,3.95094,5.02346,6.68625,1069.67,-9999.0,20.44,40.34
201208061030,201208061100,-1.09548,0.0,875.0,26.568,32.01,2.24883,3.23436,5.01205,6.9551,1126.05,-9999.0,20.46,44.17
201208061100,201208061130,-1.77263,0.0,902.0,28.715,32.96,2.31749,3.96317,5.29553,6.67131,1167.59,-9999.0,20.49,42.8
201208061130,201208061200,-1.80404,0.0,914.0,29.482,33.21,2.33576,4.00829,5.36414,6.5694,1193.56,-9999.0,20.54,42.09
201208061200,201208061230,-0.112804,0.0,911.0,29.404,33.33,2.34464,2.32373,5.39193,6.57393,1203.53,-9999.0,20.59,42.63
201208061230,201208061300,-2.24344,0.0,899.0,29.218,33.55,2.36077,4.46645,5.45099,6.58879,1197.33,-9999.0,20.66,43.69
201208061300,201208061330,-4.28954,0.0,870.0,28.191,33.39,2.34935,6.50406,5.39076,6.71108,1175.06,-9999.0,20.73,45.18
201208061330,201208061400,-3.2162,0.0,831.0,27.803,33.24,2.33866,5.42276,5.33429,6.73833,1137.1,-9999.0,20.81,45.48
201208061400,201208061430,-2.74126,0.0,776.0,26.125,33.07,2.32653,4.93877,5.27229,6.93565,1084.11,-9999.0,20.9,48.28
201208061430,201208061500,-1.56097,0.0,710.0,25.58,33.0,2.32164,3.75485,5.24136,6.95459,1016.98,-9999.0,21.01,49.16
201208061500,201208061530,-2.834,0.0,632.9,24.075,32.57,2.29074,5.00474,5.10251,7.08551,936.87,-9999.0,21.11,50.98
201208061530,201208061600,-2.32336,0.0,545.8,26.175,32.81,2.30825,4.50728,5.16517,6.66735,845.149,-9999.0,21.22,47.42
201208061600,201208061630,-1.96825,0.0,451.0,27.698,33.15,2.33304,4.17077,5.25798,6.30078,743.386,-9999.0,21.32,45.41
201208061630,201208061700,-1.74154,0.0,352.8,28.226,33.36,2.34844,3.95562,5.31164,5.99653,633.322,-9999.0,21.4,45.02
201208061700,201208061730,-1.52857,0.0,256.1,26.978,33.15,2.3334,3.73143,5.23856,5.75423,516.84,-9999.0,21.47,46.83
201208061730,201208061800,-9999.0,2.0,167.3,22.614,32.07,2.25557,2.64018,4.91235,5.49547,395.933,-9999.0,21.52,52.64
201208061800,201208061830,-9999.0,2.0,92.7,16.463,30.19,2.12124,1.297,4.38197,4.678,272.67,-9999.0,21.57,61.63
201208061830,201208061900,-9999.0,1.0,42.45,12.0,28.5,2.00203,-0.113485,3.93697,3.06829,149.159,-9999.0,21.61,69.17
201208061900,201208061930,-9999.0,1.0,10.14,9.054,27.4,1.92536,-0.238671,3.66226,0.976545,31.8859,-9999.0,21.63,75.2
201208061930,201208062000,-9999.0,1.0,0.517,6.869,26.53,1.86526,0.305781,3.45369,0.054916,0.0,-9999.0,21.65,80.2
201208062000,201208062030,-9999.0,1.0,0.33,5.911,25.98,1.82757,0.503961,3.32515,0.034853,0.0,-9999.0,21.67,82.4
201208062030,201208062100,-9999.0,1.0,0.33,4.959,25.27,1.77917,0.695747,3.16518,0.034577,0.0,-9999.0,21.68,84.6
201208062100,201208062130,1.19406,0.0,0.33,3.865,24.59,1.73313,0.546283,3.01712,0.034301,0.0,-9999.0,21.68,87.5
201208062130,201208062200,0.627801,0.0,0.33,3.244,23.95,1.69011,1.07823,2.88229,0.034025,0.0,-9999.0,21.67,89.1
201208062200,201208062230,-9999.0,1.0,0.33,2.518,23.49,1.65942,0.754454,2.7878,0.033749,0.0,-9999.0,21.66,91.3
201208062230,201208062300,-9999.0,1.0,0.33,1.675,23.45,1.65687,1.1105,2.77869,0.033472,0.0,-9999.0,21.64,94.2
201208062300,201208062330,-9999.0,1.0,0.33,1.557,23.74,1.67641,1.09425,2.83563,0.033196,0.0,-9999.0,21.62,94.7
201208062330,201208070000,-9999.0,1.0,0.33,1.616,23.74,1.67654,1.09438,2.83437,0.03292,0.0,-9999.0,21.6,94.5
201208070000,201208070030,-9999.0,1.0,0.33,1.173,23.3,1.64724,1.2265,2.74585,0.032644,0.0,-9999.0,21.58,95.9
201208070030,201208070100,-9999.0,1.0,0.33,0.665,23.47,1.65872,1.23576,2.77826,0.032368,0.0,-9999.0,21.55,97.7
201208070100,201208070130,-9999.0,1.0,0.33,0.645,23.69,1.67357,1.09209,2.82063,0.032092,0.0,-9999.0,21.52,97.8
201208070130,201208070200,-9999.0,1.0,0.33,0.732,23.68,1.67303,1.09168,2.81742,0.031816,0.0,-9999.0,21.49,97.5
201208070200,201208070230,-9999.0,1.0,0.33,0.547,23.4,1.65442,1.23238,2.76126,0.03154,0.0,-9999.0,21.47,98.1
201208070230,201208070300,0.787249,0.0,0.33,0.514,23.28,1.64654,0.884074,2.73692,0.031263,0.0,-9999.0,21.44,98.2
201208070300,201208070330,-0.20559,0.0,0.33,0.494,22.61,1.60213,1.8411,2.60853,0.030987,0.0,-9999.0,21.41,98.2
201208070330,201208070400,-9999.0,1.0,0.33,0.376,22.25,1.57847,0.612876,2.54115,0.030711,0.0,-9999.0,21.38,98.6
201208070400,201208070430,-9999.0,1.0,0.33,0.213,22.12,1.57003,0.606045,2.51692,0.030435,0.0,-9999.0,21.36,99.2
201208070430,201208070500,-9999.0,1.0,0.416,0.109,22.51,1.59589,0.961571,2.58808,0.037985,0.0,-9999.0,21.33,99.6
201208070500,201208070530,-9999.0,1.0,5.131,0.5,22.81,1.61589,1.04332,2.6432,0.443434,12.5387,-9999.0,21.31,98.2
201208070530,201208070600,-9999.0,1.0,28.58,1.648,23.47,1.66,1.11338,2.76717,2.02467,116.165,-9999.0,21.28,94.3
201208070600,201208070630,-3.52606,0.0,112.3,3.297,24.07,1.70041,5.24078,2.88209,5.11391,239.644,-9999.0,21.25,89.0
201208070630,201208070700,-5.59931,0.0,197.2,5.872,25.12,1.77168,7.3708,3.08986,6.74217,363.371,-9999.0,21.23,81.6
201208070700,201208070730,-6.1217,0.0,309.1,9.376,26.61,1.8741,7.97395,3.39843,8.04041,485.228,-9999.0,21.2,73.1
201208070730,201208070800,-4.34213,0.0,414.9,12.367,27.91,1.96467,6.26503,3.67942,8.42131,603.131,-9999.0,21.18,67.12
201208070800,201208070830,-4.76112,0.0,517.4,15.699,29.12,2.0499,6.74991,3.95034,8.27804,715.062,-9999.0,21.17,61.09
201208070830,201208070900,-3.06043,0.0,604.7,19.67,30.15,2.12314,5.10538,4.18706,7.77692,819.105,-9999.0,21.16,54.05
201208070900,201208070930,-9999.0,1.0,688.7,22.562,31.31,2.20626,5.45437,4.46171,7.39174,913.482,-9999.0,21.15,50.67
201208070930,201208071000,-9999.0,1.0,783.0,24.116,31.94,2.25177,4.76637,4.61024,7.22772,996.576,-9999.0,21.15,49.12
201208071000,201208071030,-9999.0,1.0,762.0,28.805,33.16,2.34025,4.03416,4.91109,6.3576,1066.97,-9999.0,21.16,43.26
201208071030,201208071100,-0.172816,0.0,739.0,32.367,33.7,2.37972,2.41151,5.04095,5.75081,1123.45,-9999.0,21.19,38.14
201208071100,201208071130,1.66286,0.0,428.9,34.856,34.08,2.40762,0.596658,5.12953,5.0068,1165.06,-9999.0,21.22,34.78
201208071130,201208071200,0.768844,0.0,613.3,36.298,34.21,2.41731,1.49791,5.15257,5.04875,1191.08,-9999.0,21.25,32.57
201208071200,201208071230,0.506258,0.0,681.3,39.19,35.16,2.48711,1.81227,5.39169,4.70512,1201.07,-9999.0,21.3,30.93
201208071230,201208071300,1.20836,0.0,523.6,40.393,35.87,2.53954,1.14888,5.56932,4.41622,1194.85,-9999.0,21.34,31.54
201208071300,201208071330,1.59179,0.0,490.8,34.214,34.3,2.42445,0.680379,5.14262,5.15392,1172.54,-9999.0,21.39,36.76
201208071330,201208071400,2.29987,0.0,665.2,32.056,33.44,2.36187,-0.074289,4.91308,5.68389,1134.52,-9999.0,21.45,37.84
201208071400,201208071430,1.01177,0.0,764.0,34.854,33.95,2.39924,1.24172,5.03127,5.32843,1081.43,-9999.0,21.5,34.31
201208071430,201208071500,-9999.0,1.0,676.7,33.311,33.78,2.38702,3.34088,4.97783,5.48382,1014.18,-9999.0,21.56,36.62
201208071500,201208071530,-9999.0,1.0,590.4,31.48,33.63,2.37626,3.51012,4.92999,5.66098,933.935,-9999.0,21.62,39.6
201208071530,201208071600,-9999.0,1.0,509.4,30.669,33.57,2.37207,2.57841,4.90486,5.65017,842.053,-9999.0,21.68,40.96
201208071600,201208071630,-1.29667,0.0,421.0,33.155,34.31,2.4263,3.57043,5.07809,5.10736,740.112,-9999.0,21.73,38.75
201208071630,201208071700,-0.410318,0.0,330.5,34.456,34.79,2.46166,2.71034,5.1871,4.69836,629.855,-9999.0,21.78,38.02
201208071700,201208071730,-9999.0,1.0,239.3,34.97,34.8,2.46258,3.80943,5.17778,4.28304,513.168,-9999.0,21.83,37.13
201208071730,201208071800,-9999.0,1.0,154.0,33.637,34.52,2.44224,2.65885,5.09639,3.82119,392.049,-9999.0,21.86,38.58
201208071800,201208071830,-9999.0,1.0,84.6,30.798,33.6,2.37517,2.63199,4.86092,3.04636,268.57,-9999.0,21.9,40.81
201208071830,201208071900,-9999.0,1.0,38.57,25.774,31.79,2.24406,-0.306993,4.42694,1.92796,144.843,-9999.0,21.93,45.16
201208071900,201208071930,4.81749,0.0,8.59,20.978,29.95,2.11231,-2.78015,4.01028,0.539175,28.6896,-9999.0,21.95,50.43
201208071930,201208072000,4.12478,0.0,0.479,18.463,28.94,2.0408,-2.14229,3.78956,0.031698,0.0,-9999.0,21.96,53.76
201208072000,201208072030,1.80671,0.0,0.326,16.543,27.99,1.97406,0.12423,3.58905,0.021329,0.0,-9999.0,21.97,56.22
201208072030,201208072100,-9999.0,1.0,0.316,15.324,27.97,1.97281,-0.32003,3.58068,0.020413,0.0,-9999.0,21.97,59.4
201208072100,201208072130,-9999.0,1.0,0.329,11.293,27.03,1.9073,-0.104013,3.39012,0.020981,0.0,-9999.0,21.97,68.39
201208072130,201208072200,-9999.0,1.0,0.33,9.855,26.18,1.84855,-0.169606,3.22336,0.02077,0.0,-9999.0,21.96,71.0
201208072200,201208072230,-9999.0,1.0,0.33,8.469,25.08,1.77318,-0.07047,3.01639,0.020494,0.0,-9999.0,21.95,73.4
201208072230,201208072300,-9999.0,1.0,0.33,7.141,24.3,1.72028,0.075906,2.8744,0.020218,0.0,-9999.0,21.93,76.5
201208072300,201208072330,-9999.0,1.0,0.33,5.581,23.56,1.67051,0.085334,2.74385,0.019942,0.0,-9999.0,21.91,80.8
201208072330,201208080000,-9999.0,1.0,0.33,4.38,23.2,1.64651,0.587012,2.68133,0.019666,0.0,-9999.0,21.88,84.6
201208080000,201208080030,-9999.0,1.0,0.33,3.882,22.66,1.61064,0.515249,2.59003,0.01939,0.0,-9999.0,21.85,85.9
201208080030,201208080100,-9999.0,1.0,0.33,3.373,22.07,1.57169,0.329666,2.4824,0.019248,0.0,-9999.0,21.82,87.3
201208080100,201208080130,-9999.0,1.0,0.33,2.877,21.82,1.55534,0.355732,2.43149,0.019107,0.0,-9999.0,21.79,89.0
201208080130,201208080200,-9999.0,1.0,0.33,2.698,21.84,1.55678,0.356926,2.42398,0.018966,0.0,-9999.0,21.76,89.7
201208080200,201208080230,-9999.0,1.0,0.33,2.144,21.42,1.52934,0.27863,2.34732,0.018825,0.0,-9999.0,21.72,91.6
201208080230,201208080300,-1.57948,0.0,0.33,1.839,20.98,1.50074,3.13351,2.26917,0.018684,0.0,-9999.0,21.68,92.6
201208080300,201208080330,1.8475,0.0,0.33,1.796,21.04,1.50476,-0.290142,2.26818,0.018543,0.0,-9999.0,21.64,92.8
201208080330,201208080400,-9999.0,1.0,0.33,1.565,20.72,1.48408,0.645923,2.20976,0.018401,0.0,-9999.0,21.6,93.6
201208080400,201208080430,-9999.0,1.0,0.33,1.308,20.27,1.4551,0.670267,2.13323,0.01826,0.0,-9999.0,21.55,94.5
201208080430,201208080500,-9999.0,1.0,0.46,1.454,21.13,1.51097,0.432537,2.25126,0.025244,0.0,-9999.0,21.51,94.2
201208080500,201208080530,-9999.0,1.0,8.77,3.092,22.13,1.57674,0.341347,2.39407,0.462191,12.2709,-9999.0,21.47,88.4
201208080530,201208080600,-9999.0,1.0,35.97,2.848,21.95,1.56498,0.128147,2.35534,1.70329,115.822,-9999.0,21.43,89.2
201208080600,201208080630,-9999.0,1.0,106.4,4.305,22.7,1.61478,1.33369,2.46121,4.02986,239.561,-9999.0,21.39,84.4
201208080630,201208080700,-9999.0,1.0,214.3,6.931,24.16,1.71291,4.58428,2.68481,6.24891,363.476,-9999.0,21.35,77.0
201208080700,201208080730,-9999.0,1.0,322.0,10.685,26.1,1.84572,6.67495,3.00098,7.56132,485.449,-9999.0,21.31,68.41
201208080730,201208080800,-9999.0,1.0,428.8,15.139,28.06,1.98247,7.0861,3.3378,7.70396,603.392,-9999.0,21.28,60.1
201208080800,201208080830,-9999.0,1.0,532.6,19.596,29.58,2.09016,3.91005,3.6068,7.38124,715.286,-9999.0,21.25,52.7
201208080830,201208080900,-9999.0,1.0,619.7,24.502,30.87,2.18258,4.91344,3.83956,6.67541,819.218,-9999.0,21.23,45.07
201208080900,201208080930,-2.42412,0.0,700.0,28.935,32.32,2.28744,4.59523,4.11067,5.95931,913.409,-9999.0,21.22,40.25
201208080930,201208081000,-0.826771,0.0,767.0,33.918,33.37,2.36403,3.05535,4.30618,5.11165,996.247,-9999.0,21.22,33.97
201208081000,201208081030,-9999.0,1.0,828.0,37.471,34.52,2.44843,3.66167,4.52607,4.54494,1066.31,-9999.0,21.22,31.58
201208081030,201208081100,-9999.0,1.0,869.0,40.621,35.48,2.51932,3.20521,4.709,4.06119,1122.41,-9999.0,21.24,29.66
201208081100,201208081130,-0.193848,0.0,894.0,43.666,36.22,2.57423,2.57826,4.84639,3.62143,1163.58,-9999.0,21.28,27.4
201208081130,201208081200,0.071387,0.0,903.0,47.507,36.94,2.62785,2.35236,4.98038,3.11855,1189.12,-9999.0,21.32,24.06
201208081200,201208081230,1.35524,0.0,906.0,49.774,37.39,2.66153,1.09314,5.0556,2.84507,1198.59,-9999.0,21.37,22.36
201208081230,201208081300,1.20382,0.0,887.0,52.52,38.19,2.72139,1.28816,5.20843,2.54071,1191.82,-9999.0,21.43,21.55
201208081300,201208081330,1.15417,0.0,865.0,52.163,37.89,2.6992,1.32173,5.11748,2.55783,1168.94,-9999.0,21.49,20.81
201208081330,201208081400,1.26171,0.0,820.0,50.123,37.64,2.68077,1.20081,5.03843,2.74464,1130.33,-9999.0,21.56,22.87
201208081400,201208081430,0.677002,0.0,764.0,47.868,36.98,2.63183,1.74985,4.87187,2.96443,1076.66,-9999.0,21.64,23.65
201208081430,201208081500,1.13065,0.0,700.0,47.205,36.6,2.60514,1.27572,4.76763,3.00228,1008.85,-9999.0,21.74,23.13
201208081500,201208081530,0.584149,0.0,614.1,45.224,36.22,2.57847,1.80172,4.66475,3.17729,928.044,-9999.0,21.84,24.81
201208081530,201208081600,0.16677,0.0,480.3,44.05,35.63,2.53625,2.18715,4.51995,3.19135,835.639,-9999.0,21.93,24.35
201208081600,201208081630,1.22563,0.0,438.8,43.615,35.39,2.51998,1.11539,4.44882,3.17849,733.211,-9999.0,22.01,24.1
201208081630,201208081700,2.04936,0.0,369.2,43.866,35.24,2.51036,0.283663,4.39656,3.0355,622.514,-9999.0,22.08,23.03
201208081700,201208081730,2.39057,0.0,294.0,45.729,35.61,2.53926,-0.0372,4.44951,2.70104,505.442,-9999.0,22.14,21.38
201208081730,201208081800,2.45116,0.0,179.7,44.641,35.12,2.50444,-0.124325,4.32907,2.4297,383.997,-9999.0,22.19,21.15
201208081800,201208081830,2.41098,0.0,92.7,40.209,33.76,2.40552,-0.158199,4.04124,2.03165,260.258,-9999.0,22.22,23.41
201208081830,201208081900,-9999.0,1.0,32.2,35.129,31.96,2.27515,0.892734,3.68266,1.07585,136.342,-9999.0,22.24,25.97
201208081900,201208081930,-9999.0,1.0,11.3,28.789,29.86,2.12456,-0.315847,3.28953,0.445288,23.0529,-9999.0,22.26,31.62
201208081930,201208082000,2.06778,0.0,0.568,24.459,28.08,1.99879,-0.12396,2.97258,0.023842,0.0,-9999.0,22.27,35.61
201208082000,201208082030,5.02511,0.0,0.325,21.635,26.77,1.90763,-3.15232,2.74683,0.013526,0.0,-9999.0,22.27,38.51
201208082030,201208082100,-9999.0,1.0,0.327,18.389,25.4,1.81332,-0.169943,2.52219,0.013472,0.0,-9999.0,22.26,43.33
201208082100,201208082130,-9999.0,1.0,0.33,15.748,24.14,1.72773,0.059428,2.32431,0.013456,0.0,-9999.0,22.24,47.68
201208082130,201208082200,-9999.0,1.0,0.329,12.938,22.69,1.63045,0.041233,2.10994,0.013276,0.0,-9999.0,22.22,53.09
201208082200,201208082230,-9999.0,1.0,0.33,10.393,21.41,1.54601,-0.00892,1.92955,0.013177,0.0,-9999.0,22.19,59.26
201208082230,201208082300,-9999.0,1.0,0.33,8.958,20.62,1.49488,-0.009047,1.81921,0.013036,0.0,-9999.0,22.15,63.14
201208082300,201208082330,-9999.0,1.0,0.33,8.591,20.0,1.45529,-0.079638,1.7334,0.012895,0.0,-9999.0,22.1,63.27
201208082330,201208090000,-9999.0,1.0,0.329,7.886,19.38,1.41602,0.045019,1.65021,0.012715,0.0,-9999.0,22.05,64.96
201208090000,201208090030,-9999.0,1.0,0.33,7.19,18.7,1.37323,0.195798,1.5628,0.012613,0.0,-9999.0,21.99,66.67
201208090030,201208090100,-9999.0,1.0,0.33,6.576,18.12,1.33717,0.147612,1.48941,0.012471,0.0,-9999.0,21.93,68.39
201208090100,201208090130,1.87553,0.0,0.328,6.915,17.72,1.31272,-0.486042,1.43761,0.012256,0.0,-9999.0,21.86,65.91
201208090130,201208090200,0.302388,0.0,0.226,8.387,18.15,1.34064,1.11018,1.47602,0.00835,0.0,-9999.0,21.79,59.76
201208090200,201208090230,-9999.0,1.0,0.081,9.671,18.59,1.36942,0.017938,1.5159,0.00296,0.0,-9999.0,21.72,54.86
201208090230,201208090300,-9999.0,1.0,0.041,12.5,19.47,1.42681,-0.16142,1.60589,0.001481,0.0,-9999.0,21.65,44.77
201208090300,201208090330,-9999.0,1.0,0.019,11.174,19.1,1.40374,-0.059462,1.55507,0.000678,0.0,-9999.0,21.58,49.48
201208090330,201208090400,-9999.0,1.0,0.019,10.819,18.28,1.35204,0.00256,1.45656,0.00067,0.0,-9999.0,21.51,48.51
201208090400,201208090430,-9999.0,1.0,0.018,9.749,17.42,1.29844,0.367333,1.35797,0.000627,0.0,-9999.0,21.44,51.02
201208090430,201208090500,0.65626,0.0,0.45,8.641,16.71,1.25486,0.682449,1.27856,0.015461,0.0,-9999.0,21.36,54.59
201208090500,201208090530,-9999.0,1.0,15.36,9.147,16.93,1.26928,0.405879,1.29282,0.499273,10.2629,-9999.0,21.29,52.6
201208090530,201208090600,-9999.0,2.0,92.6,9.496,17.85,1.32785,2.94326,1.37812,2.48105,111.316,-9999.0,21.22,53.57
201208090600,201208090630,-9999.0,2.0,198.4,10.034,18.55,1.37325,4.08221,1.44278,4.39919,235.273,-9999.0,21.14,53.05
201208090630,201208090700,-9999.0,1.0,311.0,9.862,18.58,1.37597,7.16255,1.43735,5.94377,359.407,-9999.0,21.07,53.94
201208090700,201208090730,-9999.0,1.0,424.8,13.772,21.69,1.58109,4.68938,1.77518,6.73325,481.595,-9999.0,21.0,46.93
201208090730,201208090800,-9999.0,1.0,529.5,19.949,24.79,1.79415,5.31561,2.14987,6.57866,599.745,-9999.0,20.93,36.25
201208090800,201208090830,-5.65423,0.0,623.0,27.645,27.38,1.97802,7.57178,2.48851,5.5752,711.836,-9999.0,20.87,24.19
201208090830,201208090900,-4.02225,0.0,712.0,30.881,28.8,2.08131,6.01835,2.67711,5.15952,815.951,-9999.0,20.82,22.03
201208090900,201208090930,-9999.0,1.0,789.0,34.215,30.01,2.17054,4.9527,2.83993,4.61348,910.308,-9999.0,20.78,19.43
201208090930,201208091000,-9999.0,1.0,859.0,38.114,31.3,2.26656,4.11191,3.01885,3.93279,993.292,-9999.0,20.75,16.62
201208091000,201208091030,0.526502,0.0,912.0,41.952,32.58,2.36276,1.67939,3.20041,3.29332,1063.48,-9999.0,20.74,14.63
201208091030,201208091100,0.00023,0.0,942.0,44.754,33.54,2.43583,2.2591,3.33412,2.86376,1119.68,-9999.0,20.73,13.7
201208091100,201208091130,3.66476,0.0,971.0,46.444,33.99,2.471,-1.38008,3.38646,2.623,1160.92,-9999.0,20.75,12.66
201208091130,201208091200,1.79149,0.0,979.0,47.265,34.5,2.51081,0.521847,3.44845,2.50241,1186.51,-9999.0,20.78,13.6
201208091200,201208091230,1.29034,0.0,969.0,46.784,34.77,2.53264,1.03844,3.47124,2.54934,1195.99,-9999.0,20.82,15.75
201208091230,201208091300,2.2544,0.0,951.0,46.439,35.04,2.55452,0.089827,3.49378,2.57671,1189.21,-9999.0,20.87,17.61
201208091300,201208091330,1.61104,0.0,918.0,47.655,35.32,2.5772,0.749186,3.51769,2.39423,1166.29,-9999.0,20.93,16.75
201208091330,201208091400,1.78972,0.0,877.0,48.526,35.66,2.6045,0.589811,3.55112,2.26142,1127.62,-9999.0,21.0,16.8
201208091400,201208091430,1.19467,0.0,816.0,47.119,35.77,2.61436,1.19151,3.54682,2.40152,1073.85,-9999.0,21.08,19.7
201208091430,201208091500,1.36872,0.0,742.0,44.566,35.3,2.58014,0.992166,3.449,2.69117,1005.91,-9999.0,21.18,22.06
201208091500,201208091530,0.079238,0.0,661.6,42.955,34.94,2.5543,2.26239,3.37018,2.84718,924.969,-9999.0,21.29,23.37
201208091530,201208091600,2.55682,0.0,572.9,45.037,35.37,2.58843,-0.190903,3.41645,2.48526,832.401,-9999.0,21.38,21.54
201208091600,201208091630,1.00865,0.0,469.5,44.424,35.5,2.59982,1.36502,3.41505,2.44024,729.793,-9999.0,21.48,23.16
201208091630,201208091700,1.82434,0.0,368.1,42.499,35.17,2.57619,0.531723,3.34149,2.47851,618.901,-9999.0,21.56,25.14
201208091700,201208091730,-0.476335,0.0,267.1,40.604,34.64,2.53739,2.80374,3.23831,2.36955,501.622,-9999.0,21.63,26.35
201208091730,201208091800,0.99297,0.0,171.4,34.346,32.76,2.39678,1.23112,2.93759,2.26416,379.964,-9999.0,21.69,30.81
201208091800,201208091830,0.907828,0.0,85.2,25.289,30.27,2.21238,1.17904,2.56928,1.55827,256.007,-9999.0,21.74,41.33
201208091830,201208091900,1.9099,0.0,28.66,19.037,28.38,2.07475,0.072935,2.30374,0.6028,131.873,-9999.0,21.77,50.75
201208091900,201208091930,2.09205,0.0,8.93,13.915,26.4,1.93265,-0.218061,2.04361,0.19315,20.2789,-9999.0,21.8,59.58
201208091930,201208092000,1.71537,0.0,0.497,9.355,25.07,1.83894,0.085829,1.87453,0.0107,0.0,-9999.0,21.82,70.6
201208092000,201208092030,-9999.0,1.0,0.33,6.058,24.08,1.77021,-0.513716,1.75112,0.006965,0.0,-9999.0,21.83,79.8
201208092030,201208092100,-9999.0,1.0,0.33,5.294,23.39,1.723,0.152287,1.66457,0.006824,0.0,-9999.0,21.83,81.6
201208092100,201208092130,-9999.0,1.0,0.33,4.141,22.38,1.65407,0.437518,1.54798,0.006683,0.0,-9999.0,21.82,84.7
201208092130,201208092200,-9999.0,1.0,0.33,3.228,21.48,1.5934,0.290923,1.44734,0.006541,0.0,-9999.0,21.81,87.4
201208092200,201208092230,-9999.0,1.0,0.33,2.471,20.89,1.55429,0.444744,1.38018,0.0064,0.0,-9999.0,21.79,90.0
201208092230,201208092300,-9999.0,1.0,0.33,1.981,20.52,1.53022,0.660589,1.33546,0.006259,0.0,-9999.0,21.77,91.8
201208092300,201208092330,3.67969,0.0,0.33,1.659,19.76,1.48022,-2.16537,1.25652,0.006118,0.0,-9999.0,21.73,92.8
201208092330,201208100000,-9999.0,1.0,0.33,1.363,19.0,1.43072,0.527885,1.18065,0.005977,0.0,-9999.0,21.7,93.8
201208100000,201208100030,-9999.0,1.0,0.33,1.132,18.54,1.40133,0.594013,1.13282,0.005835,0.0,-9999.0,21.66,94.7
201208100030,201208100100,-0.08254,0.0,0.33,0.909,18.37,1.39101,1.52315,1.11726,0.005887,0.0,-9999.0,21.62,95.7
201208100100,201208100130,-1.29751,0.0,0.33,1.182,18.35,1.3905,2.7374,1.11425,0.005938,0.0,-9999.0,21.58,94.4
201208100130,201208100200,1.35332,0.0,0.33,3.158,19.53,1.46911,0.150441,1.21394,0.005989,0.0,-9999.0,21.52,86.1
201208100200,201208100230,-0.21583,0.0,0.33,3.084,18.81,1.42226,1.68115,1.15038,0.006041,0.0,-9999.0,21.47,85.8
201208100230,201208100300,0.349898,0.0,0.33,2.403,17.78,1.35575,1.06053,1.06316,0.006092,0.0,-9999.0,21.43,88.2
201208100300,201208100330,0.667567,0.0,0.33,2.624,17.89,1.36366,0.749092,1.07076,0.006143,0.0,-9999.0,21.37,87.2
201208100330,201208100400,-9999.0,1.0,0.33,2.332,17.04,1.30956,0.559622,1.00099,0.006195,0.0,-9999.0,21.32,88.0
201208100400,201208100430,-9999.0,1.0,0.33,1.743,15.97,1.24233,0.655097,0.917241,0.006246,0.0,-9999.0,21.26,90.4
201208100430,201208100500,-0.133154,0.0,0.497,1.635,15.64,1.22232,1.4313,0.891219,0.009483,0.0,-9999.0,21.21,90.8
201208100500,201208100530,1.61912,0.0,11.38,1.515,15.14,1.19186,-0.346952,0.853308,0.216936,8.41426,-9999.0,21.15,91.2
201208100530,201208100600,-0.590968,0.0,79.0,1.438,14.87,1.17582,1.84929,0.832516,1.43784,106.74,-9999.0,21.09,91.5
201208100600,201208100630,-2.38645,0.0,177.4,1.872,15.84,1.23695,3.69611,0.901567,3.02662,230.915,-9999.0,21.03,89.6
201208100630,201208100700,-4.77427,0.0,285.2,3.608,17.62,1.3515,6.17892,1.03896,4.55922,355.268,-9999.0,20.97,82.1
201208100700,201208100730,-4.51869,0.0,391.2,8.329,21.28,1.59694,6.12172,1.36207,5.89379,477.67,-9999.0,20.91,67.09
201208100730,201208100800,-4.0842,0.0,495.0,15.822,25.17,1.87137,5.90165,1.76447,6.36929,596.029,-9999.0,20.85,50.57
201208100800,201208100830,-3.45125,0.0,591.2,23.064,28.21,2.09425,5.4379,2.122,5.91028,708.318,-9999.0,20.8,39.74
201208100830,201208100900,-2.25154,0.0,677.5,28.708,30.26,2.24841,4.35286,2.38519,5.18053,812.616,-9999.0,20.75,33.36
201208100900,201208100930,-2.04619,0.0,752.0,33.1,31.86,2.37074,4.23722,2.60362,4.47601,907.139,-9999.0,20.72,29.85
201208100930,201208101000,0.625523,0.0,820.0,38.849,33.41,2.49062,1.65245,2.82621,3.48632,990.269,-9999.0,20.71,24.54
201208101000,201208101030,-0.736192,0.0,869.0,43.256,34.76,2.59618,3.08991,3.02939,2.8103,1060.58,-9999.0,20.7,22.06
201208101030,201208101100,0.0449937,0.0,902.0,45.303,35.35,2.64342,2.34214,3.12304,2.53799,1116.88,-9999.0,20.71,20.99
201208101100,201208101130,1.22026,0.0,923.0,47.617,36.0,2.69552,1.20362,3.22813,2.25077,1158.2,-9999.0,20.74,19.87
201208101130,201208101200,0.533122,0.0,938.0,51.373,36.72,2.75331,1.93138,3.34685,1.84014,1183.82,-9999.0,20.78,16.89
201208101200,201208101230,2.1197,0.0,943.0,51.531,36.66,2.75015,0.34207,3.3419,1.8331,1193.32,-9999.0,20.84,16.36
201208101230,201208101300,1.37094,0.0,924.0,53.977,37.12,2.78777,1.11699,3.42121,1.60715,1186.53,-9999.0,20.9,14.56
201208101300,201208101330,2.04828,0.0,887.0,51.925,37.28,2.80191,0.449153,3.45243,1.79992,1163.57,-9999.0,20.98,18.52
201208101330,201208101400,1.35916,0.0,841.0,47.992,36.57,2.74773,1.09942,3.34125,2.21668,1124.83,-9999.0,21.05,21.72
201208101400,201208101430,0.318623,0.0,785.0,48.266,36.59,2.75084,2.14167,3.34911,2.17351,1070.97,-9999.0,21.14,21.36
201208101430,201208101500,-9999.0,1.0,713.0,46.657,36.05,2.71005,3.29876,3.26599,2.33582,1002.91,-9999.0,21.25,21.7
201208101500,201208101530,-9999.0,1.0,630.3,45.205,35.68,2.6826,2.72588,3.21063,2.46557,921.826,-9999.0,21.36,22.58
201208101530,201208101600,1.65133,0.0,543.3,46.238,36.0,2.70916,0.777918,3.26644,2.28912,829.095,-9999.0,21.47,22.19
201208101600,201208101630,-0.278907,0.0,450.5,47.154,36.06,2.71538,2.7121,3.28048,2.1191,726.306,-9999.0,21.57,20.91
201208101630,201208101700,1.40785,0.0,354.6,46.361,35.95,2.70827,1.0198,3.26678,2.08009,615.219,-9999.0,21.65,21.77
201208101700,201208101730,-9999.0,1.0,258.9,44.117,35.07,2.64085,1.71435,3.12841,2.06879,497.733,-9999.0,21.72,21.86
201208101730,201208101800,-9999.0,1.0,163.7,43.127,34.49,2.59704,-0.046613,3.03966,1.77215,375.861,-9999.0,21.78,21.12
201208101800,201208101830,0.341226,0.0,81.3,41.164,33.73,2.53931,1.96418,2.92372,1.24732,251.685,-9999.0,21.83,21.46
201208101830,201208101900,2.02258,0.0,13.53,32.731,31.22,2.34702,0.142861,2.54973,0.299757,127.333,-9999.0,21.87,28.07
201208101900,201208101930,2.06952,0.0,7.09,28.081,29.47,2.21509,-0.001574,2.30489,0.163311,17.6525,-9999.0,21.89,31.79
201208101930,201208102000,2.60835,0.0,0.466,25.174,28.07,2.11094,-0.61827,2.11831,0.011058,0.0,-9999.0,21.91,33.69
201208102000,201208102030,1.46216,0.0,0.259,21.856,26.59,2.00201,0.445672,1.92992,0.006191,0.0,-9999.0,21.92,37.22
201208102030,201208102100,2.49777,0.0,0.266,19.035,25.06,1.89082,-0.675802,1.74503,0.0064,0.0,-9999.0,21.92,40.14
201208102100,201208102130,2.6745,0.0,0.199,17.686,24.56,1.85553,-0.880885,1.68655,0.00482,0.0,-9999.0,21.92,42.7
201208102130,201208102200,2.04174,0.0,0.163,15.846,24.06,1.82039,-0.276425,1.62901,0.003974,0.0,-9999.0,21.91,47.1
201208102200,201208102230,1.71582,0.0,0.086,15.198,23.46,1.77825,0.015717,1.56136,0.00211,0.0,-9999.0,21.89,47.4
201208102230,201208102300,2.53261,0.0,0.027,15.06,23.48,1.78067,-0.800495,1.56294,0.000667,0.0,-9999.0,21.86,47.94
201208102300,201208102330,1.30737,0.0,0.008,14.158,23.73,1.79963,0.438052,1.5902,0.000199,0.0,-9999.0,21.82,51.79
201208102330,201208110000,1.00576,0.0,0.043,13.986,23.13,1.75756,0.705954,1.52306,0.001075,0.0,-9999.0,21.79,50.62
201208110000,201208110030,0.949286,0.0,0.033,12.436,22.34,1.70125,0.71834,1.4372,0.00083,0.0,-9999.0,21.74,53.94
201208110030,201208110100,1.44757,0.0,0.014,13.22,22.65,1.7232,0.236622,1.46947,0.000355,0.0,-9999.0,21.7,51.95
201208110100,201208110130,1.434,0.0,0.0,15.569,23.82,1.80693,0.314268,1.59808,0.0,0.0,-9999.0,21.66,47.27
201208110130,201208110200,1.7933,0.0,0.0,15.848,23.98,1.81841,-0.036717,1.61577,0.0,0.0,-9999.0,21.61,46.84
201208110200,201208110230,2.61066,0.0,0.0,16.479,24.29,1.84078,-0.837463,1.65103,0.0,0.0,-9999.0,21.57,45.74
201208110230,201208110300,3.31135,0.0,0.0,16.898,24.48,1.8545,-1.52818,1.67279,0.0,0.0,-9999.0,21.52,44.99
201208110300,201208110330,1.7055,0.0,0.0,16.295,24.17,1.83196,0.059976,1.63616,0.0,0.0,-9999.0,21.48,45.96
201208110330,201208110400,1.56453,0.0,0.002,13.421,22.58,1.71787,0.112725,1.45714,5.3e-05,0.0,-9999.0,21.44,51.01
201208110400,201208110430,-9999.0,1.0,0.0,14.066,22.69,1.72563,0.03229,1.46831,0.0,0.0,-9999.0,21.4,49.0
201208110430,201208110500,-9999.0,1.0,0.169,15.686,23.61,1.79138,0.080632,1.57014,0.004488,0.0,-9999.0,21.36,46.2
201208110500,201208110530,1.45868,0.0,8.35,14.66,23.05,1.75118,0.242882,1.50646,0.218904,6.7257,-9999.0,21.33,47.99
201208110530,201208110600,1.64451,0.0,64.14,14.368,22.89,1.7397,0.047729,1.48798,1.5052,102.093,-9999.0,21.29,48.53
201208110600,201208110630,-9999.0,2.0,162.7,14.888,23.34,1.77181,5.41805,1.53761,3.21337,226.487,-9999.0,21.25,48.1
201208110630,201208110700,-9999.0,2.0,265.6,17.145,24.75,1.87362,4.32556,1.70185,4.37509,351.059,-9999.0,21.22,45.08
201208110700,201208110730,-2.18734,0.0,374.8,21.124,27.05,2.04296,4.10791,1.99344,4.93941,473.677,-9999.0,21.18,40.94
201208110730,201208110800,-3.48128,0.0,475.9,23.862,28.42,2.14553,5.47735,2.1814,5.16947,592.244,-9999.0,21.15,38.41
201208110800,201208110830,-4.35115,0.0,576.4,27.15,29.61,2.23555,6.41277,2.35376,5.06134,704.731,-9999.0,21.13,34.58
201208110830,201208110900,-3.82338,0.0,647.0,28.645,30.18,2.27892,5.91606,2.44006,5.00725,809.213,-9999.0,21.11,33.2
201208110900,201208110930,-2.91926,0.0,729.0,30.308,30.83,2.32861,5.04744,2.54097,4.89071,903.902,-9999.0,21.1,31.9
201208110930,201208111000,-1.42875,0.0,798.0,32.142,31.6,2.38777,3.59908,2.66386,4.67767,987.179,-9999.0,21.09,30.87
201208111000,201208111030,-1.62973,0.0,851.0,34.214,32.26,2.4387,3.83607,2.77268,4.38523,1057.62,-9999.0,21.1,29.11
201208111030,201208111100,-1.02922,0.0,886.0,38.176,33.5,2.53501,3.30373,2.98286,3.78475,1114.01,-9999.0,21.11,26.22
201208111100,201208111130,-0.036423,0.0,910.0,40.623,34.18,2.58808,2.34796,3.10375,3.44813,1155.4,-9999.0,21.14,24.41
201208111130,201208111200,0.404072,0.0,925.0,43.518,34.99,2.65156,1.95164,3.2514,3.07696,1181.07,-9999.0,21.18,22.58
201208111200,201208111230,0.514921,0.0,925.0,44.314,35.41,2.68452,1.86332,3.33166,2.98438,1190.59,-9999.0,21.23,22.97
201208111230,201208111300,1.18861,0.0,920.0,45.544,35.87,2.72071,1.21434,3.42086,2.84314,1183.79,-9999.0,21.28,22.81
201208111300,201208111330,1.24199,0.0,868.0,46.797,36.13,2.74116,1.17459,3.47394,2.69217,1160.79,-9999.0,21.35,21.81
201208111330,201208111400,0.0533585,0.0,834.0,46.768,36.14,2.74186,2.36303,3.48017,2.69033,1121.98,-9999.0,21.41,21.9
201208111400,201208111430,0.390417,0.0,374.8,42.059,35.24,2.67077,1.9755,3.31579,2.78316,1068.02,-9999.0,21.49,26.2
201208111430,201208111500,0.956013,0.0,269.8,30.07,31.68,2.39312,1.21208,2.69664,3.49595,999.845,-9999.0,21.59,35.62
201208111500,201208111530,0.815106,0.0,558.7,32.371,32.25,2.43709,1.3839,2.79364,4.24838,918.615,-9999.0,21.68,32.89
201208111530,201208111600,1.13762,0.0,343.7,39.618,34.17,2.5865,1.16697,3.13099,2.95518,825.72,-9999.0,21.76,26.24
201208111600,201208111630,-9999.0,1.0,284.3,40.62,33.98,2.57155,2.20383,3.09997,2.71127,722.751,-9999.0,21.83,23.57
201208111630,201208111700,-9999.0,1.0,340.5,44.213,35.07,2.65694,1.26811,3.30302,2.5627,611.468,-9999.0,21.89,21.69
201208111700,201208111730,1.69903,0.0,236.9,44.413,34.97,2.64898,0.647608,3.28804,2.30251,493.775,-9999.0,21.93,20.9
201208111730,201208111800,2.33672,0.0,121.6,41.543,33.97,2.5705,-0.046024,3.10752,1.8824,371.688,-9999.0,21.97,21.79
201208111800,201208111830,-9999.0,1.0,49.59,35.952,32.01,2.41803,0.456998,2.7663,1.15645,247.294,-9999.0,22.0,24.45
201208111830,201208111900,-9999.0,1.0,25.87,33.125,30.97,2.33784,0.201773,2.5948,0.696039,122.722,-9999.0,22.03,26.16
201208111900,201208111930,-9999.0,1.0,8.74,30.099,29.77,2.24604,-0.073793,2.40387,0.260005,15.1744,-9999.0,22.04,28.14
201208111930,201208112000,-9999.0,1.0,0.188,27.99,28.93,2.18224,0.19047,2.27517,0.005869,0.0,-9999.0,22.05,29.86
201208112000,201208112030,-9999.0,1.0,0.009,25.846,27.98,2.11062,-1.0519,2.13404,0.000283,0.0,-9999.0,22.05,31.56
201208112030,201208112100,-9999.0,1.0,0.014,24.45,27.18,2.05075,-0.60752,2.01905,0.000442,0.0,-9999.0,22.05,32.16
201208112100,201208112130,-9999.0,1.0,0.009,23.302,26.52,2.00167,-0.906059,1.92678,0.000285,0.0,-9999.0,22.04,32.79
201208112130,201208112200,-9999.0,1.0,0.002,22.419,25.87,1.95363,-0.341295,1.83815,6.4e-05,0.0,-9999.0,22.02,32.81
201208112200,201208112230,-9999.0,1.0,0.001,22.348,25.31,1.91248,-0.43245,1.76356,3.2e-05,0.0,-9999.0,22.0,30.76
201208112230,201208112300,1.68092,0.0,0.002,21.28,24.61,1.86139,0.087545,1.67272,6.4e-05,0.0,-9999.0,21.98,31.26
201208112300,201208112330,1.95057,0.0,0.0,19.62,23.92,1.81141,-0.220352,1.58577,0.0,0.0,-9999.0,21.95,33.95
201208112330,201208120000,2.26602,0.0,0.0,18.381,23.47,1.779,-0.560875,1.53024,0.0,0.0,-9999.0,21.91,36.42
201208120000,201208120030,1.455,0.0,0.0,17.785,23.41,1.77464,0.246349,1.52236,0.0,0.0,-9999.0,21.87,38.26
201208120030,201208120100,1.14616,0.0,0.0,17.454,23.38,1.77243,0.553028,1.532,0.0,0.0,-9999.0,21.83,39.3
201208120100,201208120130,0.202294,0.0,0.0,16.937,23.26,1.76378,1.48984,1.53077,0.0,0.0,-9999.0,21.79,40.67
201208120130,201208120200,0.987656,0.0,0.0,16.949,23.1,1.75229,0.695251,1.52476,0.0,0.0,-9999.0,21.75,40.05
201208120200,201208120230,0.765652,0.0,0.0,16.983,23.21,1.76009,0.922712,1.55118,0.0,0.0,-9999.0,21.7,40.33
201208120230,201208120300,2.43262,0.0,0.0,16.368,23.01,1.74575,-0.755645,1.5403,0.0,0.0,-9999.0,21.66,41.79
201208120300,201208120330,0.476424,0.0,0.0,15.439,22.69,1.72292,1.18267,1.51529,0.0,0.0,-9999.0,21.62,44.02
201208120330,201208120400,0.707179,0.0,0.0,14.105,22.25,1.69169,0.927563,1.47671,0.0,0.0,-9999.0,21.57,47.47
201208120400,201208120430,1.11911,0.0,0.0,12.281,21.35,1.62842,0.466515,1.3872,0.0,0.0,-9999.0,21.53,51.68
201208120430,201208120500,2.77211,0.0,0.206,11.284,21.1,1.61094,-1.20044,1.37207,0.007385,0.0,-9999.0,21.48,54.92
201208120500,201208120530,-9999.0,1.0,10.44,11.323,21.36,1.62901,0.164629,1.41348,0.361614,5.20374,-9999.0,21.44,55.48
201208120530,201208120600,-9999.0,2.0,82.0,11.68,21.78,1.65836,1.93565,1.47373,2.25856,97.377,-9999.0,21.39,55.24
201208120600,201208120630,-4.88497,0.0,182.9,13.016,22.72,1.7247,6.54259,1.59714,3.93577,221.99,-9999.0,21.35,52.89
201208120630,201208120700,-3.8769,0.0,289.2,14.674,23.63,1.78963,5.58333,1.72246,4.97772,346.781,-9999.0,21.31,49.73
201208120700,201208120730,-4.3771,0.0,396.7,17.736,25.11,1.8967,6.16348,1.92909,5.42629,469.615,-9999.0,21.27,44.39
201208120730,201208120800,-4.21425,0.0,500.1,20.194,26.31,1.98471,6.06552,2.10926,5.59297,588.391,-9999.0,21.24,41.03
201208120800,201208120830,-3.10107,0.0,595.5,22.674,27.21,2.05137,5.00093,2.25388,5.55046,701.076,-9999.0,21.2,37.2
201208120830,201208120900,-3.14092,0.0,682.3,26.619,28.19,2.12457,5.09378,2.41589,5.19512,805.741,-9999.0,21.18,30.37
201208120900,201208120930,-3.33815,0.0,758.0,29.191,29.03,2.18778,5.33637,2.5616,4.9614,900.597,-9999.0,21.16,27.27
201208120930,201208121000,-9999.0,1.0,823.0,31.618,30.07,2.26664,3.95167,2.74456,4.72108,984.02,-9999.0,21.15,25.8
201208121000,201208121030,-9999.0,1.0,873.0,31.935,30.19,2.27571,3.54879,2.77915,4.72403,1054.58,-9999.0,21.14,25.57
201208121030,201208121100,-9999.0,1.0,911.0,33.079,30.6,2.30694,3.56082,2.86239,4.61383,1111.08,-9999.0,21.14,24.69
201208121100,201208121130,-0.705111,0.0,933.0,34.833,31.19,2.35208,2.81901,2.97748,4.42643,1152.54,-9999.0,21.16,23.32
201208121130,201208121200,-0.919196,0.0,945.0,37.569,32.05,2.41822,3.07947,3.14215,4.14249,1178.26,-9999.0,21.18,21.23
201208121200,201208121230,-1.33824,0.0,939.0,38.498,32.56,2.45758,3.52573,3.24791,4.05387,1187.79,-9999.0,21.22,21.57
201208121230,201208121300,-1.7657,0.0,911.0,41.038,33.46,2.52739,4.00167,3.42676,3.81176,1180.98,-9999.0,21.26,20.51
201208121300,201208121330,-9999.0,1.0,899.0,41.78,33.57,2.53587,1.88772,3.46205,3.75405,1157.93,-9999.0,21.3,19.57
201208121330,201208121400,-9999.0,1.0,841.0,42.582,33.76,2.55059,1.34556,3.5123,3.67451,1119.06,-9999.0,21.36,18.89
201208121400,201208121430,0.61629,0.0,793.0,43.137,33.99,2.56846,1.6465,3.57024,3.62161,1065.01,-9999.0,21.42,18.88
201208121430,201208121500,-5.10312,0.0,735.0,43.31,34.04,2.57227,7.36793,3.59456,3.59246,996.709,-9999.0,21.5,18.78
201208121500,201208121530,-1.60858,0.0,652.3,44.212,34.34,2.59563,3.88903,3.66608,3.49147,915.336,-9999.0,21.59,18.46
201208121530,201208121600,-3.80058,0.0,544.9,44.523,34.42,2.6018,6.08468,3.69618,3.40279,822.278,-9999.0,21.67,18.25
201208121600,201208121630,-1.85827,0.0,449.1,45.144,34.52,2.60954,4.1471,3.73011,3.28,719.127,-9999.0,21.75,17.57
201208121630,201208121700,-1.60677,0.0,348.1,45.64,34.68,2.62198,3.90359,3.77555,3.11838,607.648,-9999.0,21.81,17.4
201208121700,201208121730,-0.954079,0.0,240.7,44.495,34.36,2.59684,3.23277,3.72961,2.92282,489.749,-9999.0,21.85,18.03
201208121730,201208121800,2.52191,0.0,98.3,40.283,33.32,2.51563,-0.300544,3.55047,2.19009,367.447,-9999.0,21.89,21.36
201208121800,201208121830,-0.056798,0.0,57.27,34.761,31.53,2.37707,2.17998,3.24456,1.67583,242.834,-9999.0,21.93,24.94
201208121830,201208121900,1.82088,0.0,25.69,30.829,30.46,2.29498,0.243363,3.07554,0.948318,118.043,-9999.0,21.95,29.25
201208121900,201208121930,-9999.0,1.0,5.947,25.19,28.12,2.11779,-0.91137,2.70862,0.260927,12.8514,-9999.0,21.96,33.84
201208121930,201208122000,-9999.0,1.0,0.346,24.036,27.28,2.05496,-0.458841,2.59283,0.016096,0.0,-9999.0,21.97,33.7
201208122000,201208122030,-9999.0,1.0,0.304,19.896,25.44,1.9191,-0.195547,2.33415,0.014258,0.0,-9999.0,21.97,38.83
201208122030,201208122100,-9999.0,1.0,0.314,17.266,23.93,1.80947,0.188941,2.13659,0.014838,0.0,-9999.0,21.96,41.91
201208122100,201208122130,-9999.0,1.0,0.268,15.662,22.95,1.73927,0.175303,2.01874,0.012766,0.0,-9999.0,21.95,44.1
201208122130,201208122200,-9999.0,1.0,0.128,14.705,22.45,1.70374,0.17993,1.96659,0.006151,0.0,-9999.0,21.92,45.9
201208122200,201208122230,-9999.0,1.0,0.143,14.86,22.22,1.68743,0.224459,1.94988,0.006922,0.0,-9999.0,21.89,44.56
201208122230,201208122300,-9999.0,1.0,0.071,14.709,21.99,1.67118,0.158697,1.93327,0.003465,0.0,-9999.0,21.86,44.35
201208122300,201208122330,-9999.0,1.0,0.019,14.649,21.62,1.64517,0.194975,1.89905,0.000934,0.0,-9999.0,21.82,43.31
201208122330,201208130000,-9999.0,1.0,0.0,14.405,21.45,1.63323,0.324487,1.89029,0.0,0.0,-9999.0,21.77,43.67
201208130000,201208130030,-9999.0,1.0,0.0,13.941,21.07,1.6067,0.09653,1.85537,0.0,0.0,-9999.0,21.72,44.2
201208130030,201208130100,-9999.0,1.0,0.0,13.815,20.94,1.59763,0.213024,1.8517,0.0,0.0,-9999.0,21.67,44.26
201208130100,201208130130,-9999.0,1.0,0.0,13.504,20.59,1.57336,0.111874,1.82094,0.0,0.0,-9999.0,21.62,44.33
201208130130,201208130200,-9999.0,1.0,0.0,14.049,20.71,1.58159,0.187087,1.84803,0.0,0.0,-9999.0,21.57,42.51
201208130200,201208130230,-9999.0,1.0,0.0,15.525,21.45,1.63295,0.232116,1.95336,0.0,0.0,-9999.0,21.51,39.29
201208130230,201208130300,-9999.0,1.0,0.0,14.708,21.05,1.60504,0.157288,1.91524,0.0,0.0,-9999.0,21.46,41.06
201208130300,201208130330,-9999.0,1.0,0.0,14.643,20.86,1.59181,0.314732,1.90381,0.0,0.0,-9999.0,21.41,40.63
201208130330,201208130400,-9999.0,1.0,0.0,15.023,21.1,1.6084,0.160056,1.94652,0.0,0.0,-9999.0,21.35,39.98
201208130400,201208130430,-9999.0,1.0,0.0,14.271,20.64,1.57648,0.180971,1.90099,0.0,0.0,-9999.0,21.3,41.35
201208130430,201208130500,-9999.0,1.0,0.141,12.625,19.58,1.50379,-0.176977,1.78304,0.007483,0.0,-9999.0,21.25,44.6
201208130500,201208130530,-9999.0,1.0,7.92,11.511,18.79,1.45033,-0.18575,1.70101,0.391322,3.85478,-9999.0,21.2,46.94
201208130530,201208130600,-9999.0,2.0,65.71,10.345,18.11,1.40483,3.09749,1.63381,2.16493,92.5936,-9999.0,21.15,50.24
201208130600,201208130630,-1.62686,0.0,165.8,12.161,19.47,1.49616,3.08759,1.80543,3.59597,217.425,-9999.0,21.1,46.27
201208130630,201208130700,-4.95255,0.0,272.4,13.868,20.79,1.58658,6.48241,1.98167,4.36423,342.436,-9999.0,21.05,43.53
201208130700,201208130730,-4.74735,0.0,378.7,17.99,23.31,1.76373,6.41066,2.33119,4.67995,465.485,-9999.0,21.0,37.17
201208130730,201208130800,-2.32285,0.0,482.1,21.669,25.41,1.9154,4.09808,2.64832,4.78575,584.47,-9999.0,20.96,33.26
201208130800,201208130830,3.78869,0.0,587.0,24.566,27.15,2.04354,-1.92047,2.92949,4.81835,697.352,-9999.0,20.91,31.72
201208130830,201208130900,-4.20221,0.0,605.9,25.062,28.21,2.12258,6.12694,3.1134,4.81035,802.202,-9999.0,20.88,34.52
201208130900,201208130930,-2.14015,0.0,609.0,25.434,28.91,2.17513,4.10201,3.2427,4.78726,897.224,-9999.0,20.86,36.19
201208130930,201208131000,-2.21703,0.0,820.0,28.942,30.29,2.27966,4.25269,3.49002,4.81047,980.794,-9999.0,20.84,32.93
201208131000,201208131030,-2.48113,0.0,843.0,31.495,31.47,2.36985,4.57978,3.71026,4.70119,1051.48,-9999.0,20.84,31.76
201208131030,201208131100,-4.64856,0.0,905.0,32.597,32.14,2.42135,6.78267,3.84438,4.68667,1108.08,-9999.0,20.84,32.0
201208131100,201208131130,-1.85304,0.0,726.7,35.396,33.24,2.5064,4.04574,4.05903,4.47134,1149.61,-9999.0,20.86,30.59
201208131130,201208131200,-2.71984,0.0,548.2,34.31,32.71,2.46523,4.8833,3.97714,4.35242,1175.37,-9999.0,20.9,30.69
201208131200,201208131230,-2.35883,0.0,610.6,33.438,32.49,2.44812,4.50976,3.9522,4.4512,1184.92,-9999.0,20.94,31.61
201208131230,201208131300,-2.23183,0.0,645.7,31.96,32.33,2.43568,4.37346,3.93824,4.53532,1178.1,-9999.0,21.0,34.04
201208131300,201208131330,-2.87372,0.0,633.9,28.273,31.53,2.37398,4.97161,3.81016,4.64655,1155.01,-9999.0,21.06,38.95
201208131330,201208131400,-1.94526,0.0,570.0,26.938,30.94,2.32866,4.01074,3.72112,4.61318,1116.07,-9999.0,21.13,39.85
201208131400,201208131430,-1.29575,0.0,482.3,25.256,30.56,2.29954,3.34013,3.6697,4.53056,1061.92,-9999.0,21.2,42.37
201208131430,201208131500,-9999.0,1.0,602.0,24.75,30.42,2.28878,4.20673,3.66022,4.70489,993.505,-9999.0,21.27,43.07
201208131500,201208131530,-9999.0,2.0,362.1,26.141,30.44,2.29023,1.42582,3.67847,4.25466,911.989,-9999.0,21.34,39.94
201208131530,201208131600,-9999.0,1.0,406.3,25.174,29.71,2.23464,3.60168,3.56764,4.37276,818.767,-9999.0,21.4,39.69
201208131600,201208131630,2.58593,0.0,345.2,29.514,30.36,2.28398,-0.55489,3.69418,4.14845,715.435,-9999.0,21.46,31.88
201208131630,201208131700,-9999.0,1.0,277.5,30.154,30.15,2.26791,3.02596,3.67263,3.94303,603.761,-9999.0,21.5,29.56
201208131700,201208131730,-9999.0,2.0,214.1,28.036,29.8,2.24124,3.4308,3.62715,3.70745,485.655,-9999.0,21.54,33.18
201208131730,201208131800,-9999.0,1.0,99.5,26.43,28.92,2.17462,0.911111,3.49234,2.79964,363.137,-9999.0,21.57,33.73
201208131800,201208131830,-9999.0,1.0,89.9,25.324,28.01,2.10622,1.30324,3.3552,2.67933,238.306,-9999.0,21.6,33.06
201208131830,201208131900,-9999.0,1.0,33.43,23.28,27.45,2.06437,-0.625602,3.2777,1.48973,113.296,-9999.0,21.61,36.42
201208131900,201208131930,-9999.0,1.0,4.65,20.825,26.42,1.98799,-0.590385,3.12582,0.279191,10.6902,-9999.0,21.63,39.58
201208131930,201208132000,-9999.0,1.0,0.308,18.243,24.96,1.88104,0.02263,2.91095,0.019616,0.0,-9999.0,21.63,42.29
201208132000,201208132030,-9999.0,1.0,0.307,15.914,23.62,1.78431,0.223823,2.72144,0.019662,0.0,-9999.0,21.63,45.45
201208132030,201208132100,-9999.0,1.0,0.292,14.337,22.78,1.7244,0.116376,2.61073,0.018809,0.0,-9999.0,21.62,48.3
201208132100,201208132130,-9999.0,1.0,0.23,12.265,21.75,1.65178,0.085987,2.47518,0.01491,0.0,-9999.0,21.6,52.91
201208132130,201208132200,-9999.0,1.0,0.148,11.335,21.2,1.61336,-0.013673,2.41009,0.009657,0.0,-9999.0,21.58,54.99
201208132200,201208132230,-9999.0,1.0,0.125,10.799,20.94,1.59527,-0.023957,2.38617,0.008204,0.0,-9999.0,21.55,56.43
201208132230,201208132300,-9999.0,1.0,0.06,10.291,20.66,1.57586,-0.010592,2.35954,0.003963,0.0,-9999.0,21.51,57.76
201208132300,201208132330,-9999.0,1.0,0.036,9.807,20.91,1.59308,-0.115689,2.40681,0.002391,0.0,-9999.0,21.47,60.36
201208132330,201208140000,-9999.0,1.0,0.012,8.914,20.82,1.5868,-0.313785,2.40659,0.000802,0.0,-9999.0,21.43,63.77
201208140000,201208140030,2.18657,0.0,0.017,7.909,20.41,1.55849,-0.693486,2.36164,0.001142,0.0,-9999.0,21.38,67.03
201208140030,201208140100,-9999.0,1.0,0.004,8.669,20.39,1.55706,-0.045177,2.36732,0.000271,0.0,-9999.0,21.34,63.82
201208140100,201208140130,-9999.0,1.0,0.011,8.765,19.89,1.52277,-0.121737,2.30602,0.000752,0.0,-9999.0,21.29,62.27
201208140130,201208140200,-9999.0,1.0,0.002,9.551,20.01,1.53092,-0.01822,2.33083,0.000138,0.0,-9999.0,21.25,59.19
201208140200,201208140230,-9999.0,1.0,0.0,10.284,20.36,1.55484,0.034779,2.38844,0.0,0.0,-9999.0,21.2,57.0
201208140230,201208140300,-9999.0,1.0,0.0,11.085,20.76,1.58233,-0.037732,2.45433,0.0,0.0,-9999.0,21.16,54.78
201208140300,201208140330,-9999.0,1.0,0.0,10.58,20.51,1.56504,0.130494,2.42689,0.0,0.0,-9999.0,21.11,56.17
201208140330,201208140400,1.19942,0.0,0.0,9.505,19.79,1.5157,0.258077,2.33215,0.0,0.0,-9999.0,21.07,58.83
201208140400,201208140430,2.28971,0.0,0.012,8.457,20.07,1.53475,-0.818133,2.38026,0.000865,0.0,-9999.0,21.03,64.0
201208140430,201208140500,-9999.0,1.0,0.083,8.242,20.23,1.54565,-0.053846,2.41168,0.006031,0.0,-9999.0,20.99,65.26
201208140500,201208140530,-9999.0,1.0,8.73,8.922,19.8,1.51622,-0.221214,2.35756,0.568046,2.70944,-9999.0,20.94,61.38
201208140530,201208140600,-9999.0,1.0,47.97,9.363,19.8,1.51617,0.006419,2.36556,2.08973,87.7438,-9999.0,20.9,59.47
201208140600,201208140630,-9999.0,2.0,128.7,10.65,20.57,1.56885,4.56689,2.48718,3.34404,212.794,-9999.0,20.86,56.04
201208140630,201208140700,-6.47009,0.0,235.4,11.773,22.08,1.67383,8.04413,2.72757,3.99504,338.023,-9999.0,20.82,55.7
201208140700,201208140730,-9999.0,1.0,368.2,14.905,24.57,1.8513,6.26669,3.14397,4.36817,461.289,-9999.0,20.78,51.74
201208140730,201208140800,-9999.0,1.0,445.4,17.398,26.48,1.9907,5.39966,3.48806,4.5034,580.481,-9999.0,20.75,49.7
201208140800,201208140830,-9999.0,1.0,391.1,17.821,27.67,2.07883,4.87784,3.71802,4.43035,693.561,-9999.0,20.72,51.95
201208140830,201208140900,-9999.0,2.0,409.0,15.846,27.74,2.08397,6.48735,3.74638,4.47017,798.594,-9999.0,20.7,57.45
201208140900,201208140930,-9999.0,1.0,742.0,19.784,29.15,2.18963,3.12023,4.02883,4.7913,893.783,-9999.0,20.69,51.05
201208140930,201208141000,0.983434,0.0,503.2,21.307,29.6,2.22355,0.984643,4.13339,4.61499,977.499,-9999.0,20.69,48.63
201208141000,201208141030,4.98672,0.0,259.2,17.053,28.41,2.13384,-3.08243,3.92015,4.15806,1048.31,-9999.0,20.69,55.96
201208141030,201208141100,4.38023,0.0,896.0,13.793,27.93,2.09786,-2.502,3.84441,4.89082,1105.0,-9999.0,20.71,63.37
201208141100,201208141130,-9999.0,1.0,928.0,21.011,29.82,2.23999,0.608733,4.23011,4.91214,1146.61,-9999.0,20.74,49.98
201208141130,201208141200,-0.663689,0.0,785.0,21.402,30.32,2.27787,2.66743,4.34904,4.86137,1172.42,-9999.0,20.77,50.49
201208141200,201208141230,0.824699,0.0,631.8,20.064,30.15,2.26487,1.16938,4.33285,4.77954,1181.98,-9999.0,20.81,53.13
201208141230,201208141300,2.94747,0.0,205.3,17.577,29.13,2.1876,-1.0081,4.14445,3.9996,1175.15,-9999.0,20.86,56.46
201208141300,201208141330,2.59083,0.0,219.9,15.812,28.48,2.13865,-0.686507,4.03142,4.07639,1152.02,-9999.0,20.92,59.33
201208141330,201208141400,6.40944,0.0,178.8,16.3,28.56,2.14458,-4.5015,4.06374,3.88349,1113.01,-9999.0,20.97,58.27
201208141400,201208141430,4.42189,0.0,235.3,17.794,29.07,2.18285,-2.48757,4.18341,4.16084,1058.77,-9999.0,21.02,55.77
201208141430,201208141500,-0.368148,0.0,154.8,18.183,29.27,2.19786,2.31243,4.24147,3.75251,990.233,-9999.0,21.07,55.32
201208141500,201208141530,-0.723704,0.0,95.8,18.008,29.11,2.18572,2.6589,4.22565,3.19248,908.574,-9999.0,21.11,55.34
201208141530,201208141600,-0.841308,0.0,33.2,10.902,26.91,2.02135,2.65965,3.79793,1.84202,815.189,-9999.0,21.14,69.27
201208141600,201208141630,-9999.0,2.0,157.0,1.982,21.99,1.66642,6.14519,2.89941,3.80259,711.676,-9999.0,21.17,92.5
201208141630,201208141700,-9999.0,2.0,111.8,1.595,21.55,1.6356,5.70235,2.83326,3.42014,599.806,-9999.0,21.2,93.8
201208141700,201208141730,2.74552,0.0,234.8,2.399,23.27,1.75676,-1.12004,3.14686,4.22542,481.493,-9999.0,21.22,91.6
201208141730,201208141800,-2.12658,0.0,200.6,5.689,25.24,1.89855,3.85472,3.52725,4.08978,358.761,-9999.0,21.23,82.3
201208141800,201208141830,1.33198,0.0,107.1,6.499,25.34,1.90576,0.400854,3.55946,3.40237,233.711,-9999.0,21.23,79.9
201208141830,201208141900,4.47125,0.0,46.56,4.504,23.99,1.80806,-2.80972,3.31366,2.32594,108.482,-9999.0,21.24,84.9
201208141900,201208141930,2.76985,0.0,3.249,2.812,22.52,1.70336,-1.18555,3.05328,0.278694,8.72147,-9999.0,21.23,89.7
201208141930,201208142000,-9999.0,1.0,0.33,2.2,21.65,1.64224,-0.196341,2.90739,0.029967,0.0,-9999.0,21.23,91.5
201208142000,201208142030,-9999.0,1.0,0.33,1.698,21.55,1.63521,-0.202021,2.89913,0.030169,0.0,-9999.0,21.22,93.4
201208142030,201208142100,-9999.0,1.0,0.33,1.554,21.39,1.62401,-0.210801,2.8801,0.030371,0.0,-9999.0,21.21,93.9
201208142100,201208142130,-9999.0,1.0,0.33,1.205,21.15,1.60729,0.050375,2.8468,0.030574,0.0,-9999.0,21.19,95.2
201208142130,201208142200,-9999.0,1.0,0.33,1.128,20.76,1.58027,0.517131,2.78708,0.030776,0.0,-9999.0,21.17,95.4
201208142200,201208142230,-9999.0,1.0,0.328,0.703,20.58,1.56781,0.507371,2.76424,0.030792,0.0,-9999.0,21.15,97.1
201208142230,201208142300,-9999.0,1.0,0.329,0.643,20.28,1.54717,0.453702,2.72037,0.031087,0.0,-9999.0,21.12,97.3
201208142300,201208142330,-9999.0,1.0,0.33,0.584,19.99,1.52729,0.611183,2.67829,0.031384,0.0,-9999.0,21.1,97.5
201208142330,201208150000,-9999.0,1.0,0.33,0.541,20.08,1.53338,0.486569,2.70212,0.031586,0.0,-9999.0,21.07,97.7
201208150000,201208150030,-9999.0,1.0,0.33,0.869,20.06,1.53196,0.48507,2.70683,0.031789,0.0,-9999.0,21.04,96.3
201208150030,201208150100,-9999.0,1.0,0.33,0.775,19.59,1.49993,0.55804,2.63305,0.031991,0.0,-9999.0,21.01,96.6
201208150100,201208150130,-9999.0,1.0,0.33,0.551,19.71,1.50802,0.563718,2.66178,0.032193,0.0,-9999.0,20.97,97.6
201208150130,201208150200,-9999.0,1.0,0.326,0.463,19.84,1.51681,0.601149,2.69255,0.032006,0.0,-9999.0,20.94,98.0
201208150200,201208150230,-9999.0,1.0,0.325,0.374,19.97,1.52561,0.607339,2.72362,0.032107,0.0,-9999.0,20.9,98.4
201208150230,201208150300,-9999.0,1.0,0.307,0.3,19.77,1.51194,0.410638,2.69619,0.030528,0.0,-9999.0,20.87,98.7
201208150300,201208150330,-9999.0,1.0,0.321,0.179,19.29,1.47937,0.427237,2.6195,0.032109,0.0,-9999.0,20.84,99.2
201208150330,201208150400,-9999.0,1.0,0.304,0.09,19.36,1.48405,0.430349,2.63942,0.030605,0.0,-9999.0,20.8,99.6
201208150400,201208150430,-9999.0,1.0,0.298,0.156,19.25,1.47657,0.424282,2.62767,0.030187,0.0,-9999.0,20.77,99.3
201208150430,201208150500,-9999.0,1.0,0.325,0.133,19.12,1.46776,0.417203,2.61232,0.033104,0.0,-9999.0,20.73,99.4
201208150500,201208150530,-9999.0,1.0,3.165,0.022,19.28,1.47849,0.424894,2.64817,0.307548,2.51942,-9999.0,20.7,99.9
201208150530,201208150600,-9999.0,1.0,44.95,0.044,19.05,1.46295,0.412731,2.61488,2.50895,86.9789,-9999.0,20.67,99.8
201208150600,201208150630,-9999.0,2.0,123.1,2.292,19.62,1.50139,5.42628,2.72471,3.85175,212.288,-9999.0,20.63,89.9671
201208150630,201208150700,-9999.0,2.0,219.6,0.05,21.13,1.60485,2.39644,3.0154,4.46606,337.704,-9999.0,20.6,99.8
201208150700,201208150730,-9999.0,2.0,326.6,1.839,23.11,1.7437,4.53786,3.41976,4.79057,461.082,-9999.0,20.56,93.5
201208150730,201208150800,-6.97953,0.0,427.8,5.216,24.56,1.84746,8.65668,3.7376,4.97004,580.311,-9999.0,20.53,83.1
201208150800,201208150830,-9999.0,1.0,525.4,8.334,25.99,1.95138,5.453,4.0673,5.08733,693.35,-9999.0,20.51,75.2
201208150830,201208150900,-9999.0,1.0,621.8,11.753,27.29,2.04711,4.45334,4.38229,5.17263,798.266,-9999.0,20.5,67.6
201208150900,201208150930,-1.63931,0.0,717.0,14.292,28.34,2.12523,3.51178,4.64967,5.23822,893.263,-9999.0,20.49,62.94
201208150930,201208151000,-0.016072,0.0,824.0,17.824,29.4,2.20479,1.94333,4.92887,5.29603,976.716,-9999.0,20.49,56.53
201208151000,201208151030,-1.09311,0.0,739.0,20.544,30.44,2.28347,3.07411,5.21237,5.26837,1047.2,-9999.0,20.51,52.8
201208151030,201208151100,-0.606634,0.0,913.0,22.202,30.85,2.3146,2.60842,5.33826,5.34675,1103.5,-9999.0,20.54,50.17
201208151100,201208151130,2.51524,0.0,939.0,25.481,31.93,2.39715,-0.45767,5.64623,5.3643,1144.66,-9999.0,20.58,46.21
201208151130,201208151200,-0.575984,0.0,731.0,25.011,31.63,2.37406,2.61721,5.58543,5.29322,1169.98,-9999.0,20.63,46.3
201208151200,201208151230,2.27922,0.0,940.0,25.131,31.86,2.39029,-0.22665,5.66817,5.38328,1179.01,-9999.0,20.7,46.74
201208151230,201208151300,1.87303,0.0,901.0,23.886,31.98,2.39809,0.185133,5.72155,5.38031,1171.62,-9999.0,20.77,49.72
201208151300,201208151330,2.905,0.0,861.0,22.942,31.77,2.38059,-0.858469,5.68427,5.37602,1147.92,-9999.0,20.85,51.13
201208151330,201208151400,1.86474,0.0,802.0,23.359,31.83,2.38378,0.184251,5.72118,5.36302,1108.31,-9999.0,20.93,50.41
201208151400,201208151430,2.62255,0.0,753.0,23.855,32.12,2.40458,-0.559106,5.82242,5.35146,1053.48,-9999.0,21.03,50.18
201208151430,201208151500,-0.819002,0.0,684.4,22.396,31.57,2.36111,2.8531,5.6896,5.32696,984.37,-9999.0,21.14,51.75
201208151500,201208151530,1.52201,0.0,597.1,21.77,31.17,2.32925,0.490569,5.59867,5.28304,902.153,-9999.0,21.26,52.02
201208151530,201208151600,0.613046,0.0,505.5,21.516,31.0,2.31495,1.39002,5.57116,5.21885,808.24,-9999.0,21.36,52.12
201208151600,201208151630,0.37083,0.0,415.0,21.06,30.79,2.29766,1.62064,5.53235,5.12753,704.238,-9999.0,21.45,52.57
201208151630,201208151700,-1.42049,0.0,323.5,20.148,30.38,2.26529,3.38996,5.43823,4.98604,591.926,-9999.0,21.53,53.55
201208151700,201208151730,-9999.0,1.0,231.7,19.671,30.33,2.26018,-1.77051,5.44301,4.7463,473.226,-9999.0,21.59,54.52
201208151730,201208151800,-0.539743,0.0,146.3,17.205,29.5,2.19644,2.46214,5.2341,4.31561,350.169,-9999.0,21.64,58.28
201208151800,201208151830,1.86945,0.0,68.74,14.952,28.76,2.13987,0.013844,5.05198,3.37515,224.86,-9999.0,21.68,62.16
201208151830,201208151900,5.57782,0.0,24.27,10.266,27.11,2.01664,-3.78079,4.63551,1.92942,99.4436,-9999.0,21.71,71.4
201208151900,201208151930,2.93269,0.0,4.425,6.708,25.54,1.90113,-1.21752,4.25474,0.487708,5.62589,-9999.0,21.73,79.5
201208151930,201208152000,-9999.0,1.0,0.331,4.53,24.42,1.8196,-1.16381,3.99568,0.039803,0.0,-9999.0,21.75,85.2
201208152000,201208152030,-9999.0,1.0,0.33,3.55,23.44,1.74899,-1.4138,3.77632,0.039886,0.0,-9999.0,21.75,87.7
201208152030,201208152100,-9999.0,1.0,0.33,2.489,22.92,1.7114,-0.974991,3.66713,0.040089,0.0,-9999.0,21.74,91.1
201208152100,201208152130,-9999.0,1.0,0.33,1.839,22.86,1.70618,-0.977924,3.66394,0.040291,0.0,-9999.0,21.73,93.4
201208152130,201208152200,-9999.0,1.0,0.33,1.606,22.2,1.65919,-1.38671,3.52397,0.040494,0.0,-9999.0,21.72,94.0
201208152200,201208152230,-9999.0,1.0,0.33,1.377,21.71,1.62433,-1.01759,3.42397,0.040696,0.0,-9999.0,21.7,94.7
201208152230,201208152300,-9999.0,1.0,0.33,1.285,21.21,1.58904,-0.300111,3.32283,0.040898,0.0,-9999.0,21.67,94.9
201208152300,201208152330,-9999.0,1.0,0.33,0.932,20.77,1.5581,0.328815,3.23585,0.041101,0.0,-9999.0,21.64,96.2
201208152330,201208160000,-9999.0,1.0,0.33,0.909,20.37,1.53007,0.351703,3.15826,0.041303,0.0,-9999.0,21.61,96.2
201208160000,201208160030,-9999.0,1.0,0.33,0.836,19.89,1.49686,0.470024,3.06442,0.041506,0.0,-9999.0,21.58,96.4
201208160030,201208160100,-9999.0,1.0,0.328,0.615,19.56,1.4739,0.426436,2.97767,0.040962,0.0,-9999.0,21.54,97.3
201208160100,201208160130,-9999.0,1.0,0.325,0.523,19.54,1.47169,0.425553,2.95604,0.040298,0.0,-9999.0,21.5,97.7
201208160130,201208160200,-9999.0,1.0,0.274,0.466,19.94,1.49753,0.472946,3.0208,0.033765,0.0,-9999.0,21.45,98.0
201208160200,201208160230,-9999.0,1.0,0.201,0.544,20.18,1.51273,0.345696,3.05234,0.024626,0.0,-9999.0,21.41,97.7
201208160230,201208160300,-9999.0,1.0,0.16,0.572,20.29,1.51922,0.348431,3.05666,0.019476,0.0,-9999.0,21.37,97.6
201208160300,201208160330,-9999.0,1.0,0.228,0.613,20.13,1.50757,0.343421,3.00529,0.027508,0.0,-9999.0,21.32,97.4
201208160330,201208160400,-9999.0,1.0,0.233,0.718,19.84,1.48727,0.468396,2.92845,0.027899,0.0,-9999.0,21.28,96.9
201208160400,201208160430,-9999.0,1.0,0.219,0.849,19.69,1.47639,0.433912,2.88074,0.026033,0.0,-9999.0,21.24,96.3
201208160430,201208160500,-9999.0,1.0,0.314,0.711,19.17,1.44106,0.407747,2.76183,0.03697,0.0,-9999.0,21.2,96.8
201208160500,201208160530,-9999.0,1.0,4.39,0.601,18.61,1.40341,0.379641,2.63893,0.472921,1.59111,-9999.0,21.16,97.2
201208160530,201208160600,-9999.0,1.0,43.08,0.383,18.5,1.39539,0.37423,2.60236,2.66982,82.0072,-9999.0,21.12,98.2
201208160600,201208160630,-9999.0,1.0,120.5,0.332,19.12,1.43517,0.789379,2.70152,4.09795,207.534,-9999.0,21.08,98.5
201208160630,201208160700,-9999.0,1.0,233.6,0.79,20.37,1.51731,1.25979,2.9237,4.84231,333.168,-9999.0,21.04,96.7
201208160700,201208160730,-9999.0,1.0,345.3,3.644,22.58,1.66658,5.70703,3.35191,5.19253,456.76,-9999.0,21.0,86.7
201208160730,201208160800,-9999.0,1.0,452.8,7.211,24.75,1.81696,6.62097,3.79855,5.40104,576.196,-9999.0,20.96,76.9
201208160800,201208160830,-6.36241,0.0,551.3,11.987,26.97,1.97429,8.15432,4.2817,5.43758,689.431,-9999.0,20.92,66.33
201208160830,201208160900,-4.17718,0.0,642.9,16.242,28.47,2.08193,6.04719,4.6113,5.30568,794.529,-9999.0,20.89,58.2
201208160900,201208160930,-1.76947,0.0,720.0,20.393,29.78,2.17678,3.70782,4.90158,5.15115,889.691,-9999.0,20.87,51.34
201208160930,201208161000,-9999.0,1.0,787.0,23.351,30.93,2.26057,1.01475,5.15608,5.03886,973.289,-9999.0,20.86,47.83
201208161000,201208161030,-9999.0,1.0,838.0,26.032,31.79,2.32325,1.56731,5.33835,4.93046,1043.89,-9999.0,20.87,44.61
201208161030,201208161100,-9999.0,1.0,898.0,27.534,32.13,2.34726,0.783176,5.38595,4.86417,1100.29,-9999.0,20.88,42.53
201208161100,201208161130,-9999.0,1.0,914.0,28.161,32.48,2.37203,1.40326,5.43528,4.8123,1141.53,-9999.0,20.91,42.37
201208161130,201208161200,-9999.0,1.0,924.0,30.648,33.01,2.41034,3.72846,5.53024,4.69865,1166.89,-9999.0,20.95,39.12
201208161200,201208161230,-9999.0,1.0,916.0,30.801,33.24,2.42616,2.97522,5.5467,4.65265,1175.94,-9999.0,21.01,39.6
201208161230,201208161300,-9999.0,1.0,893.0,28.933,32.98,2.40518,1.88553,5.43717,4.67089,1168.53,-9999.0,21.08,42.43
201208161300,201208161330,-1.3166,0.0,863.0,30.436,32.98,2.40372,3.42309,5.39451,4.57235,1144.79,-9999.0,21.15,39.44
201208161330,201208161400,-9999.0,1.0,825.0,31.678,33.02,2.40526,1.91958,5.36185,4.48086,1105.11,-9999.0,21.23,37.11
201208161400,201208161430,-9999.0,1.0,761.0,33.168,32.89,2.39407,1.40592,5.28697,4.37341,1050.19,-9999.0,21.32,33.67
201208161430,201208161500,-9999.0,1.0,694.2,33.713,32.89,2.39262,1.94741,5.24452,4.29136,980.956,-9999.0,21.42,32.58
201208161500,201208161530,-9999.0,1.0,611.7,33.049,32.81,2.38519,3.10791,5.18272,4.23482,898.596,-9999.0,21.53,33.61
201208161530,201208161600,-9999.0,1.0,522.3,32.504,32.7,2.37554,2.11038,5.11414,4.16215,804.521,-9999.0,21.62,34.3
201208161600,201208161630,-1.44714,0.0,431.5,31.986,32.55,2.36292,3.53237,5.0367,4.07067,700.338,-9999.0,21.7,34.8
201208161630,201208161700,-9999.0,1.0,335.5,29.361,32.03,2.32283,0.406565,4.87425,4.01834,587.831,-9999.0,21.77,38.37
201208161700,201208161730,-9999.0,1.0,236.3,28.617,32.13,2.32883,0.480826,4.85666,3.81325,468.925,-9999.0,21.82,40.27
201208161730,201208161800,1.17364,0.0,146.1,23.93,31.06,2.24833,0.834449,4.57598,3.57576,345.654,-9999.0,21.86,46.93
201208161800,201208161830,1.13983,0.0,61.3,17.887,29.37,2.12332,0.780307,4.17409,2.69775,220.128,-9999.0,21.89,56.3
201208161830,201208161900,1.73943,0.0,18.58,12.127,27.44,1.98287,0.080341,3.74603,1.29117,94.4936,-9999.0,21.91,66.86
201208161900,201208161930,5.22165,0.0,3.535,7.353,25.67,1.85619,-3.4937,3.37492,0.306023,4.19071,-9999.0,21.92,77.7
201208161930,201208162000,-9999.0,1.0,0.33,4.37,24.51,1.77405,-1.33683,3.13548,0.029956,0.0,-9999.0,21.93,85.8
201208162000,201208162030,-9999.0,1.0,0.33,2.497,23.54,1.70604,-1.30172,2.93997,0.02966,0.0,-9999.0,21.93,91.4
201208162030,201208162100,-9999.0,1.0,0.33,1.704,22.9,1.66127,-0.78483,2.8078,0.029364,0.0,-9999.0,21.92,93.9
201208162100,201208162130,-9999.0,1.0,0.33,1.395,22.24,1.61554,-1.37807,2.67664,0.029068,0.0,-9999.0,21.9,94.8
201208162130,201208162200,-9999.0,1.0,0.33,1.113,21.65,1.57491,-1.01418,2.56093,0.028772,0.0,-9999.0,21.88,95.7
201208162200,201208162230,-9999.0,1.0,0.33,0.8,21.09,1.53662,-0.299877,2.45347,0.028475,0.0,-9999.0,21.86,96.8
201208162230,201208162300,-9999.0,1.0,0.33,0.637,20.76,1.51383,0.334582,2.38379,0.028179,0.0,-9999.0,21.83,97.4
201208162300,201208162330,-9999.0,1.0,0.33,0.561,20.68,1.50763,0.61267,2.35262,0.027883,0.0,-9999.0,21.8,97.7
201208162330,201208170000,-9999.0,1.0,0.33,0.615,20.18,1.47386,0.566692,2.26059,0.027587,0.0,-9999.0,21.76,97.4
201208170000,201208170030,-9999.0,1.0,0.329,0.437,19.73,1.44362,0.665829,2.17832,0.027209,0.0,-9999.0,21.72,98.1
201208170030,201208170100,-9999.0,1.0,0.33,0.253,19.7,1.44078,0.588017,2.15638,0.026995,0.0,-9999.0,21.68,98.9
201208170100,201208170130,-9999.0,1.0,0.33,0.267,19.19,1.40693,0.349062,2.06901,0.026698,0.0,-9999.0,21.63,98.8
201208170130,201208170200,-9999.0,1.0,0.33,0.173,18.78,1.37976,0.36239,1.99751,0.026402,0.0,-9999.0,21.59,99.2
201208170200,201208170230,-9999.0,1.0,0.329,0.087,18.75,1.377,0.207308,1.97717,0.026028,0.0,-9999.0,21.54,99.6
201208170230,201208170300,-9999.0,1.0,0.319,0.0,19.21,1.40562,0.113945,2.02066,0.024954,0.0,-9999.0,21.49,100.0
201208170300,201208170330,-9999.0,1.0,0.293,0.113,19.5,1.42343,0.026019,2.04148,0.022667,0.0,-9999.0,21.45,99.5
201208170330,201208170400,-9999.0,1.0,0.321,0.452,18.67,1.36936,-0.015915,1.91793,0.024534,0.0,-9999.0,21.39,97.9
201208170400,201208170430,-9999.0,1.0,0.303,0.682,18.5,1.35771,-0.024382,1.88053,0.022893,0.0,-9999.0,21.34,96.8
201208170430,201208170500,-9999.0,1.0,0.271,0.77,19.01,1.38936,0.001542,1.92755,0.020242,0.0,-9999.0,21.29,96.5
201208170500,201208170530,-9999.0,1.0,3.501,1.116,18.93,1.38339,-0.002385,1.90095,0.24582,0.859003,-9999.0,21.25,94.9
201208170530,201208170600,-9999.0,1.0,18.15,0.854,18.54,1.35773,-0.021991,1.8372,1.04506,76.9728,-9999.0,21.2,96.0
201208170600,201208170630,-9999.0,1.0,54.17,0.561,19.33,1.40726,-0.196519,1.91612,2.25901,202.716,-9999.0,21.15,97.5
201208170630,201208170700,-9999.0,1.0,118.5,0.411,20.52,1.48332,0.759241,2.04519,3.46092,328.567,-9999.0,21.11,98.3
201208170700,201208170730,-9999.0,2.0,276.3,0.73,21.19,1.52626,2.39578,2.11011,4.86614,452.372,-9999.0,21.06,97.1
201208170730,201208170800,-9999.0,1.0,413.4,2.783,22.84,1.63491,6.52944,2.3015,5.47845,572.014,-9999.0,21.03,90.0
201208170800,201208170830,-9999.0,2.0,540.9,6.892,25.04,1.78331,4.01712,2.57288,5.84835,685.445,-9999.0,20.99,78.3
201208170830,201208170900,-9999.0,2.0,629.9,9.208,26.43,1.87836,5.72614,2.73869,6.04547,790.724,-9999.0,20.96,73.3
201208170900,201208170930,-9999.0,1.0,705.0,14.59,28.26,2.00563,1.78263,2.96934,5.15982,886.051,-9999.0,20.94,61.99
201208170930,201208171000,-9999.0,1.0,765.0,18.192,29.38,2.08393,3.21744,3.09885,4.51553,969.793,-9999.0,20.93,55.58
201208171000,201208171030,-9999.0,1.0,811.0,20.691,30.18,2.13985,1.48487,3.18053,4.10321,1040.52,-9999.0,20.93,51.75
201208171030,201208171100,0.530927,0.0,864.0,22.553,30.86,2.18738,1.47288,3.24312,3.81631,1097.02,-9999.0,20.94,49.41
201208171100,201208171130,-9999.0,1.0,872.0,23.127,31.35,2.22135,0.932216,3.27633,3.70944,1138.32,-9999.0,20.96,49.55
201208171130,201208171200,-9999.0,1.0,884.0,22.89,31.5,2.2308,0.940248,3.25893,3.72111,1163.72,-9999.0,20.99,50.49
201208171200,201208171230,0.784725,0.0,900.0,25.567,31.93,2.2605,1.27562,3.28085,3.32699,1172.79,-9999.0,21.04,46.03
201208171230,201208171300,0.490725,0.0,875.0,28.749,32.34,2.2888,1.59126,3.29851,2.91568,1165.37,-9999.0,21.11,40.7
201208171300,201208171330,0.128659,0.0,801.0,26.302,32.22,2.27867,1.94723,3.24059,3.14572,1141.59,-9999.0,21.17,45.38
201208171330,201208171400,0.747761,0.0,797.0,24.293,31.8,2.24688,1.30634,3.14237,3.37975,1101.84,-9999.0,21.24,48.34
201208171400,201208171430,3.2787,0.0,742.0,27.135,32.34,2.28452,-1.19615,3.17494,2.96172,1046.83,-9999.0,21.33,44.03
201208171430,201208171500,-0.55658,0.0,676.3,24.948,32.09,2.26501,2.62623,3.10064,3.18623,977.473,-9999.0,21.43,47.81
201208171500,201208171530,-1.56242,0.0,599.5,22.543,31.54,2.22395,3.60346,2.98893,3.46606,894.971,-9999.0,21.53,51.35
201208171530,201208171600,-0.733644,0.0,518.4,25.475,31.61,2.2276,2.77853,2.95839,2.97713,800.733,-9999.0,21.62,45.24
201208171600,201208171630,-1.35214,0.0,435.2,26.415,31.56,2.22261,3.39459,2.91262,2.77366,696.371,-9999.0,21.71,43.06
201208171630,201208171700,-0.070111,0.0,302.7,22.881,30.52,2.14678,2.05828,2.74745,3.01141,583.67,-9999.0,21.77,47.67
201208171700,201208171730,1.78495,0.0,140.3,17.361,29.08,2.04335,0.128004,2.5431,2.89169,464.558,-9999.0,21.82,56.87
201208171730,201208171800,0.284874,0.0,148.7,15.691,29.01,2.03713,1.62459,2.5011,3.09605,341.075,-9999.0,21.86,60.86
201208171800,201208171830,0.737201,0.0,74.0,13.18,28.51,2.00073,1.14627,2.41223,2.24071,215.332,-9999.0,21.89,66.16
201208171830,201208171900,2.86725,0.0,22.49,9.153,26.91,1.88815,-1.06726,2.21032,0.934696,89.4808,-9999.0,21.92,74.2
201208171900,201208171930,-9999.0,1.0,4.694,6.523,25.57,1.79503,-0.528988,2.04565,0.21953,2.9455,-9999.0,21.93,80.1
201208171930,201208172000,-9999.0,1.0,0.327,4.249,24.52,1.72276,-0.957871,1.91719,0.015598,0.0,-9999.0,21.93,86.2
201208172000,201208172030,-9999.0,1.0,0.33,2.767,23.77,1.67138,-1.12971,1.82223,0.015445,0.0,-9999.0,21.93,90.6
201208172030,201208172100,2.33877,0.0,0.33,1.92,23.32,1.64037,-0.724966,1.7577,0.015149,0.0,-9999.0,21.92,93.3
201208172100,201208172130,-9999.0,1.0,0.33,1.603,22.72,1.59966,-0.787109,1.68209,0.014853,0.0,-9999.0,21.91,94.2
201208172130,201208172200,-9999.0,1.0,0.33,1.164,22.38,1.57631,-0.988833,1.63098,0.014557,0.0,-9999.0,21.89,95.7
201208172200,201208172230,-9999.0,1.0,0.33,0.918,21.86,1.54135,-1.01552,1.56648,0.01426,0.0,-9999.0,21.87,96.5
201208172230,201208172300,-9999.0,1.0,0.33,0.619,21.6,1.52349,-1.02877,1.52475,0.013964,0.0,-9999.0,21.84,97.6
201208172300,201208172330,-9999.0,1.0,0.33,0.509,21.38,1.50829,-1.03996,1.48706,0.013668,0.0,-9999.0,21.81,98.0
201208172330,201208180000,-9999.0,1.0,0.33,0.389,20.64,1.45979,-0.118837,1.41101,0.013372,0.0,-9999.0,21.78,98.4
201208180000,201208180030,-9999.0,1.0,0.33,0.284,20.19,1.4302,-0.177184,1.35909,0.013076,0.0,-9999.0,21.74,98.8
201208180030,201208180100,-9999.0,1.0,0.33,0.275,19.69,1.39769,0.041204,1.32455,0.013167,0.0,-9999.0,21.7,98.8
201208180100,201208180130,-9999.0,1.0,0.329,0.245,19.18,1.36481,0.015336,1.28964,0.013219,0.0,-9999.0,21.66,98.9
201208180130,201208180200,2.44321,0.0,0.33,0.13,18.82,1.34153,-1.05912,1.26564,0.01335,0.0,-9999.0,21.62,99.4
201208180200,201208180230,0.58287,0.0,0.33,0.109,18.84,1.34192,0.802365,1.2685,0.013441,0.0,-9999.0,21.57,99.5
201208180230,201208180300,0.792012,0.0,0.33,0.107,18.59,1.32559,0.580653,1.25235,0.013533,0.0,-9999.0,21.53,99.5
201208180300,201208180330,1.38868,0.0,0.33,0.087,18.79,1.33712,-0.005736,1.26788,0.013624,0.0,-9999.0,21.48,99.6
201208180330,201208180400,-9999.0,1.0,0.33,0.021,18.58,1.32329,-0.014535,1.25451,0.013716,0.0,-9999.0,21.43,99.9
201208180400,201208180430,-9999.0,1.0,0.33,0.063,18.2,1.29909,-0.033676,1.22931,0.013807,0.0,-9999.0,21.38,99.7
201208180430,201208180500,1.80788,0.0,0.33,0.0,17.79,1.27323,-0.475228,1.20223,0.013898,0.0,-9999.0,21.33,100.0
201208180500,201208180530,1.30699,0.0,3.577,0.0,17.26,1.24032,-0.000941,1.16718,0.148956,0.356489,-9999.0,21.28,100.0
201208180530,201208180600,-0.727931,0.0,50.93,5.803,17.73,1.26796,2.05779,1.20081,1.70004,71.8771,-9999.0,21.23,71.4115
201208180600,201208180630,-2.35958,0.0,125.8,5.802,17.83,1.27323,3.69461,1.20911,3.20573,197.836,-9999.0,21.17,71.5956
201208180630,201208180700,-3.66359,0.0,236.0,7.298,19.03,1.34601,5.05962,1.29516,4.46749,323.903,-9999.0,21.12,66.8591
201208180700,201208180730,-3.76561,0.0,345.1,0.415,20.71,1.45039,5.24768,1.41956,5.20824,447.92,-9999.0,21.07,98.3
201208180730,201208180800,-2.90887,0.0,454.2,2.678,22.88,1.58891,4.50305,1.58715,5.69698,567.767,-9999.0,21.02,90.4
201208180800,201208180830,-1.04159,0.0,553.2,9.279,26.06,1.79864,2.8015,1.84583,6.01338,681.393,-9999.0,20.97,72.5
201208180830,201208180900,-1.09305,0.0,646.5,15.249,28.09,1.93547,2.95941,2.0198,4.69236,786.853,-9999.0,20.93,59.88
201208180900,201208180930,-9999.0,1.0,721.0,22.137,30.09,2.07242,2.22823,2.19705,3.18189,882.342,-9999.0,20.91,48.11
201208180930,201208181000,-9999.0,1.0,782.0,26.486,31.31,2.15636,1.50606,2.30886,2.45588,966.228,-9999.0,20.89,42.09
201208181000,201208181030,1.15046,0.0,831.0,29.659,32.52,2.24017,0.949055,2.42179,2.02505,1037.07,-9999.0,20.89,39.44
201208181030,201208181100,1.44064,0.0,870.0,32.529,33.27,2.29183,0.69845,2.49383,1.69763,1093.67,-9999.0,20.89,36.32
201208181100,201208181130,0.915558,0.0,898.0,35.947,34.11,2.35006,1.26782,2.57509,1.37325,1135.04,-9999.0,20.92,32.85
201208181130,201208181200,2.56927,0.0,907.0,39.468,35.02,2.41349,-0.337965,2.66393,1.10342,1160.49,-9999.0,20.96,29.9
201208181200,201208181230,1.61625,0.0,909.0,42.818,35.83,2.46995,0.657704,2.74424,0.897242,1169.58,-9999.0,21.02,27.27
201208181230,201208181300,4.92871,0.0,886.0,43.374,35.94,2.47625,-2.64879,2.75787,0.87042,1162.14,-9999.0,21.09,26.77
201208181300,201208181330,2.47041,0.0,836.0,42.768,36.25,2.4969,-0.174052,2.79083,0.907543,1138.32,-9999.0,21.16,29.01
201208181330,201208181400,3.05923,0.0,777.0,36.399,35.07,2.41086,-0.824501,2.68065,1.35123,1098.51,-9999.0,21.25,35.53
201208181400,201208181430,2.10256,0.0,741.0,35.589,34.96,2.40147,0.1266,2.67314,1.42259,1043.39,-9999.0,21.34,36.58
201208181430,201208181500,1.97077,0.0,664.2,32.141,33.67,2.30835,0.190872,2.55381,1.7514,973.921,-9999.0,21.46,38.47
201208181500,201208181530,1.16984,0.0,583.3,31.112,33.31,2.28144,0.973082,2.5228,1.85268,891.278,-9999.0,21.57,39.23
201208181530,201208181600,-9999.0,1.0,496.2,31.99,33.34,2.28208,0.631381,2.52843,1.743,796.879,-9999.0,21.67,37.62
201208181600,201208181630,-9999.0,1.0,403.8,34.639,33.91,2.32084,0.943273,2.58504,1.4737,692.337,-9999.0,21.76,34.57
201208181630,201208181700,-9999.0,1.0,310.8,35.43,34.13,2.3349,1.36872,2.60879,1.38192,579.443,-9999.0,21.83,33.89
201208181700,201208181730,0.978062,0.0,217.1,34.785,33.98,2.32279,1.20084,2.59742,1.38139,460.127,-9999.0,21.89,34.55
201208181730,201208181800,0.905727,0.0,128.1,33.406,33.47,2.28534,1.24657,2.55195,1.3597,336.432,-9999.0,21.94,35.33
201208181800,201208181830,1.31269,0.0,55.86,30.084,32.47,2.21372,0.787215,2.46071,1.20198,210.473,-9999.0,21.98,38.4
201208181830,201208181900,0.327032,0.0,19.6,24.813,30.97,2.10796,1.69414,2.3244,0.731312,84.4065,-9999.0,22.01,44.69
201208181900,201208181930,1.88315,0.0,2.717,20.629,29.39,1.99792,0.055076,2.18338,0.131653,1.92379,-9999.0,22.03,49.66
201208181930,201208182000,-9999.0,1.0,0.325,17.397,27.86,1.89271,-0.117228,2.04972,0.016368,0.0,-9999.0,22.05,53.61
201208182000,201208182030,-9999.0,1.0,0.294,15.61,26.93,1.82902,0.247804,1.97076,0.014898,0.0,-9999.0,22.05,56.05
201208182030,201208182100,-9999.0,1.0,0.276,14.277,26.27,1.78385,0.157676,1.91598,0.014068,0.0,-9999.0,22.06,58.21
201208182100,201208182130,-9999.0,1.0,0.318,12.348,25.45,1.72847,0.170081,1.84814,0.016296,0.0,-9999.0,22.05,62.06
201208182130,201208182200,-0.02451,0.0,0.307,10.956,24.7,1.67818,1.71753,1.78702,0.015822,0.0,-9999.0,22.04,64.8
201208182200,201208182230,3.06436,0.0,0.321,9.707,23.95,1.62834,-1.41033,1.72663,0.016632,0.0,-9999.0,22.02,67.38
201208182230,201208182300,-0.231938,0.0,0.291,9.949,23.71,1.61177,1.87361,1.70874,0.015162,0.0,-9999.0,22.0,66.08
201208182300,201208182330,1.4098,0.0,0.215,9.726,23.52,1.59849,0.222123,1.695,0.011269,0.0,-9999.0,21.97,66.46
201208182330,201208190000,2.93068,0.0,0.175,9.364,23.21,1.57755,-1.31475,1.67147,0.009224,0.0,-9999.0,21.93,67.1
201208190000,201208190030,-9999.0,1.0,0.164,9.784,23.15,1.57269,0.177375,1.66839,0.00869,0.0,-9999.0,21.9,65.5
201208190030,201208190100,-9999.0,1.0,0.009,12.769,24.56,1.66253,0.380808,1.78701,0.00048,0.0,-9999.0,21.86,58.63
201208190100,201208190130,1.87473,0.0,0.001,13.625,24.76,1.67444,-0.177508,1.8058,5.4e-05,0.0,-9999.0,21.82,56.38
201208190130,201208190200,1.40478,0.0,0.001,12.884,24.33,1.64546,0.270125,1.7716,5.4e-05,0.0,-9999.0,21.78,57.68
201208190200,201208190230,1.37141,0.0,0.001,12.884,24.03,1.62502,0.287984,1.74843,5.4e-05,0.0,-9999.0,21.74,56.91
201208190230,201208190300,0.303539,0.0,0.0,14.617,24.63,1.66273,1.38734,1.80071,0.0,0.0,-9999.0,21.7,52.84
201208190300,201208190330,0.93143,0.0,0.0,14.317,24.49,1.65258,0.752285,1.79084,0.0,0.0,-9999.0,21.66,53.42
201208190330,201208190400,0.593785,0.0,0.001,12.994,23.68,1.59936,1.0478,1.72495,5.5e-05,0.0,-9999.0,21.62,55.62
201208190400,201208190430,0.464353,0.0,0.0,13.618,23.77,1.60408,1.18207,1.73431,0.0,0.0,-9999.0,21.59,53.74
201208190430,201208190500,-9999.0,1.0,0.055,13.05,23.51,1.5864,0.295041,1.71455,0.003055,0.0,-9999.0,21.55,54.97
201208190500,201208190530,-9999.0,1.0,4.078,11.431,22.55,1.52443,0.171003,1.63739,0.219463,0.280834,-9999.0,21.51,58.2
201208190530,201208190600,0.429301,0.0,55.18,11.899,22.76,1.53669,1.16495,1.65633,2.04656,70.9024,-9999.0,21.47,57.04
201208190600,201208190630,-1.44516,0.0,131.8,13.864,23.95,1.61139,3.10157,1.7569,3.16866,197.114,-9999.0,21.43,53.41
201208190630,201208190700,-2.37538,0.0,253.5,15.887,25.07,1.68247,4.0905,1.85396,3.70711,323.362,-9999.0,21.4,50.07
201208190700,201208190730,-3.83344,0.0,364.4,20.323,27.24,1.82339,5.66263,2.04606,3.28651,447.485,-9999.0,21.36,43.81
201208190730,201208190800,-2.20406,0.0,471.6,23.802,28.79,1.92529,4.11501,2.18842,2.86941,567.361,-9999.0,21.33,39.87
201208190800,201208190830,-1.2095,0.0,572.1,28.927,30.61,2.04666,3.21609,2.35975,2.24124,680.938,-9999.0,21.3,34.18
201208190830,201208190900,-0.399477,0.0,661.3,31.227,31.26,2.08947,2.44002,2.42374,2.00558,786.273,-9999.0,21.28,31.53
201208190900,201208190930,-9999.0,1.0,739.0,33.766,32.19,2.15157,4.09535,2.51531,1.76439,881.563,-9999.0,21.27,29.76
201208190930,201208191000,-9999.0,1.0,805.0,35.2,32.59,2.17755,1.48089,2.55663,1.64356,965.178,-9999.0,21.26,28.41
201208191000,201208191030,-0.311677,0.0,860.0,38.571,33.67,2.25036,2.47822,2.66474,1.37855,1035.69,-9999.0,21.26,26.16
201208191030,201208191100,-9999.0,1.0,898.0,40.78,34.29,2.29168,1.44872,2.72876,1.23024,1091.88,-9999.0,21.28,24.58
201208191100,201208191130,-9999.0,1.0,920.0,44.194,35.12,2.34764,0.53987,2.81433,1.02947,1132.81,-9999.0,21.3,21.94
201208191130,201208191200,2.48796,0.0,924.0,47.724,36.0,2.4071,-0.19998,2.90588,0.856775,1157.76,-9999.0,21.34,19.69
201208191200,201208191230,4.03103,0.0,918.0,50.678,36.61,2.44786,-1.71141,2.9709,0.735994,1166.31,-9999.0,21.4,17.52
201208191230,201208191300,1.935,0.0,908.0,54.502,37.35,2.49776,0.423015,3.04977,0.604447,1158.31,-9999.0,21.47,14.8
201208191300,201208191330,1.29264,0.0,872.0,56.259,37.92,2.53583,1.09482,3.11177,0.554042,1133.9,-9999.0,21.53,14.73
201208191330,201208191400,-9999.0,1.0,808.0,56.958,38.09,2.54589,1.69909,3.13267,0.536903,1093.5,-9999.0,21.61,14.46
201208191400,201208191430,0.58674,0.0,752.0,59.32,38.57,2.57766,1.83393,3.1859,0.477106,1037.8,-9999.0,21.7,13.19
201208191430,201208191500,-1.07894,0.0,681.5,58.913,38.64,2.58069,3.50288,3.19658,0.489908,967.747,-9999.0,21.8,14.11
201208191500,201208191530,-9999.0,1.0,604.9,58.446,38.76,2.58721,3.2545,3.2125,0.504325,884.546,-9999.0,21.91,15.34
201208191530,201208191600,-9999.0,1.0,518.1,56.355,38.55,2.57063,3.7341,3.19393,0.563972,789.62,-9999.0,22.02,17.44
201208191600,201208191630,-1.30054,0.0,420.7,54.986,38.53,2.56736,3.7176,3.1952,0.606032,684.592,-9999.0,22.11,19.36
201208191630,201208191700,0.354341,0.0,320.2,48.593,37.01,2.45963,1.98293,3.04052,0.835813,571.26,-9999.0,22.19,22.62
201208191700,201208191730,-0.09806,0.0,221.4,43.84,35.89,2.3803,2.37632,2.92865,1.04034,451.561,-9999.0,22.25,25.78
201208191730,201208191800,0.284564,0.0,132.0,41.984,35.4,2.34479,1.96766,2.88175,1.08233,327.545,-9999.0,22.3,26.98
201208191800,201208191830,1.21226,0.0,50.42,35.777,34.03,2.24916,0.967739,2.74629,1.11966,201.334,-9999.0,22.34,32.87
201208191830,201208191900,1.78627,0.0,15.89,27.049,31.37,2.06733,0.253648,2.48634,0.734909,75.086,-9999.0,22.37,41.06
201208191900,201208191930,1.32619,0.0,2.471,21.439,29.27,1.92588,0.60307,2.28761,0.150744,0.628178,-9999.0,22.39,47.32
201208191930,201208192000,-9999.0,1.0,0.33,18.07,27.73,1.82335,-0.124107,2.14608,0.020993,0.0,-9999.0,22.4,51.45
201208192000,201208192030,-9999.0,1.0,0.33,16.107,26.84,1.76421,0.055682,2.06664,0.021094,0.0,-9999.0,22.4,54.41
201208192030,201208192100,-9999.0,1.0,0.33,14.368,25.82,1.69731,0.307999,1.97657,0.021194,0.0,-9999.0,22.4,56.81
201208192100,201208192130,-9999.0,1.0,0.326,13.524,24.89,1.63686,0.279236,1.89588,0.021032,0.0,-9999.0,22.38,57.04
201208192130,201208192200,-9999.0,1.0,0.105,19.787,26.64,1.74743,-0.205345,2.05488,0.006818,0.0,-9999.0,22.37,43.33
201208192200,201208192230,-9999.0,1.0,0.004,20.519,26.81,1.7571,-0.111113,2.07254,0.000261,0.0,-9999.0,22.34,41.82
201208192230,201208192300,-9999.0,1.0,0.0,21.891,27.16,1.77839,0.050389,2.10683,0.0,0.0,-9999.0,22.31,39.19
201208192300,201208192330,-9999.0,1.0,0.001,21.822,27.14,1.77579,0.049056,2.10718,6.6e-05,0.0,-9999.0,22.28,39.31
201208192330,201208200000,-9999.0,1.0,0.0,20.377,26.59,1.73908,-0.337067,2.05887,0.0,0.0,-9999.0,22.24,41.47
201208200000,201208200030,-9999.0,1.0,0.034,17.264,25.02,1.63785,0.346302,1.9193,0.002258,0.0,-9999.0,22.2,45.58
201208200030,201208200100,-9999.0,1.0,0.007,18.423,25.07,1.63979,0.236548,1.9238,0.000463,0.0,-9999.0,22.17,42.1
201208200100,201208200130,-9999.0,1.0,0.0,18.269,24.86,1.62534,0.225342,1.90518,0.0,0.0,-9999.0,22.13,41.86
201208200130,201208200200,-9999.0,1.0,0.0,18.024,24.49,1.60091,0.205823,1.8725,0.0,0.0,-9999.0,22.09,41.36
201208200200,201208200230,-9999.0,1.0,0.0,17.162,23.93,1.56476,0.467732,1.82344,0.0,0.0,-9999.0,22.05,42.26
201208200230,201208200300,-9999.0,1.0,0.0,17.12,23.89,1.56112,0.465396,1.82,0.0,0.0,-9999.0,22.0,42.26
201208200300,201208200330,-9999.0,1.0,0.0,17.448,23.94,1.56307,0.467732,1.82441,0.0,0.0,-9999.0,21.96,41.33
201208200330,201208200400,-9999.0,1.0,0.0,17.852,23.95,1.56253,0.480181,1.82533,0.0,0.0,-9999.0,21.91,40.01
201208200400,201208200430,-9999.0,1.0,0.0,17.181,23.45,1.53042,0.441807,1.78196,0.0,0.0,-9999.0,21.87,40.5
201208200430,201208200500,-9999.0,1.0,0.016,17.757,23.47,1.53052,0.454777,1.78374,0.001026,0.0,-9999.0,21.82,38.58
201208200500,201208200530,-9999.0,1.0,3.307,16.786,22.94,1.49681,0.565864,1.7382,0.201826,0.0321324,-9999.0,21.78,40.05
201208200530,201208200600,-9999.0,1.0,48.54,15.479,22.18,1.44939,0.355837,1.67373,1.89163,65.6949,-9999.0,21.73,42.11
201208200600,201208200630,-9999.0,2.0,127.8,16.854,22.93,1.49397,3.43253,1.73744,2.9411,192.12,-9999.0,21.69,39.77
201208200630,201208200700,-9999.0,2.0,259.7,19.566,24.51,1.59031,4.80009,1.87475,3.30147,318.58,-9999.0,21.64,36.42
201208200700,201208200730,-9999.0,2.0,367.7,24.677,27.16,1.75611,4.82207,2.11417,2.86091,442.913,-9999.0,21.59,31.45
201208200730,201208200800,-7.75158,0.0,477.4,29.211,29.18,1.88475,9.66854,2.30389,2.41331,562.992,-9999.0,21.55,27.85
201208200800,201208200830,-4.15696,0.0,574.4,33.098,30.71,1.98309,6.15366,2.45146,2.03234,676.76,-9999.0,21.51,25.12
201208200830,201208200900,-2.77213,0.0,661.6,33.915,30.94,1.99668,4.78055,2.47397,1.97529,782.273,-9999.0,21.48,24.27
201208200900,201208200930,-0.667251,0.0,737.0,36.262,31.92,2.05965,2.72663,2.57047,1.76121,877.724,-9999.0,21.45,23.41
201208200930,201208201000,0.512326,0.0,802.0,39.106,33.04,2.13222,1.60529,2.68224,1.51983,961.48,-9999.0,21.44,22.45
201208201000,201208201030,0.162515,0.0,852.0,40.636,33.68,2.17315,1.98822,2.74683,1.40337,1032.11,-9999.0,21.43,22.25
201208201030,201208201100,2.11627,0.0,889.0,42.553,34.26,2.21018,0.064411,2.80581,1.26591,1088.4,-9999.0,21.44,21.17
201208201100,201208201130,1.44431,0.0,909.0,45.857,35.16,2.26868,0.782989,2.89805,1.05574,1129.39,-9999.0,21.46,19.18
201208201130,201208201200,2.98171,0.0,920.0,49.473,36.27,2.34149,-0.696926,3.01305,0.864773,1154.38,-9999.0,21.49,17.97
201208201200,201208201230,-9999.0,1.0,918.0,52.318,37.17,2.40036,-0.05264,3.10728,0.738868,1162.95,-9999.0,21.54,17.41
201208201230,201208201300,-9999.0,1.0,898.0,53.458,37.52,2.42218,-0.028034,3.1442,0.692825,1154.94,-9999.0,21.6,17.2
201208201300,201208201330,1.79577,0.0,860.0,54.148,37.92,2.44738,0.573678,3.18654,0.665529,1130.49,-9999.0,21.67,17.93
201208201330,201208201400,1.2155,0.0,799.0,48.998,37.64,2.42664,1.13904,3.15702,0.882486,1090.02,-9999.0,21.74,24.6
201208201400,201208201430,1.10594,0.0,739.0,42.602,36.29,2.33403,1.17808,3.01552,1.26168,1034.22,-9999.0,21.83,29.44
201208201430,201208201500,0.125895,0.0,670.1,38.072,35.13,2.25476,2.09737,2.89549,1.6233,964.053,-9999.0,21.93,32.79
201208201500,201208201530,1.71136,0.0,590.4,34.534,34.25,2.19459,0.465694,2.80544,1.95937,880.712,-9999.0,22.05,35.99
201208201530,201208201600,-0.614272,0.0,499.3,34.056,34.05,2.1797,2.78055,2.78516,1.98032,785.626,-9999.0,22.16,36.17
201208201600,201208201630,3.29246,0.0,406.5,33.1,33.74,2.15757,-1.14268,2.75377,2.03232,680.421,-9999.0,22.26,36.88
201208201630,201208201700,0.745665,0.0,311.4,33.697,33.72,2.15462,1.40273,2.75182,1.8985,566.897,-9999.0,22.33,35.67
201208201700,201208201730,0.349604,0.0,214.1,34.194,33.55,2.14179,1.78958,2.73469,1.73648,446.996,-9999.0,22.39,34.1
201208201730,201208201800,-0.0462322,0.0,125.8,32.331,32.76,2.08831,2.14389,2.65527,1.65612,322.771,-9999.0,22.43,34.87
201208201800,201208201830,2.00571,0.0,48.53,29.092,31.75,2.02084,0.038933,2.55484,1.28373,196.346,-9999.0,22.47,37.96
201208201830,201208201900,-9999.0,1.0,15.8,22.644,29.63,1.88255,0.519677,2.34828,0.701565,69.8856,-9999.0,22.49,45.5
201208201900,201208201930,-9999.0,1.0,2.039,18.06,27.76,1.76237,-0.143879,2.17124,0.112275,0.20249,-9999.0,22.5,51.56
201208201930,201208202000,1.80677,0.0,0.037,14.787,26.54,1.68464,-0.034474,2.05852,0.002086,0.0,-9999.0,22.51,57.4
201208202000,201208202030,1.27597,0.0,0.117,12.572,25.28,1.60543,0.430685,1.94452,0.006562,0.0,-9999.0,22.51,60.98
201208202030,201208202100,2.19094,0.0,0.246,10.895,24.06,1.52976,-0.547651,1.83657,0.013718,0.0,-9999.0,22.5,63.63
201208202100,201208202130,-9999.0,1.0,0.279,9.892,23.28,1.48155,-0.126602,1.76886,0.015483,0.0,-9999.0,22.48,65.39
201208202130,201208202200,-9999.0,1.0,0.181,9.681,23.13,1.47143,0.061751,1.75599,0.010008,0.0,-9999.0,22.45,65.82
201208202200,201208202230,-9999.0,1.0,0.132,8.65,22.63,1.44048,-0.019089,1.71328,0.007268,0.0,-9999.0,22.42,68.52
201208202230,201208202300,-9999.0,1.0,0.198,7.33,21.6,1.37854,-0.080678,1.62663,0.010844,0.0,-9999.0,22.38,71.6
201208202300,201208202330,-9999.0,1.0,0.201,7.057,21.27,1.35819,-0.049075,1.59929,0.010957,0.0,-9999.0,22.33,72.1
201208202330,201208210000,-9999.0,1.0,0.206,6.394,20.75,1.32692,-0.107158,1.55659,0.011176,0.0,-9999.0,22.29,73.9
201208210000,201208210030,-9999.0,1.0,0.19,5.825,20.2,1.29419,0.076258,1.51197,0.010261,0.0,-9999.0,22.24,75.4
201208210030,201208210100,-9999.0,1.0,0.116,5.531,20.1,1.28746,-0.05419,1.50395,0.006239,0.0,-9999.0,22.19,76.5
201208210100,201208210130,-9999.0,1.0,0.074,6.258,20.34,1.30025,0.032932,1.52336,0.003963,0.0,-9999.0,22.13,73.8
201208210130,201208210200,-9999.0,1.0,0.037,5.976,20.16,1.28893,-0.051601,1.50886,0.001973,0.0,-9999.0,22.08,74.7
201208210200,201208210230,-9999.0,1.0,0.094,5.277,19.48,1.24921,0.126341,1.4545,0.004984,0.0,-9999.0,22.02,76.7
201208210230,201208210300,-9999.0,1.0,0.033,5.806,19.44,1.24599,0.124095,1.45137,0.001742,0.0,-9999.0,21.96,74.3
201208210300,201208210330,-9999.0,1.0,0.032,5.784,19.13,1.22754,-0.174898,1.42693,0.001681,0.0,-9999.0,21.9,73.9
201208210330,201208210400,-9999.0,1.0,0.069,5.147,18.54,1.19356,0.09798,1.38088,0.003607,0.0,-9999.0,21.85,75.9
201208210400,201208210430,-9999.0,1.0,0.11,4.782,18.18,1.17265,0.157434,1.35313,0.005719,0.0,-9999.0,21.79,77.1
201208210430,201208210500,-9999.0,1.0,0.106,4.848,18.26,1.17618,0.271824,1.35931,0.005484,0.0,-9999.0,21.73,76.9
201208210500,201208210530,-9999.0,1.0,3.308,4.938,18.35,1.18026,0.249307,1.36629,0.165481,0.0,-9999.0,21.67,76.6
201208210530,201208210600,-9999.0,1.0,46.19,5.667,18.99,1.21498,1.0731,1.41611,1.68786,60.4385,-9999.0,21.61,74.2
201208210600,201208210630,-9999.0,1.0,114.5,5.978,19.54,1.24492,5.40976,1.45957,3.01247,187.066,-9999.0,21.55,73.7
201208210630,201208210700,-9999.0,1.0,246.8,8.043,21.29,1.34377,5.59625,1.60157,4.4371,313.738,-9999.0,21.5,68.24
201208210700,201208210730,-9999.0,2.0,352.6,13.108,24.22,1.51485,6.29099,1.8516,4.73566,438.279,-9999.0,21.44,56.66
201208210730,201208210800,-9999.0,1.0,457.5,19.806,27.2,1.69437,2.41003,2.12057,4.16085,558.558,-9999.0,21.39,45.11
201208210800,201208210830,-2.48233,0.0,551.8,25.535,29.57,1.8402,4.40468,2.34417,3.4443,672.517,-9999.0,21.34,38.33
201208210830,201208210900,-9999.0,1.0,640.6,28.618,30.76,1.91363,2.70666,2.45946,3.04966,778.206,-9999.0,21.31,35.44
201208210900,201208210930,-9999.0,1.0,717.0,32.526,32.14,1.99967,3.13625,2.59552,2.48238,873.817,-9999.0,21.28,32.15
201208210930,201208211000,-9999.0,1.0,779.0,35.705,33.15,2.06261,0.934443,2.69666,2.05671,957.713,-9999.0,21.27,29.63
201208211000,201208211030,-9999.0,1.0,835.0,40.388,34.39,2.14064,1.04344,2.82251,1.52005,1028.46,-9999.0,21.26,25.72
201208211030,201208211100,-9999.0,1.0,874.0,44.314,35.26,2.19511,0.305552,2.9119,1.17068,1084.85,-9999.0,21.27,22.33
201208211100,201208211130,-9999.0,1.0,901.0,48.554,36.39,2.26661,-0.269928,3.02925,0.881733,1125.91,-9999.0,21.3,20.02
201208211130,201208211200,1.43452,0.0,918.0,52.486,37.39,2.32989,0.890718,3.13425,0.679722,1150.94,-9999.0,21.35,18.13
201208211200,201208211230,2.5243,0.0,898.0,47.72,37.09,2.30855,-0.214907,3.10275,0.931266,1159.52,-9999.0,21.41,24.34
201208211230,201208211300,1.44499,0.0,884.0,42.087,36.05,2.2393,0.810341,2.99406,1.36686,1151.49,-9999.0,21.48,29.37
201208211300,201208211330,0.686779,0.0,850.0,40.771,35.91,2.2285,1.56096,2.97958,1.4944,1127.0,-9999.0,21.55,31.05
201208211330,201208211400,4.69103,0.0,802.0,37.284,34.99,2.16749,-2.49121,2.88455,1.89047,1086.47,-9999.0,21.63,33.67
201208211400,201208211430,2.77875,0.0,744.0,36.767,34.88,2.15874,-0.584972,2.87331,1.94615,1030.58,-9999.0,21.73,34.19
201208211430,201208211500,3.56163,0.0,678.3,35.422,34.57,2.13718,-1.38424,2.84159,2.10768,960.29,-9999.0,21.85,35.5
201208211500,201208211530,3.02614,0.0,595.8,34.489,34.41,2.12527,-0.857371,2.82529,2.20014,876.81,-9999.0,21.97,36.64
201208211530,201208211600,3.64089,0.0,505.4,32.971,34.36,2.12041,-1.47506,2.82026,2.34802,781.565,-9999.0,22.09,39.26
201208211600,201208211630,1.43238,0.0,410.4,31.904,34.04,2.09834,0.716557,2.78769,2.38572,676.184,-9999.0,22.18,40.17
201208211630,201208211700,1.62363,0.0,311.8,32.124,33.76,2.07888,0.510478,2.75931,2.19726,562.47,-9999.0,22.26,38.81
201208211700,201208211730,2.89857,0.0,215.6,30.975,33.24,2.04427,-0.791709,2.70679,2.06689,442.369,-9999.0,22.32,39.26
201208211730,201208211800,5.39074,0.0,126.9,30.347,32.7,2.00854,-3.31216,2.65258,1.72792,317.936,-9999.0,22.37,38.66
201208211800,201208211830,1.38879,0.0,45.2,29.388,31.68,1.94287,0.636658,2.55111,1.06399,191.3,-9999.0,22.41,37.08
201208211830,201208211900,1.77297,0.0,14.24,23.32,29.49,1.80532,0.138805,2.33777,0.516882,64.6276,-9999.0,22.44,43.42
201208211900,201208211930,1.93006,0.0,1.13,18.509,27.61,1.689,-0.115772,2.15995,0.049376,0.0,-9999.0,22.46,49.92
201208211930,201208212000,2.52118,0.0,0.299,16.038,26.53,1.62256,-0.762903,2.06018,0.013135,0.0,-9999.0,22.46,53.77
201208212000,201208212030,2.38612,0.0,0.249,14.256,25.79,1.57707,-0.666237,1.99287,0.010884,0.0,-9999.0,22.46,57.07
201208212030,201208212100,0.964688,0.0,0.232,11.062,25.17,1.53906,0.723037,1.93715,0.010086,0.0,-9999.0,22.46,65.44
201208212100,201208212130,1.83535,0.0,0.298,8.461,23.97,1.46743,-0.209457,1.83103,0.012874,0.0,-9999.0,22.44,71.6
201208212130,201208212200,-9999.0,1.0,0.328,7.217,22.67,1.3911,-0.193424,1.71879,0.014083,0.0,-9999.0,22.41,73.8
201208212200,201208212230,-9999.0,1.0,0.312,7.532,22.28,1.36769,-0.332713,1.68571,0.013318,0.0,-9999.0,22.38,72.0
201208212230,201208212300,-9999.0,1.0,0.325,6.415,21.57,1.32631,-0.03897,1.62616,0.013788,0.0,-9999.0,22.34,75.1
201208212300,201208212330,-9999.0,1.0,0.318,5.86,21.04,1.29544,-0.021509,1.5823,0.01341,0.0,-9999.0,22.3,76.5
201208212330,201208220000,-9999.0,1.0,0.269,5.579,20.59,1.26928,0.095796,1.54547,0.01128,0.0,-9999.0,22.26,77.0
201208220000,201208220030,-9999.0,1.0,0.29,5.181,20.11,1.24166,0.158206,1.50659,0.012084,0.0,-9999.0,22.22,78.0
201208220030,201208220100,-9999.0,1.0,0.248,4.656,20.25,1.24841,0.166923,1.51794,0.010274,0.0,-9999.0,22.17,80.4
201208220100,201208220130,-9999.0,1.0,0.217,4.166,20.47,1.2596,0.158401,1.53582,0.008936,0.0,-9999.0,22.11,82.7
201208220130,201208220200,-9999.0,1.0,0.217,3.976,19.81,1.22219,0.077999,1.4826,0.008881,0.0,-9999.0,22.06,82.8
201208220200,201208220230,-9999.0,1.0,0.163,4.218,19.59,1.20917,0.068997,1.46507,0.006632,0.0,-9999.0,22.01,81.5
201208220230,201208220300,-9999.0,1.0,0.09,4.832,19.89,1.22463,0.08157,1.48909,0.003641,0.0,-9999.0,21.95,79.2
201208220300,201208220330,-9999.0,1.0,0.154,4.701,19.37,1.19526,0.174068,1.44767,0.006187,0.0,-9999.0,21.9,79.1
201208220330,201208220400,-9999.0,1.0,0.225,3.723,18.57,1.15108,-0.097068,1.38493,0.008977,0.0,-9999.0,21.84,82.6
201208220400,201208220430,-9999.0,1.0,0.216,3.289,18.23,1.13196,0.149616,1.35867,0.008563,0.0,-9999.0,21.79,84.3
201208220430,201208220500,-9999.0,1.0,0.284,2.537,18.51,1.14602,-0.100494,1.38035,0.01118,0.0,-9999.0,21.73,88.1
201208220500,201208220530,-9999.0,1.0,2.8,2.623,18.26,1.13175,-0.007308,1.36105,0.107431,0.0,-9999.0,21.68,87.5
201208220530,201208220600,-9999.0,1.0,41.08,2.541,18.01,1.11756,0.657399,1.34187,1.23966,55.3485,-9999.0,21.62,87.7
201208220600,201208220630,-9999.0,1.0,101.8,3.492,19.5,1.19658,4.95864,1.45822,2.40428,181.955,-9999.0,21.57,84.6
201208220630,201208220700,-9999.0,1.0,234.8,6.276,21.41,1.30057,5.59088,1.61352,4.10889,308.836,-9999.0,21.52,75.4
201208220700,201208220730,-9999.0,1.0,334.2,10.337,23.82,1.43562,5.07043,1.81887,5.06542,433.584,-9999.0,21.46,64.99
201208220730,201208220800,-9999.0,2.0,437.1,15.07,26.55,1.593,4.87561,2.0633,5.27072,554.062,-9999.0,21.41,56.61
201208220800,201208220830,-9999.0,2.0,536.2,19.006,28.45,1.70444,4.49644,2.24031,5.18667,668.209,-9999.0,21.37,51.03
201208220830,201208220900,-9999.0,1.0,623.6,21.088,29.56,1.76971,3.31268,2.34619,5.14032,774.073,-9999.0,21.34,49.04
201208220900,201208220930,-9999.0,1.0,704.0,25.418,31.27,1.87195,2.10952,2.51263,4.36788,869.842,-9999.0,21.32,44.3
201208220930,201208221000,-9999.0,1.0,768.0,27.902,32.31,1.93403,1.81059,2.61578,3.89217,953.877,-9999.0,21.31,42.35
201208221000,201208221030,3.9076,0.0,820.0,32.693,33.45,2.00259,-1.80138,2.7304,2.87794,1024.74,-9999.0,21.3,36.64
201208221030,201208221100,-0.999048,0.0,860.0,36.651,34.32,2.05475,3.14968,2.81895,2.16995,1081.22,-9999.0,21.32,32.33
201208221100,201208221130,1.00632,0.0,882.0,39.095,35.2,2.10769,1.18918,2.90942,1.80495,1122.35,-9999.0,21.35,31.25
201208221130,201208221200,-9999.0,1.0,892.0,41.311,35.76,2.14082,1.01199,2.96748,1.51902,1147.42,-9999.0,21.39,29.56
201208221200,201208221230,-9999.0,1.0,879.0,41.443,36.37,2.17711,0.69482,3.0311,1.50302,1156.02,-9999.0,21.46,31.66
201208221230,201208221300,-9999.0,1.0,866.0,41.264,36.42,2.17847,0.69702,3.03641,1.52439,1147.98,-9999.0,21.53,32.14
201208221300,201208221330,2.25365,0.0,835.0,40.555,36.32,2.17047,-0.002117,3.02603,1.60945,1123.45,-9999.0,21.6,32.94
201208221330,201208221400,2.35014,0.0,783.0,40.376,36.45,2.1768,-0.092309,3.0397,1.62434,1082.84,-9999.0,21.68,33.71
201208221400,201208221430,3.37872,0.0,724.0,40.908,36.5,2.17815,-1.11869,3.04501,1.54736,1026.86,-9999.0,21.78,33.02
201208221430,201208221500,0.53862,0.0,652.0,38.561,35.88,2.13787,1.68928,2.98041,1.83413,956.459,-9999.0,21.89,34.68
201208221500,201208221530,2.82216,0.0,573.3,38.961,35.63,2.12064,-0.60743,2.95452,1.74951,872.841,-9999.0,22.02,33.09
201208221530,201208221600,1.31769,0.0,484.5,39.375,35.76,2.12696,0.903346,2.96809,1.65468,777.438,-9999.0,22.13,32.86
201208221600,201208221630,-9999.0,1.0,392.4,38.537,35.81,2.12832,1.30055,2.97336,1.69046,671.882,-9999.0,22.23,34.47
201208221630,201208221700,-9999.0,1.0,225.2,32.154,34.57,2.05017,1.18182,2.84543,2.0561,557.98,-9999.0,22.32,41.45
201208221700,201208221730,1.05485,0.0,49.8,22.546,31.82,1.88097,0.962897,2.56804,1.09009,437.68,-9999.0,22.39,52.11
201208221730,201208221800,2.27822,0.0,94.3,19.168,30.85,1.82106,-0.310639,2.47249,1.80567,313.041,-9999.0,22.44,56.98
201208221800,201208221830,2.85713,0.0,50.55,17.883,30.64,1.807,-0.900654,2.45202,1.16747,186.195,-9999.0,22.49,59.38
201208221830,201208221900,2.1096,0.0,16.79,13.46,28.95,1.70509,-0.240219,2.28901,0.482345,59.3639,-9999.0,22.52,66.31
201208221900,201208221930,-9999.0,1.0,1.099,9.961,27.58,1.62333,-0.271527,2.15984,0.034922,0.0,-9999.0,22.54,73.0
201208221930,201208222000,-9999.0,1.0,0.33,8.265,26.62,1.56629,-0.354798,2.07101,0.010454,0.0,-9999.0,22.56,76.3
201208222000,201208222030,-9999.0,1.0,0.33,7.153,25.98,1.52818,-0.247478,2.01259,0.010369,0.0,-9999.0,22.57,78.7
201208222030,201208222100,-9999.0,1.0,0.33,6.184,25.45,1.49662,-0.294594,1.96471,0.010285,0.0,-9999.0,22.57,81.0
201208222100,201208222130,-9999.0,1.0,0.33,5.314,24.87,1.46244,-0.202717,1.91282,0.0102,0.0,-9999.0,22.56,83.1
201208222130,201208222200,-9999.0,1.0,0.33,3.927,24.33,1.43077,-0.151843,1.865,0.010116,0.0,-9999.0,22.55,87.1
201208222200,201208222230,-9999.0,1.0,0.33,3.113,23.73,1.39597,-0.135536,1.81243,0.010031,0.0,-9999.0,22.53,89.4
201208222230,201208222300,-9999.0,1.0,0.33,2.629,22.92,1.34984,-0.078569,1.74242,0.009947,0.0,-9999.0,22.51,90.6
201208222300,201208222330,-9999.0,1.0,0.33,1.792,22.43,1.32174,-0.052564,1.70063,0.009863,0.0,-9999.0,22.48,93.4
201208222330,201208230000,-9999.0,1.0,0.33,1.28,22.14,1.30477,-0.027095,1.67611,0.009778,0.0,-9999.0,22.45,95.2
201208230000,201208230030,-9999.0,1.0,0.33,1.079,21.92,1.2917,-0.054487,1.65762,0.009694,0.0,-9999.0,22.42,95.9
201208230030,201208230100,-9999.0,1.0,0.33,0.975,21.51,1.26838,-0.116161,1.62335,0.009609,0.0,-9999.0,22.38,96.2
201208230100,201208230130,-9999.0,1.0,0.33,0.888,20.87,1.23286,-0.047759,1.57045,0.009525,0.0,-9999.0,22.34,96.4
201208230130,201208230200,-9999.0,1.0,0.33,0.775,20.57,1.2158,0.143597,1.54593,0.00944,0.0,-9999.0,22.31,96.8
201208230200,201208230230,-9999.0,1.0,0.33,0.789,20.35,1.20308,0.155141,1.52806,0.009356,0.0,-9999.0,22.26,96.7
201208230230,201208230300,-9999.0,1.0,0.33,0.621,20.34,1.20155,0.15441,1.52729,0.009272,0.0,-9999.0,22.22,97.4
201208230300,201208230330,-9999.0,1.0,0.33,0.639,20.19,1.1926,0.21544,1.51517,0.009187,0.0,-9999.0,22.17,97.3
201208230330,201208230400,-9999.0,1.0,0.33,0.617,19.62,1.16158,0.106498,1.46941,0.009103,0.0,-9999.0,22.13,97.3
201208230400,201208230430,-9999.0,1.0,0.33,0.542,19.42,1.15015,0.096315,1.45352,0.009018,0.0,-9999.0,22.08,97.6
201208230430,201208230500,-9999.0,1.0,0.33,0.47,19.29,1.14241,0.083977,1.44325,0.008934,0.0,-9999.0,22.03,97.9
201208230500,201208230530,-9999.0,1.0,2.428,0.648,18.71,1.11138,0.00469,1.39768,0.064429,0.0,-9999.0,21.98,97.0
201208230530,201208230600,-9999.0,1.0,31.35,0.726,18.54,1.1017,-0.003945,1.38447,0.732895,54.2707,-9999.0,21.93,96.6
201208230600,201208230630,-9999.0,1.0,87.6,0.977,19.17,1.13332,2.91142,1.43387,1.76032,181.034,-9999.0,21.88,95.6
201208230630,201208230700,-9999.0,2.0,204.7,1.645,20.55,1.20467,6.8209,1.5447,3.48299,308.087,-9999.0,21.83,93.2
201208230700,201208230730,-9999.0,1.0,318.3,4.749,23.0,1.33529,4.49449,1.75006,4.92833,432.931,-9999.0,21.78,83.1
201208230730,201208230800,-9999.0,1.0,421.2,9.035,25.61,1.47854,1.98501,1.98026,6.13048,553.427,-9999.0,21.73,72.5
201208230800,201208230830,-9999.0,1.0,521.6,14.325,27.81,1.60188,5.11638,2.18282,6.56817,667.516,-9999.0,21.69,61.69
201208230830,201208230900,-9999.0,1.0,610.3,19.946,29.47,1.69606,3.21526,2.34046,6.07369,773.245,-9999.0,21.65,51.55
201208230900,201208230930,-9999.0,1.0,688.9,28.031,31.57,1.81711,3.10602,2.54539,4.24926,868.804,-9999.0,21.62,39.61
201208230930,201208231000,-9999.0,1.0,756.0,32.608,32.7,1.88215,0.977967,2.6581,3.18887,952.559,-9999.0,21.6,34.09
201208231000,201208231030,-9999.0,1.0,810.0,35.84,33.82,1.94693,1.38105,2.77137,2.51465,1023.08,-9999.0,21.59,31.96
201208231030,201208231100,-9999.0,1.0,850.0,38.863,34.63,1.99351,0.931554,2.85425,1.96728,1079.15,-9999.0,21.6,29.47
201208231100,201208231130,-9999.0,1.0,870.0,40.954,35.41,2.03841,0.829985,2.93478,1.6446,1119.82,-9999.0,21.63,28.81
201208231130,201208231200,-9999.0,1.0,880.0,42.323,36.17,2.08221,0.642544,3.0139,1.45814,1144.39,-9999.0,21.67,29.44
201208231200,201208231230,2.2785,0.0,873.0,44.378,36.4,2.09424,-0.039557,3.03802,1.20993,1152.44,-9999.0,21.73,26.94
201208231230,201208231300,3.16897,0.0,852.0,48.756,37.21,2.14112,-0.889228,3.12323,0.806124,1143.84,-9999.0,21.79,23.2
201208231300,201208231330,2.68349,0.0,818.0,48.073,37.02,2.1279,-0.413765,3.10328,0.856613,1118.72,-9999.0,21.86,23.49
201208231330,201208231400,2.31819,0.0,770.0,47.962,37.11,2.13151,-0.044264,3.11284,0.862008,1077.52,-9999.0,21.93,24.04
201208231400,201208231430,3.05573,0.0,709.0,46.563,36.81,2.11172,-0.797407,3.08134,0.97534,1020.95,-9999.0,22.02,25.04
201208231430,201208231500,0.891704,0.0,636.4,42.753,35.86,2.05319,1.31797,2.98204,1.36276,949.973,-9999.0,22.13,27.5
201208231500,201208231530,0.613279,0.0,553.1,41.522,35.48,2.02885,1.57671,2.94264,1.48981,865.8,-9999.0,22.24,28.1
201208231530,201208231600,3.16232,0.0,467.1,38.865,35.08,2.00339,-0.993039,2.90133,1.80033,769.874,-9999.0,22.34,31.2
201208231600,201208231630,1.64852,0.0,373.4,36.161,34.61,1.97389,0.496485,2.85301,2.07697,663.837,-9999.0,22.43,34.3
201208231630,201208231700,0.89405,0.0,278.9,32.599,33.79,1.9239,1.20885,2.76925,2.30911,549.503,-9999.0,22.5,38.01
201208231700,201208231730,0.5992,0.0,187.5,30.706,33.39,1.8988,1.48298,2.72872,2.03646,428.828,-9999.0,22.56,40.29
201208231730,201208231800,-9999.0,1.0,103.8,27.497,32.49,1.84463,0.458108,2.63814,1.48326,303.876,-9999.0,22.61,43.76
201208231800,201208231830,-9999.0,1.0,39.03,22.232,31.04,1.75906,0.516377,2.4943,0.690304,176.786,-9999.0,22.65,50.64
201208231830,201208231900,1.85227,0.0,11.67,15.691,29.12,1.64772,0.01131,2.30811,0.225122,50.4309,-9999.0,22.67,61.11
201208231900,201208231930,1.7331,0.0,0.844,10.834,27.14,1.53487,0.029442,2.12157,0.016569,0.0,-9999.0,22.69,69.87
201208231930,201208232000,1.3358,0.0,0.33,7.17,25.94,1.46701,0.365549,2.01141,0.006401,0.0,-9999.0,22.7,78.6
201208232000,201208232030,2.0014,0.0,0.33,5.65,25.03,1.41586,-0.346412,1.92939,0.006317,0.0,-9999.0,22.71,82.2
201208232030,201208232100,-9999.0,1.0,0.33,3.196,24.65,1.39396,-0.126883,1.89557,0.006232,0.0,-9999.0,22.7,89.7
201208232100,201208232130,-9999.0,1.0,0.33,2.666,24.06,1.36085,-0.039426,1.8435,0.006148,0.0,-9999.0,22.69,91.1
201208232130,201208232200,-9999.0,1.0,0.33,2.349,23.32,1.31998,-0.060177,1.779,0.006064,0.0,-9999.0,22.67,91.8
201208232200,201208232230,-9999.0,1.0,0.33,2.443,22.61,1.2811,-0.105962,1.71799,0.005979,0.0,-9999.0,22.65,91.1
201208232230,201208232300,-9999.0,1.0,0.33,2.23,22.06,1.25102,-0.005923,1.67135,0.005895,0.0,-9999.0,22.62,91.6
201208232300,201208232330,-9999.0,1.0,0.33,2.025,21.49,1.22013,-0.027135,1.62358,0.00581,0.0,-9999.0,22.59,92.1
201208232330,201208240000,-9999.0,1.0,0.33,1.777,21.1,1.19884,-0.058028,1.59125,0.005726,0.0,-9999.0,22.55,92.9
201208240000,201208240030,-9999.0,1.0,0.33,1.744,20.79,1.1818,-0.044138,1.56575,0.005641,0.0,-9999.0,22.51,92.9
201208240030,201208240100,-9999.0,1.0,0.33,1.486,20.14,1.14747,-0.001917,1.51632,0.005902,0.0,-9999.0,22.47,93.7
201208240100,201208240130,-9999.0,1.0,0.33,1.308,19.69,1.12361,0.030855,1.48349,0.006163,0.0,-9999.0,22.42,94.3
201208240130,201208240200,-9999.0,1.0,0.33,1.143,19.31,1.10347,-0.005917,1.45647,0.006423,0.0,-9999.0,22.38,94.9
201208240200,201208240230,-9999.0,1.0,0.33,1.032,18.98,1.08597,-0.097009,1.43355,0.006684,0.0,-9999.0,22.32,95.3
201208240230,201208240300,-9999.0,1.0,0.33,1.085,18.48,1.06014,-0.121832,1.39732,0.006944,0.0,-9999.0,22.27,94.9
201208240300,201208240330,-9999.0,1.0,0.33,0.985,18.24,1.04735,-0.027968,1.38171,0.007205,0.0,-9999.0,22.21,95.3
201208240330,201208240400,-9999.0,1.0,0.33,1.376,18.4,1.05435,-0.126191,1.39749,0.007466,0.0,-9999.0,22.16,93.5
201208240400,201208240430,-9999.0,1.0,0.33,1.233,18.46,1.0564,-0.123461,1.40545,0.007726,0.0,-9999.0,22.1,94.2
201208240430,201208240500,-9999.0,1.0,0.329,0.95,18.72,1.06835,-0.110901,1.42938,0.007963,0.0,-9999.0,22.05,95.6
201208240500,201208240530,-9999.0,1.0,2.901,1.084,17.85,1.0246,-0.047918,1.36382,0.071363,0.0,-9999.0,21.99,94.7
201208240530,201208240600,-9999.0,1.0,36.16,0.978,17.46,1.00473,0.191389,1.33651,0.786245,49.3539,-9999.0,21.93,95.1
201208240600,201208240630,-9999.0,1.0,98.1,2.057,18.1,1.03505,3.22935,1.38978,1.86699,175.817,-9999.0,21.87,90.1
201208240630,201208240700,-9999.0,2.0,224.6,3.31,19.61,1.10895,6.38798,1.51498,3.70466,303.076,-9999.0,21.82,85.5
201208240700,201208240730,-9999.0,2.0,326.5,7.375,22.23,1.24157,2.27302,1.74119,5.00831,428.121,-9999.0,21.76,72.5
201208240730,201208240800,-9999.0,1.0,433.2,11.996,25.16,1.39499,3.74718,2.00971,6.05642,548.813,-9999.0,21.7,62.5
201208240800,201208240830,-9999.0,1.0,532.4,17.607,27.79,1.5364,4.89679,2.26463,6.15065,663.086,-9999.0,21.65,52.86
201208240830,201208240900,-9999.0,1.0,618.7,24.352,29.74,1.64286,2.48968,2.46276,5.14662,768.986,-9999.0,21.61,41.76
201208240900,201208240930,-2.91105,0.0,697.6,30.615,31.62,1.74677,4.89265,2.66003,3.78884,864.7,-9999.0,21.58,34.23
201208240930,201208241000,-1.72786,0.0,764.0,35.285,33.01,1.82391,3.77962,2.81118,2.83428,948.59,-9999.0,21.56,29.91
201208241000,201208241030,-9999.0,1.0,812.0,38.852,34.04,1.88097,0.944196,2.92691,2.22983,1019.22,-9999.0,21.55,27.14
201208241030,201208241100,-9999.0,1.0,853.0,40.968,34.63,1.91305,0.89353,2.99687,1.93979,1075.39,-9999.0,21.55,25.65
201208241100,201208241130,-9999.0,1.0,874.0,41.633,35.33,1.95147,0.808916,3.07951,1.86784,1116.12,-9999.0,21.58,27.31
201208241130,201208241200,-9999.0,1.0,873.0,44.112,36.02,1.98939,0.335135,3.16197,1.59079,1140.73,-9999.0,21.62,25.85
201208241200,201208241230,-9999.0,1.0,879.0,45.574,36.06,1.98994,0.126795,3.17341,1.46083,1148.8,-9999.0,21.67,23.56
201208241230,201208241300,-9999.0,1.0,860.0,48.011,36.77,2.03412,-0.598222,3.25918,1.26883,1140.18,-9999.0,21.73,22.54
201208241300,201208241330,-9999.0,1.0,826.0,48.623,36.76,2.03683,-0.097663,3.26528,1.23786,1115.02,-9999.0,21.8,21.51
201208241330,201208241400,-9999.0,1.0,777.0,46.816,36.33,2.01524,0.386128,3.22454,1.38997,1073.76,-9999.0,21.87,22.63
201208241400,201208241430,-9999.0,1.0,717.0,45.57,35.98,1.99823,-0.314572,3.19269,1.50582,1017.09,-9999.0,21.95,23.23
201208241430,201208241500,1.62857,0.0,644.9,45.76,36.02,2.00377,0.571977,3.20417,1.49446,946.0,-9999.0,22.06,23.08
201208241500,201208241530,-0.002892,0.0,564.5,44.453,35.64,1.98496,2.18391,3.16885,1.60988,861.691,-9999.0,22.16,23.7
201208241530,201208241600,0.275856,0.0,474.7,44.001,35.39,1.97366,1.89218,3.14797,1.63961,765.61,-9999.0,22.27,23.43
201208241600,201208241630,0.196864,0.0,379.1,43.368,35.45,1.98031,1.97385,3.16153,1.66781,659.401,-9999.0,22.36,24.78
201208241630,201208241700,0.008114,0.0,284.6,39.838,34.63,1.93588,2.12285,3.07722,1.91215,544.882,-9999.0,22.43,27.7
201208241700,201208241730,-9999.0,1.0,190.4,36.977,33.83,1.89266,1.4283,2.99555,1.95853,424.011,-9999.0,22.49,29.84
201208241730,201208241800,-9999.0,1.0,107.0,35.294,33.44,1.87314,-0.009417,2.95918,1.67555,298.858,-9999.0,22.53,31.56
201208241800,201208241830,3.73307,0.0,38.48,31.103,32.01,1.79378,-1.73004,2.80976,1.04779,171.562,-9999.0,22.57,34.64
201208241830,201208241900,0.08239,0.0,12.16,25.383,29.69,1.66444,1.80433,2.56856,0.469138,45.6916,-9999.0,22.6,39.12
201208241900,201208241930,1.91844,0.0,0.729,21.529,27.88,1.56536,-0.122205,2.38641,0.034075,0.0,-9999.0,22.61,42.66
201208241930,201208242000,-9999.0,1.0,0.33,17.986,26.87,1.51166,-0.11863,2.28887,0.015791,0.0,-9999.0,22.62,49.18
201208242000,201208242030,-9999.0,1.0,0.329,14.124,25.95,1.46325,0.076239,2.20154,0.01601,0.0,-9999.0,22.62,57.87
201208242030,201208242100,-9999.0,1.0,0.33,11.666,24.84,1.40478,-0.008813,2.09669,0.016323,0.0,-9999.0,22.62,62.83
201208242100,201208242130,-9999.0,1.0,0.33,9.436,23.85,1.35329,-0.174267,2.0051,0.016586,0.0,-9999.0,22.6,68.1
201208242130,201208242200,-9999.0,1.0,0.261,10.607,24.06,1.36679,-0.124398,2.02966,0.013335,0.0,-9999.0,22.57,64.59
201208242200,201208242230,-9999.0,1.0,0.216,10.743,24.3,1.38198,-0.103358,2.05729,0.011214,0.0,-9999.0,22.55,64.65
201208242230,201208242300,-9999.0,1.0,0.323,9.69,23.37,1.33375,-0.070579,1.97172,0.017001,0.0,-9999.0,22.51,66.28
201208242300,201208242330,-9999.0,1.0,0.324,8.657,22.24,1.27523,-0.16655,1.8686,0.017309,0.0,-9999.0,22.48,67.74
201208242330,201208250000,-9999.0,1.0,0.316,7.984,21.44,1.23477,-0.118493,1.79795,0.017133,0.0,-9999.0,22.44,68.76
201208250000,201208250030,-9999.0,1.0,0.327,6.908,20.52,1.18834,-0.023582,1.71736,0.017985,0.0,-9999.0,22.4,71.4
201208250030,201208250100,-9999.0,1.0,0.325,6.393,20.02,1.16413,0.013746,1.67575,0.018132,0.0,-9999.0,22.36,72.7
201208250100,201208250130,-9999.0,1.0,0.312,5.948,19.58,1.14312,0.152643,1.63983,0.017656,0.0,-9999.0,22.31,73.9
201208250130,201208250200,-9999.0,1.0,0.246,5.455,19.47,1.13921,0.217088,1.63345,0.014129,0.0,-9999.0,22.26,75.9
201208250200,201208250230,1.0625,0.0,0.298,5.243,18.77,1.10493,0.291247,1.57488,0.017338,0.0,-9999.0,22.21,75.8
201208250230,201208250300,-9999.0,1.0,0.319,4.686,18.14,1.07448,0.076708,1.52317,0.018807,0.0,-9999.0,22.15,77.5
201208250300,201208250330,-9999.0,1.0,0.273,4.337,18.08,1.0731,0.197404,1.52115,0.016321,0.0,-9999.0,22.1,79.1
201208250330,201208250400,-9999.0,1.0,0.262,3.999,17.65,1.05294,0.332871,1.48719,0.015873,0.0,-9999.0,22.04,80.2
201208250400,201208250430,-9999.0,1.0,0.248,3.601,17.24,1.03388,0.29308,1.45519,0.015224,0.0,-9999.0,21.98,81.7
201208250430,201208250500,-9999.0,1.0,0.037,3.932,17.79,1.0633,0.371605,1.50545,0.002307,0.0,-9999.0,21.92,80.7
201208250500,201208250530,-9999.0,1.0,1.124,4.312,18.85,1.11936,0.227373,1.60174,0.069907,0.0,-9999.0,21.86,80.2
201208250530,201208250600,-9999.0,1.0,10.99,5.674,19.58,1.15914,0.29994,1.6708,0.608933,44.6625,-9999.0,21.8,75.1
201208250600,201208250630,-2.68711,0.0,62.03,5.988,20.0,1.18304,4.11096,1.71267,2.21041,170.546,-9999.0,21.74,74.4
201208250630,201208250700,-5.6448,0.0,120.7,6.349,20.95,1.23546,7.11777,1.8047,3.17298,298.008,-9999.0,21.68,74.4
201208250700,201208250730,-4.53658,0.0,264.9,4.796,22.4,1.31595,6.08444,1.94742,4.53179,423.253,-9999.0,21.63,82.3
201208250730,201208250800,-9999.0,1.0,444.5,6.234,24.23,1.41933,3.73459,2.13328,5.63976,544.137,-9999.0,21.59,79.4
201208250800,201208250830,-9999.0,2.0,541.0,8.674,26.13,1.52908,6.03379,2.33365,6.1052,658.593,-9999.0,21.55,74.4
201208250830,201208250900,-3.61316,0.0,629.2,11.921,27.87,1.63184,5.44646,2.52403,6.22347,764.662,-9999.0,21.52,68.23
201208250900,201208250930,-2.72952,0.0,707.0,20.047,29.39,1.72343,4.64309,2.6959,5.2399,860.528,-9999.0,21.5,51.08
201208250930,201208251000,-9999.0,1.0,769.0,21.387,30.28,1.7788,3.02556,2.80096,5.11174,944.553,-9999.0,21.49,50.41
201208251000,201208251030,-9999.0,1.0,820.0,26.027,31.43,1.85027,3.08738,2.93742,4.3877,1015.3,-9999.0,21.49,43.48
201208251030,201208251100,-1.99266,0.0,856.0,31.576,32.59,1.92307,4.07718,3.07757,3.56931,1071.55,-9999.0,21.5,35.78
201208251100,201208251130,-0.438,0.0,884.0,35.526,33.29,1.96853,2.56056,3.16589,3.08401,1112.35,-9999.0,21.53,30.53
201208251130,201208251200,-0.920084,0.0,894.0,39.651,33.96,2.01245,3.07915,3.25166,2.66846,1137.0,-9999.0,21.57,25.31
201208251200,201208251230,0.9437,0.0,884.0,39.114,34.22,2.03144,1.23055,3.28924,2.72707,1145.08,-9999.0,21.62,27.38
201208251230,201208251300,1.08709,0.0,858.0,35.826,34.36,2.04311,1.0961,3.31262,3.05882,1136.45,-9999.0,21.68,34.0
201208251300,201208251330,-0.210114,0.0,825.0,33.392,34.04,2.02647,2.37825,3.28085,3.3227,1111.25,-9999.0,21.74,37.38
201208251330,201208251400,-2.71825,0.0,774.0,32.048,33.9,2.02089,4.88071,3.27061,3.45854,1069.92,-9999.0,21.81,39.43
201208251400,201208251430,-9999.0,1.0,717.0,33.363,33.89,2.0233,2.30838,3.27593,3.28739,1013.17,-9999.0,21.89,36.91
201208251430,201208251500,-9999.0,1.0,650.2,32.948,33.78,2.01954,2.93755,3.26923,3.30206,941.958,-9999.0,21.99,37.31
201208251500,201208251530,-9999.0,1.0,573.2,35.439,33.7,2.01761,-0.131517,3.26609,3.02768,857.515,-9999.0,22.09,32.27
201208251530,201208251600,-9999.0,1.0,482.6,35.249,33.71,2.02124,0.569387,3.27377,3.00119,761.281,-9999.0,22.19,32.67
201208251600,201208251630,-9999.0,1.0,387.3,34.088,33.81,2.03045,0.041433,3.29233,3.02869,654.902,-9999.0,22.28,35.25
201208251630,201208251700,-9999.0,1.0,293.0,31.262,33.42,2.00928,1.04182,3.25169,3.12721,540.2,-9999.0,22.35,39.31
201208251700,201208251730,-9999.0,1.0,195.2,26.705,32.38,1.94792,1.27388,3.13322,3.18079,419.136,-9999.0,22.41,45.04
201208251730,201208251800,0.463933,0.0,105.1,22.472,31.19,1.87758,1.56901,2.99821,2.86071,293.783,-9999.0,22.46,50.53
201208251800,201208251830,1.72393,0.0,32.2,19.622,29.81,1.79605,0.237866,2.84287,1.67627,166.284,-9999.0,22.49,53.26
201208251830,201208251900,2.01823,0.0,9.98,13.427,27.89,1.6827,-0.156056,2.62898,0.723851,41.1794,-9999.0,22.52,64.26
201208251900,201208251930,-9999.0,1.0,0.671,9.398,26.4,1.59631,-0.212049,2.46797,0.056738,0.0,-9999.0,22.54,72.7
201208251930,201208252000,-9999.0,1.0,0.33,6.798,25.28,1.53258,-0.182154,2.35039,0.028312,0.0,-9999.0,22.55,78.9
201208252000,201208252030,1.69089,0.0,0.33,5.074,24.0,1.46013,-0.028935,2.21781,0.028573,0.0,-9999.0,22.55,83.0
201208252030,201208252100,-9999.0,1.0,0.33,3.718,23.04,1.40686,-0.003315,2.12124,0.028833,0.0,-9999.0,22.54,86.8
201208252100,201208252130,-9999.0,1.0,0.33,2.74,22.58,1.38255,0.004652,2.0776,0.029094,0.0,-9999.0,22.53,90.0
201208252130,201208252200,-9999.0,1.0,0.33,2.455,22.15,1.36002,0.090295,2.0373,0.029354,0.0,-9999.0,22.51,90.8
201208252200,201208252230,-9999.0,1.0,0.33,2.222,21.43,1.32113,0.116398,1.96779,0.029615,0.0,-9999.0,22.48,91.3
201208252230,201208252300,-9999.0,1.0,0.33,1.933,20.94,1.29542,0.159223,1.92215,0.029875,0.0,-9999.0,22.45,92.2
201208252300,201208252330,-9999.0,1.0,0.33,1.816,20.35,1.26422,0.196645,1.86693,0.030136,0.0,-9999.0,22.42,92.4
201208252330,201208260000,-9999.0,1.0,0.33,2.102,19.98,1.24541,0.214209,1.83391,0.030397,0.0,-9999.0,22.38,91.0
201208260000,201208260030,-9999.0,1.0,0.33,2.429,19.52,1.22168,0.29402,1.79226,0.030657,0.0,-9999.0,22.34,89.3
201208260030,201208260100,-9999.0,1.0,0.33,2.575,19.16,1.20355,0.238513,1.75624,0.030459,0.0,-9999.0,22.29,88.4
201208260100,201208260130,-9999.0,1.0,0.33,2.967,19.0,1.19648,0.294567,1.73977,0.030261,0.0,-9999.0,22.24,86.5
201208260130,201208260200,-9999.0,1.0,0.315,3.477,19.02,1.19931,0.296646,1.74069,0.028703,0.0,-9999.0,22.19,84.2
201208260200,201208260230,-9999.0,1.0,0.328,1.522,20.02,1.25672,0.180307,1.8371,0.029685,0.0,-9999.0,22.14,93.5
201208260230,201208260300,-9999.0,1.0,0.328,1.037,19.4,1.22387,0.295211,1.77539,0.029488,0.0,-9999.0,22.08,95.4
201208260300,201208260330,-9999.0,1.0,0.329,0.836,18.59,1.18077,0.411354,1.69653,0.02938,0.0,-9999.0,22.03,96.1
201208260330,201208260400,-9999.0,1.0,0.329,1.591,18.01,1.15064,0.213499,1.64081,0.029182,0.0,-9999.0,21.97,92.3
201208260400,201208260430,-9999.0,1.0,0.329,1.769,17.94,1.14847,0.210903,1.63331,0.028984,0.0,-9999.0,21.92,91.4
201208260430,201208260500,-9999.0,1.0,0.329,1.432,17.19,1.10933,0.214864,1.56301,0.028787,0.0,-9999.0,21.86,92.7
201208260500,201208260530,-9999.0,1.0,2.239,0.693,17.8,1.1441,0.27271,1.61836,0.189015,0.0,-9999.0,21.81,96.6
201208260530,201208260600,-9999.0,1.0,31.22,0.722,17.55,1.13208,-0.094226,1.59426,1.83394,40.1615,-9999.0,21.75,96.4
201208260600,201208260630,-9999.0,2.0,72.3,0.228,18.03,1.16002,0.340786,1.6379,2.98275,165.221,-9999.0,21.69,98.9
201208260630,201208260700,-9999.0,2.0,224.9,0.203,19.45,1.24081,7.19282,1.77196,4.48083,292.884,-9999.0,21.64,99.1
201208260700,201208260730,-1.4456,0.0,333.2,2.28,21.48,1.35878,3.00141,1.97192,4.87566,418.326,-9999.0,21.58,91.1
201208260730,201208260800,-2.91253,0.0,438.6,8.193,24.4,1.53353,4.62429,2.27549,5.10903,539.401,-9999.0,21.53,73.2
201208260800,201208260830,-3.59409,0.0,538.0,11.705,26.51,1.66428,5.41986,2.50501,5.06855,654.037,-9999.0,21.48,66.22
201208260830,201208260900,-4.29566,0.0,623.4,13.194,27.89,1.75227,6.19682,2.65902,4.98881,760.273,-9999.0,21.44,64.88
201208260900,201208260930,-3.98207,0.0,698.8,19.823,29.78,1.87383,5.98628,2.87578,4.3236,856.29,-9999.0,21.42,52.7
201208260930,201208261000,-3.81206,0.0,755.0,22.381,30.75,1.93836,5.87,2.98844,4.08879,940.447,-9999.0,21.4,49.48
201208261000,201208261030,-2.36581,0.0,800.0,24.456,31.36,1.98028,4.45815,3.05933,3.89913,1011.3,-9999.0,21.4,46.68
201208261030,201208261100,-9999.0,1.0,814.0,26.057,31.8,2.01148,2.92733,3.11027,3.74736,1067.65,-9999.0,21.41,44.59
201208261100,201208261130,-9999.0,1.0,793.0,28.923,32.51,2.06038,2.2039,3.19412,3.47957,1108.51,-9999.0,21.43,40.91
201208261130,201208261200,-9999.0,1.0,870.0,30.021,33.11,2.10242,2.37643,3.2652,3.39535,1133.2,-9999.0,21.47,40.7
201208261200,201208261230,-9999.0,1.0,858.0,29.534,33.22,2.11258,1.86741,3.27671,3.4257,1141.29,-9999.0,21.53,42.02
201208261230,201208261300,-0.08235,0.0,836.0,32.587,33.68,2.14574,2.30784,3.33108,3.15935,1132.64,-9999.0,21.59,37.65
201208261300,201208261330,-9999.0,1.0,802.0,31.46,33.69,2.14941,2.22273,3.33035,3.23371,1107.41,-9999.0,21.65,39.84
201208261330,201208261400,-9999.0,1.0,754.0,27.738,32.89,2.09979,2.78555,3.23077,3.53125,1066.01,-9999.0,21.72,44.53
201208261400,201208261430,-3.66092,0.0,698.8,29.076,33.08,2.11523,5.85876,3.25195,3.38742,1009.17,-9999.0,21.8,42.47
201208261430,201208261500,-2.678,0.0,630.3,29.522,33.09,2.11884,4.87798,3.25125,3.31559,937.849,-9999.0,21.9,41.62
201208261500,201208261530,-9999.0,1.0,551.8,29.143,33.09,2.12179,1.88455,3.24933,3.3025,853.272,-9999.0,22.0,42.37
201208261530,201208261600,-9999.0,1.0,466.0,30.521,33.16,2.12937,1.40977,3.25592,3.13199,756.886,-9999.0,22.09,39.88
201208261600,201208261630,-9999.0,1.0,372.6,32.156,33.47,2.15287,0.417092,3.29172,2.92823,650.34,-9999.0,22.18,37.75
201208261630,201208261700,0.062009,0.0,273.0,28.569,32.81,2.11212,2.12912,3.20967,3.04493,535.458,-9999.0,22.25,42.61
201208261700,201208261730,-0.670023,0.0,178.2,26.077,32.11,2.06878,2.82462,3.12357,2.93991,414.203,-9999.0,22.3,45.51
201208261730,201208261800,1.80187,0.0,95.7,24.843,31.64,2.04064,0.328663,3.06564,2.47492,288.652,-9999.0,22.35,46.69
201208261800,201208261830,1.45565,0.0,32.49,20.317,30.0,1.93592,0.58696,2.87097,1.49442,160.953,-9999.0,22.39,52.13
201208261830,201208261900,1.94275,0.0,8.45,15.182,28.1,1.81546,-0.002307,2.65153,0.530822,36.8593,-9999.0,22.41,60.08
201208261900,201208261930,-9999.0,1.0,0.498,10.677,26.6,1.72199,-0.303162,2.48264,0.034819,0.0,-9999.0,22.44,69.35
201208261930,201208262000,-9999.0,1.0,0.33,8.108,25.19,1.63524,-0.170025,2.32778,0.02293,0.0,-9999.0,22.45,74.7
201208262000,201208262030,2.51503,0.0,0.33,6.334,24.66,1.60427,-0.757776,2.26977,0.022732,0.0,-9999.0,22.45,79.6
201208262030,201208262100,-9999.0,1.0,0.33,5.204,24.13,1.5734,0.01525,2.21237,0.022534,0.0,-9999.0,22.45,82.7
201208262100,201208262130,-9999.0,1.0,0.33,4.415,23.44,1.53273,0.01085,2.13898,0.022336,0.0,-9999.0,22.44,84.7
201208262130,201208262200,-9999.0,1.0,0.33,3.286,22.71,1.48982,0.025296,2.06256,0.022137,0.0,-9999.0,22.42,88.1
201208262200,201208262230,-9999.0,1.0,0.33,2.732,22.21,1.46122,0.080674,2.01053,0.021939,0.0,-9999.0,22.4,89.8
201208262230,201208262300,-9999.0,1.0,0.33,2.035,22.2,1.4626,0.088434,2.00832,0.021741,0.0,-9999.0,22.37,92.4
201208262300,201208262330,-9999.0,1.0,0.33,2.245,22.77,1.49963,0.096486,2.065,0.021543,0.0,-9999.0,22.35,91.9
201208262330,201208270000,3.3397,0.0,0.33,2.556,22.81,1.50415,-1.67424,2.06785,0.021345,0.0,-9999.0,22.31,90.8
201208270000,201208270030,-0.030044,0.0,0.33,2.481,22.68,1.49816,1.68964,2.05337,0.021147,0.0,-9999.0,22.28,91.0
201208270030,201208270100,1.75642,0.0,0.33,2.566,22.7,1.50143,-0.094551,2.05418,0.020949,0.0,-9999.0,22.25,90.7
201208270100,201208270130,0.78248,0.0,0.33,2.636,22.79,1.50904,0.88547,2.06211,0.02075,0.0,-9999.0,22.22,90.5
201208270130,201208270200,0.664743,0.0,0.329,2.522,22.77,1.50985,1.00331,2.05885,0.02049,0.0,-9999.0,22.19,90.9
201208270200,201208270230,1.38854,0.0,0.33,2.096,22.69,1.50692,0.276353,2.04948,0.020354,0.0,-9999.0,22.16,92.4
201208270230,201208270300,1.72892,0.0,0.33,1.886,23.03,1.53015,-0.044312,2.0829,0.020156,0.0,-9999.0,22.13,93.3
201208270300,201208270330,2.48548,0.0,0.329,1.852,23.23,1.54473,-0.788755,2.10213,0.019898,0.0,-9999.0,22.1,93.5
201208270330,201208270400,2.08199,0.0,0.329,1.891,23.07,1.53678,-0.392794,2.08449,0.0197,0.0,-9999.0,22.07,93.3
201208270400,201208270430,-0.740629,0.0,0.33,1.983,22.44,1.49947,2.39664,2.0193,0.019562,0.0,-9999.0,22.04,92.7
201208270430,201208270500,0.894944,0.0,0.33,1.969,21.88,1.46669,0.731722,1.96198,0.019363,0.0,-9999.0,22.02,92.5
201208270500,201208270530,2.27255,0.0,1.769,1.903,21.54,1.44762,-0.663238,1.92709,0.101031,0.0,-9999.0,21.99,92.6
201208270530,201208270600,-0.06019,0.0,14.16,1.459,21.76,1.46318,1.68263,1.94771,0.703743,39.1161,-9999.0,21.97,94.4
201208270600,201208270630,-9999.0,2.0,64.37,1.981,22.65,1.52069,-0.822777,2.03563,2.19989,164.119,-9999.0,21.94,92.8
201208270630,201208270700,-9999.0,2.0,189.2,3.549,23.71,1.58976,3.15747,2.14258,3.83607,291.941,-9999.0,21.91,87.9
201208270700,201208270730,-3.59486,0.0,297.4,6.737,25.37,1.69862,5.41914,2.3151,4.51832,417.466,-9999.0,21.88,79.2
201208270730,201208270800,-2.74923,0.0,349.3,10.595,27.12,1.81553,4.6717,2.5025,4.67465,538.547,-9999.0,21.86,70.5
201208270800,201208270830,2.3249,0.0,462.7,11.749,27.86,1.86705,-0.35998,2.58245,4.87917,653.111,-9999.0,21.83,68.67
201208270830,201208270900,-3.03263,0.0,546.8,14.026,28.88,1.93782,5.05567,2.69467,4.73867,759.199,-9999.0,21.82,64.75
201208270900,201208270930,-9999.0,1.0,522.8,23.571,29.533,1.98446,3.4466,2.76677,3.52455,854.995,-9999.0,21.81,-9999.0
201208270930,201208271000,-9999.0,1.0,620.3,25.947,30.816,2.07443,2.67696,2.91189,3.33668,938.861,-9999.0,21.81,-9999.0
201208271000,201208271030,-9999.0,1.0,529.4,23.806,29.684,1.99997,3.32392,2.78056,3.49125,1009.36,-9999.0,21.82,-9999.0
201208271030,201208271100,-9999.0,2.0,288.9,16.339,29.77,2.00847,4.41061,2.78864,3.79738,1065.29,-9999.0,21.84,60.99
201208271100,201208271130,-9999.0,1.0,685.7,16.58,30.02,2.02817,5.46245,2.8154,4.54894,1105.69,-9999.0,21.87,60.98
201208271130,201208271200,-9999.0,1.0,859.0,20.461,31.14,2.10771,3.08643,2.94225,4.12176,1129.87,-9999.0,21.9,54.83
201208271200,201208271230,0.375977,0.0,776.0,24.003,31.78,2.15474,1.81937,3.01476,3.61134,1137.41,-9999.0,21.94,48.9
201208271230,201208271300,0.398981,0.0,874.0,25.765,32.58,2.21321,1.84271,3.10661,3.43301,1128.19,-9999.0,21.98,47.57
201208271300,201208271330,0.871167,0.0,858.0,24.727,32.22,2.19101,1.35193,3.06248,3.54622,1102.37,-9999.0,22.02,48.65
201208271330,201208271400,0.742726,0.0,591.7,26.017,32.76,2.23162,1.51221,3.12403,3.24907,1060.38,-9999.0,22.07,47.59
201208271400,201208271430,-9999.0,2.0,355.2,17.53,28.89,1.9668,6.12419,2.67792,3.84479,1002.95,-9999.0,22.14,55.97
201208271430,201208271500,-9999.0,1.0,635.4,23.06,30.58,2.08556,2.29033,2.86727,3.60856,931.054,-9999.0,22.21,47.44
201208271500,201208271530,0.82906,0.0,554.7,25.979,31.51,2.15291,1.36014,2.9725,3.2023,845.927,-9999.0,22.28,43.84
201208271530,201208271600,1.10356,0.0,348.2,25.983,31.92,2.18416,1.10999,3.01825,2.95219,749.025,-9999.0,22.34,45.12
201208271600,201208271630,-9999.0,1.0,392.3,25.995,32.61,2.23524,2.06885,3.09695,3.0113,642.005,-9999.0,22.39,47.19
201208271630,201208271700,-9999.0,1.0,324.0,24.457,32.68,2.24287,2.07412,3.10327,3.02946,526.699,-9999.0,22.43,50.51
201208271700,201208271730,0.45267,0.0,179.1,24.002,31.79,2.18294,1.75748,2.99766,2.57997,405.079,-9999.0,22.47,48.93
201208271730,201208271800,0.828657,0.0,92.1,22.569,31.17,2.14209,1.34785,2.92433,1.98533,279.227,-9999.0,22.5,50.26
201208271800,201208271830,1.34869,0.0,32.75,18.364,29.74,2.04499,0.748458,2.75998,1.05969,151.295,-9999.0,22.52,56.08
201208271830,201208271900,2.06404,0.0,10.74,15.46,28.31,1.94871,-0.046293,2.59914,0.411555,29.7577,-9999.0,22.54,59.84
201208271900,201208271930,-9999.0,1.0,0.511,11.931,26.88,1.85337,-0.054861,2.44198,0.021053,0.0,-9999.0,22.56,66.31
201208271930,201208272000,-9999.0,1.0,0.33,9.341,25.45,1.75907,-0.155508,2.28865,0.013419,0.0,-9999.0,22.57,71.3
201208272000,201208272030,3.5941,0.0,0.33,7.424,24.32,1.68579,-1.79734,2.17004,0.013221,0.0,-9999.0,22.57,75.6
201208272030,201208272100,1.46122,0.0,0.33,6.922,23.85,1.65668,0.310261,2.12071,0.013023,0.0,-9999.0,22.56,76.6
201208272100,201208272130,0.70614,0.0,0.33,6.049,23.41,1.62963,1.04175,2.0749,0.012825,0.0,-9999.0,22.54,79.0
201208272130,201208272200,0.720137,0.0,0.33,6.897,23.58,1.64278,1.0383,2.09077,0.012627,0.0,-9999.0,22.52,76.3
201208272200,201208272230,1.19366,0.0,0.33,6.112,22.81,1.59408,0.522702,2.01235,0.012429,0.0,-9999.0,22.49,78.0
201208272230,201208272300,3.23664,0.0,0.33,5.833,22.42,1.57047,-1.54107,1.97252,0.012231,0.0,-9999.0,22.46,78.5
201208272300,201208272330,1.30655,0.0,0.33,5.336,21.74,1.52809,0.352056,1.90481,0.012032,0.0,-9999.0,22.43,79.5
201208272330,201208280000,2.18744,0.0,0.33,5.923,20.87,1.47381,-0.576297,1.82001,0.011834,0.0,-9999.0,22.39,76.0
201208280000,201208280030,-9999.0,1.0,0.201,11.67,19.08,1.3621,0.722452,1.65206,0.007091,0.0,-9999.0,21.83,47.17
201208280030,201208280100,-9999.0,1.0,0.299,9.371,17.21,1.24832,0.737395,1.48888,0.010612,0.0,-9999.0,21.78,52.29
201208280100,201208280130,-9999.0,1.0,0.277,8.253,16.28,1.19367,0.758365,1.41212,0.009895,0.0,-9999.0,21.73,55.43
201208280130,201208280200,0.36697,0.0,0.123,9.534,17.08,1.24336,1.03899,1.48443,0.004425,0.0,-9999.0,21.68,51.06
201208280200,201208280230,-9999.0,1.0,0.0,10.675,17.95,1.29815,0.586615,1.56484,0.0,0.0,-9999.0,21.62,48.13
201208280230,201208280300,-9999.0,1.0,0.0,10.01,17.47,1.27012,0.749657,1.52566,0.0,0.0,-9999.0,21.56,49.87
201208280300,201208280330,0.394762,0.0,0.0,9.981,17.28,1.25997,1.02459,1.51234,0.0,0.0,-9999.0,21.5,49.41
201208280330,201208280400,0.891657,0.0,0.003,8.897,16.52,1.21519,0.487065,1.44921,0.000111,0.0,-9999.0,21.43,52.68
201208280400,201208280430,0.076618,0.0,0.013,8.164,15.84,1.1757,1.26599,1.39399,0.000483,0.0,-9999.0,21.37,54.65
201208280430,201208280500,0.344789,0.0,0.0,9.689,16.98,1.24603,1.06063,1.49618,0.0,0.0,-9999.0,21.31,49.95
201208280500,201208280530,1.05503,0.0,1.74,10.304,17.44,1.27574,0.376402,1.54052,0.064823,0.0,-9999.0,21.25,48.3
201208280530,201208280600,0.761813,0.0,30.86,10.056,17.32,1.26983,0.663869,1.53327,1.01253,34.8683,-9999.0,21.19,49.16
201208280600,201208280630,-1.33075,0.0,81.2,9.815,17.27,1.26823,2.75452,1.53227,2.20554,158.698,-9999.0,21.12,50.22
201208280630,201208280700,-2.90906,0.0,253.8,12.199,19.26,1.39449,4.44357,1.71899,4.07527,286.716,-9999.0,21.06,45.39
201208280700,201208280730,-3.31994,0.0,363.7,14.926,21.41,1.53534,4.97554,1.93152,4.31338,412.432,-9999.0,21.01,41.49
201208280730,201208280800,-4.476,0.0,465.6,17.441,23.4,1.66971,6.24488,2.13839,4.26479,533.698,-9999.0,20.96,39.42
201208280800,201208280830,-3.18495,0.0,560.7,19.688,25.34,1.80404,5.06511,2.34892,4.11175,648.437,-9999.0,20.91,39.11
201208280830,201208280900,-1.68409,0.0,646.3,20.838,26.64,1.89645,3.63955,2.49646,4.05306,754.687,-9999.0,20.87,40.32
201208280900,201208280930,-2.18683,0.0,721.0,21.543,27.51,1.95979,4.19321,2.59924,4.02527,850.63,-9999.0,20.84,41.37
201208280930,201208281000,-1.39832,0.0,784.0,22.129,28.29,2.01733,3.45058,2.69355,3.99315,934.623,-9999.0,20.82,42.45
201208281000,201208281030,-9999.0,1.0,835.0,24.754,29.32,2.09329,3.68689,2.81833,3.63613,1005.23,-9999.0,20.82,39.35
201208281030,201208281100,-9999.0,1.0,857.0,27.069,30.22,2.1606,2.27792,2.9301,3.33,1061.24,-9999.0,20.83,37.02
201208281100,201208281130,1.12942,0.0,884.0,30.053,31.11,2.22775,1.08857,3.04249,2.96248,1101.7,-9999.0,20.86,33.54
201208281130,201208281200,0.375205,0.0,892.0,33.068,31.76,2.27785,1.88148,3.12753,2.62177,1125.92,-9999.0,20.9,29.52
201208281200,201208281230,-0.274952,0.0,810.0,27.415,31.39,2.25336,2.51163,3.08968,3.29686,1133.48,-9999.0,20.96,40.33
201208281230,201208281300,-0.805811,0.0,762.0,23.699,30.36,2.18075,2.98442,2.97279,3.81658,1124.24,-9999.0,21.02,45.3
201208281300,201208281330,-0.806263,0.0,823.0,25.158,30.87,2.22047,3.01554,3.04049,3.6435,1098.38,-9999.0,21.09,43.6
201208281330,201208281400,0.56968,0.0,780.0,25.598,31.1,2.23986,1.65414,3.07495,3.56984,1056.33,-9999.0,21.16,43.36
201208281400,201208281430,-9999.0,1.0,709.0,26.598,31.5,2.27182,4.82992,3.13032,3.40282,998.808,-9999.0,21.24,42.47
201208281430,201208281500,-9999.0,1.0,635.8,25.713,31.31,2.26043,2.56276,3.11398,3.48916,926.804,-9999.0,21.34,43.78
201208281500,201208281530,-1.19262,0.0,553.7,24.117,30.73,2.22038,3.3989,3.0502,3.65176,841.548,-9999.0,21.44,45.5
201208281530,201208281600,-1.10161,0.0,462.8,23.421,30.46,2.2031,3.29354,3.0241,3.64737,744.497,-9999.0,21.53,46.25
201208281600,201208281630,-1.40906,0.0,366.0,23.828,30.68,2.22178,3.61498,3.05738,3.43754,637.314,-9999.0,21.61,46.0
201208281630,201208281700,0.27519,0.0,265.7,23.226,30.48,2.2096,1.92042,3.03966,3.24665,521.832,-9999.0,21.68,46.76
201208281700,201208281730,0.61759,0.0,171.4,21.494,29.83,2.16441,1.54163,2.9674,2.95369,400.026,-9999.0,21.74,48.86
201208281730,201208281800,0.819142,0.0,84.1,19.619,29.09,2.11278,1.29845,2.88476,2.16906,273.981,-9999.0,21.78,51.29
201208281800,201208281830,2.75684,0.0,23.29,16.318,27.9,2.02876,-0.706965,2.74953,0.871229,145.854,-9999.0,21.82,56.59
201208281830,201208281900,2.18253,0.0,5.838,11.502,25.9,1.88767,-0.247158,2.5232,0.246961,26.0627,-9999.0,21.85,65.59
201208281900,201208281930,3.41033,0.0,0.355,9.393,24.44,1.78676,-1.55806,2.36373,0.015558,0.0,-9999.0,21.87,69.35
201208281930,201208282000,2.10403,0.0,0.33,9.105,23.61,1.73084,-0.298453,2.27682,0.014538,0.0,-9999.0,21.88,68.77
201208282000,201208282030,-9999.0,1.0,0.33,7.534,22.58,1.66158,-0.135265,2.16939,0.014613,0.0,-9999.0,21.88,72.5
201208282030,201208282100,-9999.0,1.0,0.33,5.863,21.47,1.58763,0.226308,2.05538,0.014687,0.0,-9999.0,21.88,77.1
201208282100,201208282130,-9999.0,1.0,0.33,4.948,20.83,1.54614,0.262518,1.99249,0.014762,0.0,-9999.0,21.86,79.9
201208282130,201208282200,-9999.0,1.0,0.33,4.205,20.07,1.49692,0.282128,1.91792,0.014836,0.0,-9999.0,21.84,82.1
201208282200,201208282230,-9999.0,1.0,0.33,3.371,19.04,1.43034,-0.287101,1.81719,0.014911,0.0,-9999.0,21.81,84.7
201208282230,201208282300,-9999.0,1.0,0.33,2.519,18.53,1.3985,-0.417873,1.77,0.014985,0.0,-9999.0,21.78,88.2
201208282300,201208282330,-9999.0,1.0,0.33,2.132,18.04,1.36815,-0.434405,1.72521,0.015059,0.0,-9999.0,21.75,89.7
201208282330,201208290000,-9999.0,1.0,0.33,1.785,17.54,1.33734,-0.527754,1.67986,0.015134,0.0,-9999.0,21.7,91.1
201208290000,201208290030,-9999.0,1.0,0.33,1.579,17.29,1.32275,-0.426451,1.65908,0.015208,0.0,-9999.0,21.66,92.0
201208290030,201208290100,-9999.0,1.0,0.33,1.475,16.81,1.29349,-0.447865,1.61626,0.015283,0.0,-9999.0,21.62,92.3
201208290100,201208290130,-9999.0,1.0,0.33,1.353,16.73,1.28983,-0.45322,1.61196,0.015357,0.0,-9999.0,21.57,92.9
201208290130,201208290200,-9999.0,1.0,0.33,1.201,16.49,1.27598,-0.529839,1.59235,0.015431,0.0,-9999.0,21.52,93.6
201208290200,201208290230,-9999.0,1.0,0.33,0.994,15.9,1.24007,-0.640079,1.53974,0.015506,0.0,-9999.0,21.46,94.5
201208290230,201208290300,-9999.0,1.0,0.33,1.05,15.93,1.24334,-0.730158,1.54577,0.01558,0.0,-9999.0,21.41,94.2
201208290300,201208290330,-9999.0,1.0,0.33,0.994,15.34,1.20769,-0.753397,1.49371,0.015655,0.0,-9999.0,21.35,94.3
201208290330,201208290400,-9999.0,1.0,0.33,1.717,14.95,1.18475,-0.7839,1.46072,0.015729,0.0,-9999.0,21.3,89.9
201208290400,201208290430,-9999.0,1.0,0.316,2.335,14.76,1.17429,-0.683623,1.44628,0.015134,0.0,-9999.0,21.24,86.1
201208290430,201208290500,-9999.0,1.0,0.329,1.74,14.7,1.17187,-0.421765,1.44375,0.01583,0.0,-9999.0,21.18,89.6
201208290500,201208290530,-9999.0,1.0,1.7,1.656,14.39,1.15403,-0.454702,1.41838,0.081578,0.0,-9999.0,21.12,89.9
201208290530,201208290600,-9999.0,1.0,27.16,2.156,14.68,1.17323,-0.240886,1.44784,1.15263,30.8276,-9999.0,21.06,87.1
201208290600,201208290630,-9999.0,1.0,94.0,2.719,15.04,1.19694,2.25007,1.48416,3.04893,153.228,-9999.0,21.0,84.1
201208290630,201208290700,-9999.0,2.0,235.7,4.263,16.57,1.29536,4.50977,1.63327,5.09538,281.437,-9999.0,20.94,77.4
201208290700,201208290730,-9999.0,1.0,347.9,6.611,19.42,1.48485,4.11904,1.92605,5.96217,407.343,-9999.0,20.88,70.7
201208290730,201208290800,-1.2711,0.0,451.2,10.094,22.74,1.71602,3.05086,2.29374,6.48164,528.791,-9999.0,20.82,63.51
201208290800,201208290830,-9999.0,1.0,549.4,13.876,25.33,1.9038,6.1582,2.60067,5.99829,643.702,-9999.0,20.77,57.06
201208290830,201208290900,-9999.0,1.0,637.3,18.644,27.18,2.04192,4.83628,2.83117,5.17412,750.112,-9999.0,20.73,48.27
201208290900,201208290930,-9999.0,1.0,713.0,26.481,29.05,2.18413,4.42111,3.07208,3.84326,846.198,-9999.0,20.69,34.1
201208290930,201208291000,-9999.0,1.0,778.0,30.897,30.41,2.28975,1.80163,3.25387,3.22728,930.318,-9999.0,20.68,28.89
201208291000,201208291030,-9999.0,1.0,827.0,33.889,31.44,2.37121,3.08539,3.39592,2.85865,1001.03,-9999.0,20.67,26.45
201208291030,201208291100,-0.291839,0.0,856.0,34.859,31.85,2.40541,2.6138,3.4573,2.75419,1057.13,-9999.0,20.68,26.08
201208291100,201208291130,0.757205,0.0,878.0,37.134,32.69,2.47314,1.61572,3.57715,2.5035,1097.65,-9999.0,20.7,24.9
201208291130,201208291200,1.17038,0.0,887.0,39.678,33.51,2.53977,1.25236,3.6959,2.24467,1121.9,-9999.0,20.75,23.36
201208291200,201208291230,0.264235,0.0,867.0,39.394,33.3,2.52612,2.14744,3.67454,2.27602,1129.47,-9999.0,20.8,23.01
201208291230,201208291300,0.774301,0.0,855.0,40.897,33.95,2.57981,1.67719,3.77123,2.13322,1120.22,-9999.0,20.87,22.92
201208291300,201208291330,3.28591,0.0,825.0,40.315,33.96,2.5834,-0.832451,3.78011,2.19032,1094.32,-9999.0,20.93,24.06
201208291330,201208291400,0.547818,0.0,776.0,39.89,33.77,2.57127,1.89576,3.76132,2.22996,1052.21,-9999.0,21.0,24.06
201208291400,201208291430,1.47123,0.0,714.0,39.06,33.59,2.55991,0.963055,3.74386,2.30716,994.599,-9999.0,21.09,24.89
201208291430,201208291500,3.44079,0.0,621.9,37.975,33.52,2.55718,-1.00929,3.74157,2.4022,922.487,-9999.0,21.19,26.69
201208291500,201208291530,0.441515,0.0,525.4,36.445,33.1,2.52691,1.96642,3.69085,2.53606,837.102,-9999.0,21.29,27.97
201208291530,201208291600,-9999.0,2.0,433.4,34.38,32.54,2.48568,1.28345,3.62096,2.717,739.906,-9999.0,21.38,29.88
201208291600,201208291630,-9999.0,2.0,358.7,32.508,32.06,2.45076,0.718382,3.56223,2.86554,632.562,-9999.0,21.46,31.88
201208291630,201208291700,2.20074,0.0,274.7,34.002,32.43,2.48242,0.171394,3.62004,2.59474,516.906,-9999.0,21.53,30.22
201208291700,201208291730,1.05619,0.0,168.1,31.806,31.63,2.42238,1.26966,3.51734,2.5228,394.918,-9999.0,21.6,31.71
201208291730,201208291800,1.57266,0.0,82.1,29.16,31.03,2.37812,0.718748,3.44246,2.09483,268.684,-9999.0,21.64,35.22
201208291800,201208291830,3.35709,0.0,22.86,24.562,29.72,2.27892,-1.14246,3.27264,0.99162,140.365,-9999.0,21.68,41.19
201208291830,201208291900,3.43515,0.0,3.657,19.339,27.73,2.12855,-1.33781,3.0167,0.193308,22.5796,-9999.0,21.72,48.04
201208291900,201208291930,1.41941,0.0,0.33,14.631,26.13,2.00971,0.583948,2.81717,0.018028,0.0,-9999.0,21.74,56.82
201208291930,201208292000,2.32262,0.0,0.33,10.561,25.04,1.93033,-0.382838,2.68562,0.01811,0.0,-9999.0,21.76,66.75
201208292000,201208292030,-9999.0,1.0,0.33,8.558,24.1,1.86273,-0.195775,2.5746,0.018185,0.0,-9999.0,21.77,71.5
201208292030,201208292100,-9999.0,1.0,0.33,6.364,23.18,1.79717,0.143628,2.46761,0.018259,0.0,-9999.0,21.77,77.6
201208292100,201208292130,2.37893,0.0,0.33,5.148,22.66,1.76119,-0.576758,2.40986,0.018334,0.0,-9999.0,21.76,81.3
201208292130,201208292200,2.34869,0.0,0.33,4.388,22.19,1.72898,-0.573217,2.35846,0.018408,0.0,-9999.0,21.75,83.6
201208292200,201208292230,1.61792,0.0,0.33,3.814,21.91,1.71059,0.142051,2.32981,0.018483,0.0,-9999.0,21.74,85.5
201208292230,201208292300,-9999.0,1.0,0.33,3.218,21.3,1.66853,0.181172,2.26253,0.018557,0.0,-9999.0,21.72,87.3
201208292300,201208292330,-9999.0,1.0,0.33,2.703,20.8,1.63457,-0.173053,2.20864,0.018631,0.0,-9999.0,21.7,89.0
201208292330,201208300000,-9999.0,1.0,0.33,2.074,20.12,1.58803,-0.524963,2.13459,0.018706,0.0,-9999.0,21.68,91.2
201208300000,201208300030,-9999.0,1.0,0.33,1.625,19.88,1.57278,-0.706759,2.11128,0.01878,0.0,-9999.0,21.65,93.0
201208300030,201208300100,-9999.0,1.0,0.33,1.722,19.92,1.57727,-0.717258,2.11257,0.018864,0.0,-9999.0,21.62,92.6
201208300100,201208300130,-9999.0,1.0,0.33,1.914,19.58,1.55497,-0.794283,2.07063,0.018947,0.0,-9999.0,21.59,91.6
201208300130,201208300200,-9999.0,1.0,0.33,1.717,18.82,1.50342,-0.894826,1.98191,0.01903,0.0,-9999.0,21.55,92.1
201208300200,201208300230,-9999.0,1.0,0.33,1.477,18.35,1.47239,-0.911507,1.92643,0.019114,0.0,-9999.0,21.52,93.0
201208300230,201208300300,-9999.0,1.0,0.33,1.361,17.98,1.4484,-0.947816,1.88236,0.019197,0.0,-9999.0,21.48,93.4
201208300300,201208300330,-9999.0,1.0,0.33,1.205,17.83,1.43961,-0.95566,1.86248,0.019281,0.0,-9999.0,21.44,94.1
201208300330,201208300400,-9999.0,1.0,0.33,1.156,17.44,1.41439,-0.881302,1.81669,0.019364,0.0,-9999.0,21.4,94.2
201208300400,201208300430,-9999.0,1.0,0.33,1.1,17.5,1.41999,-0.975218,1.81958,0.019448,0.0,-9999.0,21.36,94.5
201208300430,201208300500,-9999.0,1.0,0.33,1.328,17.12,1.39551,-0.887068,1.77515,0.019531,0.0,-9999.0,21.32,93.2
201208300500,201208300530,-9999.0,1.0,1.256,1.254,16.92,1.38336,-0.816265,1.75019,0.074247,0.0,-9999.0,21.27,93.5
201208300530,201208300600,-9999.0,1.0,22.27,1.464,17.32,1.41212,-0.792131,1.7894,1.17632,29.8445,-9999.0,21.23,92.6
201208300600,201208300630,-9999.0,1.0,74.0,2.001,17.99,1.45981,1.00296,1.85875,3.08593,152.003,-9999.0,21.18,90.3
201208300630,201208300700,-9999.0,1.0,222.2,3.974,19.71,1.58235,6.69589,2.04913,5.77021,280.36,-9999.0,21.13,82.7
201208300700,201208300730,-0.153784,0.0,332.4,7.325,21.88,1.74122,1.92957,2.30376,6.74745,406.337,-9999.0,21.08,72.1
201208300730,201208300800,-9999.0,1.0,435.2,12.789,24.86,1.96627,6.20865,2.67838,6.65949,527.778,-9999.0,21.04,59.3
201208300800,201208300830,-9999.0,1.0,530.0,14.8,26.44,2.08977,5.76167,2.88714,6.47415,642.607,-9999.0,20.99,57.11
201208300830,201208300900,-5.6479,0.0,617.5,15.573,27.37,2.16438,7.75623,3.01324,6.47138,748.857,-9999.0,20.96,57.27
201208300900,201208300930,-9999.0,1.0,692.9,18.67,28.48,2.25396,4.82225,3.16788,5.8188,844.711,-9999.0,20.94,51.98
201208300930,201208301000,7.32066,0.0,747.0,21.317,29.3,2.3214,-5.09318,3.28472,5.26355,928.529,-9999.0,20.93,47.71
201208301000,201208301030,-9999.0,1.0,808.0,25.056,30.5,2.41992,3.58964,3.46016,4.52275,998.877,-9999.0,20.93,42.63
201208301030,201208301100,-9999.0,1.0,847.0,28.266,31.54,2.50647,2.6711,3.61625,3.94598,1054.55,-9999.0,20.94,39.0
201208301100,201208301130,-9999.0,1.0,856.0,31.497,32.46,2.58398,2.50058,3.75767,3.42088,1094.6,-9999.0,20.97,35.47
201208301130,201208301200,-9999.0,1.0,875.0,34.4,33.25,2.65138,2.2971,3.88187,3.00615,1118.33,-9999.0,21.01,32.58
201208301200,201208301230,-9999.0,1.0,868.0,33.887,33.08,2.64016,2.42622,3.85686,3.07499,1125.35,-9999.0,21.07,32.95
201208301230,201208301300,-9999.0,1.0,841.0,33.811,33.04,2.63961,2.4674,3.85215,3.07968,1115.53,-9999.0,21.13,32.95
201208301300,201208301330,-9999.0,1.0,805.0,31.657,32.63,2.60865,3.08417,3.78921,3.38319,1089.04,-9999.0,21.19,35.76
201208301330,201208301400,1.14039,0.0,759.0,31.611,32.27,2.5818,1.27768,3.73407,3.37648,1046.33,-9999.0,21.26,34.54
201208301400,201208301430,0.0571146,0.0,694.7,31.334,32.47,2.60089,2.37446,3.76663,3.39604,988.142,-9999.0,21.34,35.84
201208301430,201208301500,0.962533,0.0,618.4,29.323,32.14,2.57646,1.45025,3.71586,3.67344,915.459,-9999.0,21.43,38.83
201208301500,201208301530,0.5294,0.0,539.1,28.923,31.77,2.54874,1.86214,3.65876,3.68689,829.529,-9999.0,21.52,38.39
201208301530,201208301600,-0.635001,0.0,445.1,27.731,31.66,2.54234,3.02113,3.64234,3.79036,731.823,-9999.0,21.6,40.56
201208301600,201208301630,0.859975,0.0,344.1,27.754,31.74,2.55152,1.53234,3.65573,3.64541,624.013,-9999.0,21.67,40.78
201208301630,201208301700,-0.590322,0.0,256.5,26.09,31.03,2.49591,2.94057,3.545,3.67682,507.942,-9999.0,21.74,42.04
201208301700,201208301730,0.184739,0.0,140.0,23.835,30.26,2.43558,2.11972,3.42577,3.3328,385.598,-9999.0,21.79,44.67
201208301730,201208301800,-0.185715,0.0,63.24,19.623,28.91,2.32853,2.40891,3.21975,2.5193,259.073,-9999.0,21.83,50.77
201208301800,201208301830,0.916668,0.0,29.04,15.473,27.81,2.24244,1.24052,3.05506,1.53971,130.533,-9999.0,21.87,58.62
201208301830,201208301900,2.53944,0.0,4.33,10.469,26.31,2.12531,-0.47264,2.83603,0.279393,17.035,-9999.0,21.89,69.43
201208301900,201208301930,3.31832,0.0,0.33,6.255,25.12,2.03385,-1.32289,2.66649,0.02195,0.0,-9999.0,21.91,80.4
201208301930,201208302000,-9999.0,1.0,0.33,4.043,24.18,1.9627,0.290124,2.53504,0.022033,0.0,-9999.0,21.92,86.6
201208302000,201208302030,-9999.0,1.0,0.33,3.036,23.47,1.90983,0.299101,2.43687,0.022117,0.0,-9999.0,21.93,89.5
201208302030,201208302100,-9999.0,1.0,0.33,2.503,23.01,1.87642,0.267225,2.37311,0.0222,0.0,-9999.0,21.92,91.1
201208302100,201208302130,-9999.0,1.0,0.33,1.888,22.8,1.86224,0.219827,2.34274,0.022283,0.0,-9999.0,21.92,93.2
201208302130,201208302200,-9999.0,1.0,0.33,1.79,22.17,1.81606,0.245203,2.25763,0.022367,0.0,-9999.0,21.9,93.3
201208302200,201208302230,-9999.0,1.0,0.33,1.451,21.66,1.77922,0.070113,2.18907,0.02245,0.0,-9999.0,21.89,94.4
201208302230,201208302300,-9999.0,1.0,0.33,1.264,21.26,1.75084,-0.138446,2.13519,0.022534,0.0,-9999.0,21.87,95.0
201208302300,201208302330,-9999.0,1.0,0.33,1.1,20.72,1.71207,-0.496976,2.06428,0.022617,0.0,-9999.0,21.85,95.5
201208302330,201208310000,-9999.0,1.0,0.33,0.948,20.21,1.67575,-0.613917,1.998,0.022701,0.0,-9999.0,21.82,96.0
201208310000,201208310030,-9999.0,1.0,0.33,0.683,20.1,1.66926,-0.849444,1.98128,0.022784,0.0,-9999.0,21.8,97.1
201208310030,201208310100,-9999.0,1.0,0.33,0.581,19.9,1.65609,-0.754478,1.95359,0.022867,0.0,-9999.0,21.77,97.5
201208310100,201208310130,-9999.0,1.0,0.33,0.532,19.82,1.65183,-0.79529,1.94057,0.022951,0.0,-9999.0,21.73,97.7
201208310130,201208310200,-9999.0,1.0,0.33,0.482,19.68,1.64311,-0.933967,1.92027,0.023034,0.0,-9999.0,21.7,97.9
201208310200,201208310230,-9999.0,1.0,0.33,0.384,19.45,1.62774,-0.903188,1.88914,0.023118,0.0,-9999.0,21.66,98.3
201208310230,201208310300,-9999.0,1.0,0.33,0.398,19.11,1.60429,-0.946087,1.84501,0.023201,0.0,-9999.0,21.62,98.2
201208310300,201208310330,-9999.0,1.0,0.33,0.287,19.08,1.60369,-0.902779,1.83804,0.023284,0.0,-9999.0,21.59,98.7
201208310330,201208310400,-9999.0,1.0,0.33,0.418,19.0,1.59941,-0.904009,1.82511,0.023368,0.0,-9999.0,21.55,98.1
201208310400,201208310430,-9999.0,1.0,0.33,0.683,18.54,1.56723,-0.995932,1.76733,0.023451,0.0,-9999.0,21.51,96.8
201208310430,201208310500,-9999.0,1.0,0.33,0.586,18.22,1.54542,-0.892412,1.72653,0.023535,0.0,-9999.0,21.47,97.2
201208310500,201208310530,-9999.0,1.0,0.917,0.626,18.16,1.54259,-0.844138,1.71607,0.065361,0.0,-9999.0,21.43,97.0
201208310530,201208310600,-9999.0,1.0,12.17,0.596,17.94,1.52811,-0.85986,1.68716,0.80715,26.0869,-9999.0,21.39,97.1
201208310600,201208310630,-9999.0,1.0,55.69,0.333,19.14,1.6178,-0.127477,1.82492,2.89317,146.443,-9999.0,21.34,98.5
201208310630,201208310700,-9999.0,1.0,135.5,0.985,20.83,1.74643,4.42993,2.03154,5.03927,274.986,-9999.0,21.3,96.0
201208310700,201208310730,-9999.0,1.0,177.6,2.643,22.32,1.86273,6.12875,2.22429,5.75212,401.145,-9999.0,21.26,90.2
201208310730,201208310800,-9999.0,2.0,336.5,5.265,24.52,2.03777,7.90635,2.52898,7.30857,522.762,-9999.0,21.23,82.9
201208310800,201208310830,-9999.0,1.0,341.5,7.918,26.18,2.17339,5.2611,2.77315,7.35172,637.757,-9999.0,21.19,76.7
201208310830,201208310900,-5.58337,0.0,423.8,9.431,26.9,2.23423,7.71813,2.8823,7.81184,744.161,-9999.0,21.16,73.4
201208310900,201208310930,-6.15243,0.0,632.7,11.257,27.71,2.303,8.33857,3.00851,8.11163,840.154,-9999.0,21.15,69.72
201208310930,201208311000,-3.8214,0.0,393.2,11.292,27.98,2.32759,6.02548,3.05071,7.32711,924.093,-9999.0,21.14,70.1
201208311000,201208311030,-1.37328,0.0,284.4,6.032,25.48,2.1252,3.42347,2.66028,6.98309,994.543,-9999.0,21.15,81.5
201208311030,201208311100,-5.71063,0.0,731.0,12.548,27.57,2.29828,7.89157,2.9829,7.89305,1050.3,-9999.0,21.17,65.97
201208311100,201208311130,-2.46655,0.0,493.5,16.206,28.61,2.38692,4.71336,3.15081,6.37068,1090.4,-9999.0,21.19,58.63
201208311130,201208311200,-4.50239,0.0,569.3,15.391,28.31,2.36427,6.73172,3.10075,6.7544,1114.17,-9999.0,21.22,60.02
201208311200,201208311230,-2.90393,0.0,768.0,17.263,28.33,2.36827,5.1357,3.10323,6.49814,1121.2,-9999.0,21.25,55.21
201208311230,201208311300,-2.8502,0.0,825.0,21.648,29.07,2.43255,5.1293,3.22562,5.38503,1111.37,-9999.0,21.28,46.19
201208311300,201208311330,-4.03783,0.0,783.0,22.593,29.47,2.46862,6.34311,3.29292,5.13825,1084.84,-9999.0,21.32,45.12
201208311330,201208311400,-3.58533,0.0,746.0,20.458,29.01,2.4323,5.86311,3.21453,5.63328,1042.07,-9999.0,21.35,48.97
201208311400,201208311430,-1.05204,0.0,636.7,19.672,28.72,2.41031,3.31292,3.16515,5.73532,983.792,-9999.0,21.4,50.1
201208311430,201208311500,-9999.0,1.0,634.0,18.559,28.31,2.37827,4.44921,3.09588,6.02176,911.004,-9999.0,21.45,51.79
201208311500,201208311530,-9999.0,1.0,440.7,17.853,27.84,2.34127,4.70892,3.01715,5.88102,824.95,-9999.0,21.5,52.34
201208311530,201208311600,-5.58511,0.0,423.9,18.169,27.76,2.33688,7.78957,3.00295,5.77072,727.103,-9999.0,21.56,51.27
201208311600,201208311630,-3.06927,0.0,396.4,19.429,28.13,2.37016,5.29804,3.06333,5.42005,619.136,-9999.0,21.6,49.0
201208311630,201208311700,-5.55537,0.0,272.2,18.408,27.64,2.33142,7.75466,2.98104,5.21467,502.898,-9999.0,21.64,50.28
201208311700,201208311730,-3.02897,0.0,164.4,17.41,27.09,2.28777,5.19502,2.88971,4.6369,380.376,-9999.0,21.67,51.44
201208311730,201208311800,-9999.0,1.0,82.8,14.272,26.39,2.23183,2.05118,2.77539,3.67153,253.669,-9999.0,21.69,58.52
201208311800,201208311830,-9999.0,1.0,35.67,12.227,25.45,2.15641,-1.33996,2.62549,2.15426,124.942,-9999.0,21.71,62.43
201208311830,201208311900,-9999.0,1.0,6.129,10.757,24.28,2.06287,-0.946139,2.44468,0.459789,14.2221,-9999.0,21.71,64.56
201208311900,201208311930,-9999.0,1.0,0.33,9.398,23.28,1.98402,-0.827205,2.29465,0.025953,0.0,-9999.0,21.71,67.12
201208311930,201208312000,1.40728,0.0,0.33,7.845,22.6,1.93144,0.484362,2.19435,0.026037,0.0,-9999.0,21.71,71.4
201208312000,201208312030,2.38931,0.0,0.33,7.375,22.23,1.90382,-0.519601,2.13934,0.02612,0.0,-9999.0,21.69,72.5
201208312030,201208312100,1.29348,0.0,0.33,6.656,21.53,1.85018,0.533896,2.03938,0.026204,0.0,-9999.0,21.68,74.1
201208312100,201208312130,0.676603,0.0,0.33,7.109,21.39,1.84093,1.14308,2.01727,0.026287,0.0,-9999.0,21.66,72.1
201208312130,201208312200,1.12465,0.0,0.329,7.45,21.19,1.82695,0.683639,1.98705,0.026291,0.0,-9999.0,21.63,70.4
201208312200,201208312230,1.00276,0.0,0.329,7.183,20.93,1.80827,0.790422,1.94889,0.026374,0.0,-9999.0,21.6,71.0
201208312230,201208312300,2.31317,0.0,0.33,6.393,20.38,1.76696,-0.55297,1.87256,0.026537,0.0,-9999.0,21.57,73.3
201208312300,201208312330,1.63078,0.0,0.33,5.521,19.8,1.72357,0.094649,1.79378,0.026621,0.0,-9999.0,21.53,76.1
201208312330,201209010000,1.28405,0.0,0.33,5.279,19.01,1.66436,0.393814,1.6903,0.026704,0.0,-9999.0,21.49,76.0
201209010000,201209010030,0.742988,0.0,0.33,4.688,18.36,1.61638,0.896018,1.60689,0.026788,0.0,-9999.0,21.45,77.8
201209010030,201209010100,1.50862,0.0,0.33,4.477,17.99,1.59467,0.114003,1.58072,0.02681,0.0,-9999.0,21.41,78.3
201209010100,201209010130,1.5601,0.0,0.327,4.17,17.92,1.59565,0.064399,1.59055,0.02659,0.0,-9999.0,21.37,79.7
201209010130,201209010200,1.27898,0.0,0.322,4.078,17.88,1.59887,0.34921,1.60391,0.026207,0.0,-9999.0,21.32,80.1
201209010200,201209010230,1.48145,0.0,0.329,3.644,17.6,1.58376,0.135605,1.5876,0.026798,0.0,-9999.0,21.28,81.9
201209010230,201209010300,-1.20845,0.0,0.279,5.137,18.71,1.67557,2.90052,1.74636,0.022753,0.0,-9999.0,21.23,76.2
201209010300,201209010330,0.13226,0.0,0.068,6.527,19.66,1.75684,1.62573,1.89317,0.005559,0.0,-9999.0,21.18,71.5
201209010330,201209010400,1.8205,0.0,0.119,6.035,19.21,1.72796,-0.084321,1.85217,0.009733,0.0,-9999.0,21.13,72.9
201209010400,201209010430,0.508778,0.0,0.23,5.092,18.5,1.67859,1.18908,1.7763,0.018812,0.0,-9999.0,21.09,76.1
201209010430,201209010500,-9999.0,1.0,0.302,4.46,17.93,1.64034,-0.777452,1.71973,0.024709,0.0,-9999.0,21.04,78.3
201209010500,201209010530,-9999.0,1.0,0.498,3.666,17.18,1.58821,-0.649663,1.64044,0.04072,0.0,-9999.0,21.0,81.3
201209010530,201209010600,-9999.0,1.0,8.46,3.353,16.82,1.56638,-0.638256,1.61162,0.653788,22.5461,-9999.0,20.96,82.5
201209010600,201209010630,-9999.0,1.0,42.23,3.527,16.91,1.57931,-0.507111,1.64003,2.6446,140.838,-9999.0,20.92,81.7
201209010630,201209010700,-9999.0,1.0,95.8,4.795,17.88,1.66148,1.43136,1.78604,4.61834,269.563,-9999.0,20.87,76.6
201209010700,201209010730,-9999.0,1.0,196.6,7.089,19.45,1.79411,6.39479,2.02746,6.62318,395.901,-9999.0,20.83,68.64
201209010730,201209010800,-3.06893,0.0,223.3,9.692,20.95,1.92483,4.97007,2.27747,6.9828,517.69,-9999.0,20.78,60.92
201209010800,201209010830,-4.06211,0.0,185.8,10.668,21.37,1.96734,5.99771,2.36745,6.3669,632.848,-9999.0,20.75,58.08
201209010830,201209010900,-4.78902,0.0,220.9,11.773,21.95,2.02394,6.76991,2.48647,6.58319,739.403,-9999.0,20.71,55.35
201209010900,201209010930,-4.05729,0.0,273.6,13.273,22.41,2.07093,6.07585,2.58878,6.70562,835.532,-9999.0,20.69,51.05
201209010930,201209011000,-4.86609,0.0,377.3,15.259,23.32,2.15764,6.95271,2.77376,6.73312,919.59,-9999.0,20.67,46.74
201209011000,201209011030,-5.75767,0.0,544.5,16.473,24.1,2.23427,7.9042,2.94279,6.83525,990.14,-9999.0,20.65,45.14
201209011030,201209011100,-5.68797,0.0,388.4,16.394,24.09,2.24159,7.84143,2.96844,6.47699,1045.97,-9999.0,20.65,45.37
201209011100,201209011130,-4.62147,0.0,464.1,15.591,23.96,2.23821,6.77373,2.97146,6.95948,1086.14,-9999.0,20.64,47.64
201209011130,201209011200,-5.9454,0.0,456.8,15.229,24.03,2.25262,8.11,3.01204,7.06868,1109.94,-9999.0,20.65,49.07
201209011200,201209011230,-5.2185,0.0,452.8,14.751,24.0,2.25811,7.38864,3.0337,7.22611,1116.98,-9999.0,20.66,50.58
201209011230,201209011300,-4.50332,0.0,454.2,15.191,24.1,2.27528,6.6879,3.08041,7.10464,1107.13,-9999.0,20.67,49.41
201209011300,201209011330,-3.81941,0.0,482.3,17.065,24.21,2.29344,6.01918,3.12949,6.60214,1080.56,-9999.0,20.68,43.54
201209011330,201209011400,-3.3271,0.0,524.6,15.989,24.1,2.29169,5.52691,3.13546,7.05357,1037.73,-9999.0,20.7,46.75
201209011400,201209011430,-3.69307,0.0,397.0,15.997,23.89,2.2808,5.88594,3.12137,6.71587,979.374,-9999.0,20.72,46.05
201209011430,201209011500,-4.85298,0.0,407.0,15.921,23.91,2.29076,7.05481,3.15253,6.78674,906.482,-9999.0,20.74,46.37
201209011500,201209011530,-3.69842,0.0,440.8,16.879,24.22,2.32731,5.92943,3.24235,6.60795,820.307,-9999.0,20.76,44.19
201209011530,201209011600,-3.26896,0.0,422.7,17.628,24.45,2.35677,5.52372,3.31734,6.34562,722.32,-9999.0,20.78,42.51
201209011600,201209011630,-9999.0,1.0,260.5,15.138,23.72,2.29769,4.64271,3.19548,6.33257,614.201,-9999.0,20.79,48.42
201209011630,201209011700,-9999.0,1.0,372.0,17.292,24.79,2.40509,6.33136,3.44527,6.31176,497.798,-9999.0,20.81,44.74
201209011700,201209011730,-9999.0,1.0,100.6,15.755,23.86,2.32683,4.27382,3.2782,4.26824,375.103,-9999.0,20.82,46.77
201209011730,201209011800,-9999.0,1.0,27.85,10.151,21.37,2.10662,-0.840264,2.80785,1.95111,248.215,-9999.0,20.83,60.11
201209011800,201209011830,0.704834,0.0,11.75,7.304,19.85,1.97767,1.26322,2.54732,0.910812,119.306,-9999.0,20.83,68.48
201209011830,201209011900,1.44457,0.0,1.631,6.829,19.27,1.93311,0.489415,2.46366,0.135363,11.6333,-9999.0,20.83,69.45
201209011900,201209011930,-9999.0,1.0,0.33,6.384,18.75,1.89392,-0.410871,2.39139,0.027658,0.0,-9999.0,20.82,70.5
201209011930,201209012000,-9999.0,1.0,0.33,5.243,17.75,1.81298,-0.581548,2.23748,0.027681,0.0,-9999.0,20.8,74.2
201209012000,201209012030,-9999.0,1.0,0.33,4.52,17.15,1.76722,-0.494088,2.15438,0.027704,0.0,-9999.0,20.78,76.9
201209012030,201209012100,-9999.0,1.0,0.328,3.918,16.78,1.74137,-0.497903,2.11015,0.027559,0.0,-9999.0,20.76,79.5
201209012100,201209012130,-9999.0,1.0,0.33,3.841,16.62,1.73353,-0.549966,2.10047,0.02775,0.0,-9999.0,20.73,79.7
201209012130,201209012200,-9999.0,1.0,0.324,3.662,16.34,1.71532,-0.610661,2.07086,0.027269,0.0,-9999.0,20.7,80.3
201209012200,201209012230,0.704783,0.0,0.33,3.44,16.01,1.69278,1.04328,2.03302,0.027796,0.0,-9999.0,20.66,81.1
201209012230,201209012300,2.48884,0.0,0.329,3.197,15.54,1.65829,-0.76806,1.97273,0.027735,0.0,-9999.0,20.62,81.9
201209012300,201209012330,5.14862,0.0,0.326,3.083,15.15,1.63067,-3.44961,1.92566,0.027505,0.0,-9999.0,20.58,82.1
201209012330,201209020000,0.811128,0.0,0.322,2.965,14.72,1.59969,0.86323,1.87262,0.02719,0.0,-9999.0,20.54,82.3
201209020000,201209020030,1.10745,0.0,0.278,3.399,15.1,1.63733,0.599069,1.94723,0.023501,0.0,-9999.0,20.49,80.2
201209020030,201209020100,1.61704,0.0,0.248,3.801,15.27,1.65736,0.107015,1.98952,0.020987,0.0,-9999.0,20.45,78.1
201209020100,201209020130,2.887,0.0,0.24,3.631,15.21,1.65769,-1.16166,1.99464,0.020327,0.0,-9999.0,20.4,79.0
201209020130,201209020200,-4.78001,0.0,0.226,3.492,14.98,1.64336,6.49451,1.97185,0.019159,0.0,-9999.0,20.35,79.5
201209020200,201209020230,-9999.0,1.0,0.284,2.77,14.2,1.58203,-0.007261,1.86105,0.024086,0.0,-9999.0,20.31,82.9
201209020230,201209020300,-9999.0,1.0,0.243,2.648,14.53,1.61543,-0.221396,1.92757,0.020632,0.0,-9999.0,20.26,84.0
201209020300,201209020330,-9999.0,1.0,0.272,2.389,13.94,1.57026,0.02724,1.84717,0.023108,0.0,-9999.0,20.21,85.0
201209020330,201209020400,-9999.0,1.0,0.256,2.246,14.05,1.58478,0.040333,1.8781,0.021769,0.0,-9999.0,20.16,86.0
201209020400,201209020430,-9999.0,1.0,0.213,2.78,14.81,1.65562,-0.26446,2.01629,0.018132,0.0,-9999.0,20.11,83.5
201209020430,201209020500,-9999.0,1.0,0.135,3.144,15.28,1.70223,-0.261895,2.11074,0.011508,0.0,-9999.0,20.06,81.9
201209020500,201209020530,0.710575,0.0,0.769,4.098,16.02,1.77364,1.11819,2.25641,0.065331,0.0,-9999.0,20.02,77.5
201209020530,201209020600,0.358376,0.0,12.7,5.03,16.67,1.83819,1.52403,2.39174,1.00171,19.2399,-9999.0,19.97,73.5
201209020600,201209020630,-0.276288,0.0,32.55,5.023,16.59,1.83679,2.15863,2.39338,2.29503,135.188,-9999.0,19.93,73.4
201209020630,201209020700,-3.0665,0.0,153.4,6.138,17.48,1.92472,5.02105,2.5811,6.57649,264.091,-9999.0,19.89,69.28
201209020700,201209020730,-4.18068,0.0,244.1,8.422,19.15,2.08863,6.26725,2.9409,8.10704,390.605,-9999.0,19.85,62.04
201209020730,201209020800,-3.96302,0.0,177.6,9.016,19.59,2.13766,6.08953,3.05569,7.09057,512.563,-9999.0,19.82,60.46
201209020800,201209020830,-5.87384,0.0,412.0,10.72,20.85,2.26771,8.10355,3.35916,9.37346,627.881,-9999.0,19.79,56.51
201209020830,201209020900,-4.4981,0.0,318.5,13.083,22.13,2.40269,6.83372,3.68535,7.85326,734.584,-9999.0,19.77,50.92
201209020900,201209020930,-3.84456,0.0,215.9,13.753,22.44,2.44163,6.21146,3.78596,6.73872,830.846,-9999.0,19.76,49.37
201209020930,201209021000,-2.02342,0.0,129.8,13.495,22.38,2.4432,4.39285,3.79587,5.48306,915.021,-9999.0,19.75,50.14
201209021000,201209021030,-2.05199,0.0,125.7,13.916,22.64,2.4774,4.44901,3.88591,5.33368,985.669,-9999.0,19.76,49.39
201209021030,201209021100,-4.8915,0.0,219.9,8.702,21.24,2.34275,7.1859,3.5645,7.89764,1041.58,-9999.0,19.76,65.53
201209021100,201209021130,-3.80606,0.0,151.7,4.598,19.17,2.14374,5.9457,3.10492,6.66096,1081.8,-9999.0,19.77,79.3
201209021130,201209021200,-4.50288,0.0,153.0,2.974,18.34,2.06917,6.58444,2.94137,6.70357,1105.63,-9999.0,19.78,85.9
201209021200,201209021230,-6.46713,0.0,185.1,2.525,18.57,2.09804,8.57284,3.01072,7.36871,1112.68,-9999.0,19.79,88.2
201209021230,201209021300,-6.48824,0.0,207.3,3.084,19.5,2.19647,8.67311,3.2405,7.76973,1102.82,-9999.0,19.8,86.4
201209021300,201209021330,-5.8246,0.0,220.5,4.763,20.13,2.26644,8.0657,3.40915,7.99529,1076.22,-9999.0,19.81,79.8
201209021330,201209021400,-4.18082,0.0,203.1,5.926,20.81,2.34247,6.48258,3.59568,7.73397,1033.33,-9999.0,19.81,75.9
201209021400,201209021430,-5.02112,0.0,174.9,7.172,21.36,2.40615,7.37363,3.75565,7.2354,974.888,-9999.0,19.82,71.8
201209021430,201209021500,-9999.0,1.0,127.2,7.07,21.3,2.40727,6.4121,3.76357,6.14606,901.895,-9999.0,19.83,72.1
201209021500,201209021530,-9999.0,1.0,193.8,8.055,21.69,2.45512,6.02131,3.88695,7.62227,815.6,-9999.0,19.84,68.96
201209021530,201209021600,-9999.0,1.0,100.7,8.213,21.86,2.48034,1.96972,3.95507,5.37776,717.478,-9999.0,19.85,68.68
201209021600,201209021630,-9999.0,1.0,60.99,5.58,20.95,2.39277,0.902298,3.74296,3.84483,609.208,-9999.0,19.85,77.5
201209021630,201209021700,-9999.0,1.0,39.95,3.413,19.99,2.30065,-0.365158,3.52384,2.78529,492.643,-9999.0,19.86,85.4
201209021700,201209021730,-9999.0,1.0,24.98,2.587,19.37,2.24394,-0.35718,3.39284,1.88349,369.778,-9999.0,19.87,88.5
201209021730,201209021800,-9999.0,1.0,25.54,1.769,19.1,2.22305,-0.553476,3.34764,1.92216,242.714,-9999.0,19.88,92.0
201209021800,201209021830,2.70843,0.0,13.85,1.635,18.87,2.20618,-0.502841,3.31202,1.11267,113.626,-9999.0,19.88,92.5
201209021830,201209021900,-9999.0,1.0,0.987,1.608,18.39,2.16383,-0.378071,3.2168,0.0856,9.2863,-9999.0,19.88,92.4
201209021900,201209021930,-9999.0,1.0,0.329,1.635,18.04,2.13471,-0.456851,3.15301,0.028671,0.0,-9999.0,19.88,92.1
201209021930,201209022000,-9999.0,1.0,0.326,1.536,17.87,2.12378,-0.466493,3.13149,0.028433,0.0,-9999.0,19.88,92.5
201209022000,201209022030,-9999.0,1.0,0.325,1.47,17.6,2.10268,-0.458663,3.08649,0.028368,0.0,-9999.0,19.87,92.7
201209022030,201209022100,-9999.0,1.0,0.325,1.505,17.55,2.10379,-0.439841,3.09265,0.028391,0.0,-9999.0,19.86,92.5
201209022100,201209022130,-9999.0,1.0,0.252,1.274,17.67,2.12216,-0.410994,3.13868,0.022041,0.0,-9999.0,19.85,93.7
201209022130,201209022200,0.36979,0.0,0.228,1.058,17.17,2.07751,1.74097,3.03924,0.019961,0.0,-9999.0,19.84,94.6
201209022200,201209022230,-9999.0,1.0,0.25,0.715,16.95,2.06126,-0.255579,3.00543,0.021901,0.0,-9999.0,19.82,96.3
201209022230,201209022300,-9999.0,1.0,0.33,0.533,16.72,2.04396,-0.294014,2.96925,0.028918,0.0,-9999.0,19.8,97.2
201209022300,201209022330,0.3226,0.0,0.33,0.41,16.38,2.01552,1.74129,2.90795,0.028941,0.0,-9999.0,19.78,97.8
201209022330,201209030000,3.30902,0.0,0.329,0.317,16.39,2.02235,-1.23852,2.92652,0.028877,0.0,-9999.0,19.76,98.3
201209030000,201209030030,4.14431,0.0,0.33,0.279,16.35,2.02412,-2.0713,2.93361,0.028987,0.0,-9999.0,19.74,98.5
201209030030,201209030100,0.11554,0.0,0.33,0.246,16.6,2.05538,1.9839,2.98429,0.028892,0.0,-9999.0,19.72,98.7
201209030100,201209030130,1.75438,0.0,0.327,0.212,16.88,2.08997,0.374128,3.04237,0.028536,0.0,-9999.0,19.69,98.9
201209030130,201209030200,-9999.0,1.0,0.327,0.174,16.93,2.1011,-0.237858,3.04679,0.028442,0.0,-9999.0,19.66,99.1
201209030200,201209030230,-9999.0,1.0,0.327,0.115,16.84,2.09777,-0.298277,3.01849,0.028348,0.0,-9999.0,19.63,99.4
201209030230,201209030300,-1.66855,0.0,0.325,0.019,16.89,2.10891,3.81563,3.02286,0.028082,0.0,-9999.0,19.6,99.9
201209030300,201209030330,3.03781,0.0,0.325,1.363,16.91,2.11696,-0.883136,3.02022,0.027988,0.0,-9999.0,19.57,92.9252
201209030330,201209030400,-0.11599,0.0,0.329,1.4,16.88,2.1198,2.27406,3.00598,0.028237,0.0,-9999.0,19.53,92.7228
201209030400,201209030430,5.34271,0.0,0.138,1.471,16.84,2.12158,-3.18211,2.98947,0.011818,0.0,-9999.0,19.49,92.334
201209030430,201209030500,-9999.0,1.0,0.184,1.644,16.76,2.11916,-0.21305,2.96384,0.0157,0.0,-9999.0,19.46,91.389
201209030500,201209030530,-9999.0,1.0,0.349,0.0,16.45,2.09265,-0.37624,2.88625,0.029649,0.0,-9999.0,19.42,100.0
201209030530,201209030600,2.71059,0.0,5.867,1.424,16.27,2.07968,-0.580665,2.8389,0.480916,18.4272,-9999.0,19.39,92.3026
201209030600,201209030630,-9999.0,1.0,26.48,1.376,16.15,2.07293,0.250659,2.80534,1.93306,133.812,-9999.0,19.36,92.5093
201209030630,201209030700,-9999.0,1.0,149.0,0.066,16.24,2.08811,5.40981,2.81837,6.64045,262.846,-9999.0,19.33,99.6414
201209030700,201209030730,-9999.0,2.0,264.7,0.548,17.57,2.23536,4.27243,3.11455,8.60636,389.414,-9999.0,19.3,97.2735
201209030730,201209030800,-9999.0,2.0,386.9,1.353,19.68,2.47304,5.36967,3.62388,9.77016,511.35,-9999.0,19.27,94.1
201209030800,201209030830,-9999.0,2.0,521.6,3.379,20.74,2.59927,11.8625,3.89124,10.5574,626.567,-9999.0,19.24,86.2
201209030830,201209030900,-9999.0,2.0,614.2,6.401,21.6,2.70485,13.114,4.11366,10.9185,733.095,-9999.0,19.22,75.2
201209030900,201209030930,-9999.0,1.0,666.5,9.276,22.78,2.84951,8.54313,4.43325,11.0642,829.11,-9999.0,19.2,66.55
201209030930,201209031000,-9999.0,1.0,344.6,10.174,23.33,2.92211,7.24317,4.58035,9.2134,912.97,-9999.0,19.19,64.51
201209031000,201209031030,-9999.0,1.0,717.0,12.686,24.21,3.03493,8.79048,4.82759,9.62289,983.239,-9999.0,19.19,58.03
201209031030,201209031100,0.275219,0.0,847.0,16.403,25.54,3.20401,2.7402,5.22002,7.94283,1038.72,-9999.0,19.2,49.87
201209031100,201209031130,3.16732,0.0,889.0,16.896,25.78,3.24202,-0.122074,5.28159,7.735,1078.45,-9999.0,19.23,49.09
201209031130,201209031200,4.452,0.0,888.0,17.664,26.41,3.32833,-1.34113,5.46648,7.37088,1101.77,-9999.0,19.28,48.72
201209031200,201209031230,-9999.0,1.0,421.5,16.229,26.15,3.30515,7.87584,5.37067,7.11844,1108.26,-9999.0,19.34,52.16
201209031230,201209031300,-9999.0,1.0,267.0,13.672,24.3,3.08705,5.45397,4.79379,7.10615,1097.82,-9999.0,19.4,55.01
201209031300,201209031330,5.77002,0.0,184.8,10.765,22.44,2.87111,-2.99905,4.25047,6.87235,1070.63,-9999.0,19.46,60.37
201209031330,201209031400,3.85593,0.0,297.3,6.288,20.11,2.6044,-1.28984,3.62418,8.56918,1027.15,-9999.0,19.52,73.3
201209031400,201209031430,-5.99572,0.0,360.0,9.78,21.35,2.75669,8.68137,3.93499,9.10671,968.126,-9999.0,19.57,61.52
201209031430,201209031500,-9999.0,1.0,515.4,10.054,22.37,2.8857,7.52864,4.19893,10.0024,894.569,-9999.0,19.61,62.83
201209031500,201209031530,-9999.0,1.0,334.3,12.669,23.47,3.02667,8.28028,4.49431,7.83503,807.737,-9999.0,19.64,56.18
201209031530,201209031600,-9999.0,1.0,399.6,14.29,24.22,3.12679,7.35399,4.69772,7.58241,709.114,-9999.0,19.67,52.75
201209031600,201209031630,1.15247,0.0,409.5,18.488,26.02,3.35976,1.99537,5.22221,6.14188,600.39,-9999.0,19.69,45.08
201209031630,201209031700,-1.90242,0.0,273.5,19.398,26.82,3.47004,5.13345,5.45649,5.35494,483.424,-9999.0,19.71,45.03
201209031700,201209031730,-9999.0,1.0,43.14,6.96,22.01,2.88024,-0.645678,4.04861,2.67943,360.217,-9999.0,19.74,73.7
201209031730,201209031800,-9999.0,1.0,12.99,1.982,18.17,2.43353,0.072756,3.08876,0.938954,232.878,-9999.0,19.76,90.5
201209031800,201209031830,-9999.0,1.0,11.02,1.468,17.8,2.39737,0.009275,2.99709,0.802414,103.585,-9999.0,19.77,92.8
201209031830,201209031900,-9999.0,1.0,1.599,0.836,17.42,2.3601,0.09766,2.90498,0.122508,5.8442,-9999.0,19.77,95.8
201209031900,201209031930,2.62611,0.0,0.33,0.511,17.21,2.34224,-0.254599,2.85153,0.025381,0.0,-9999.0,19.76,97.4
201209031930,201209032000,5.18747,0.0,0.33,0.375,17.27,2.35516,-2.80446,2.85709,0.025286,0.0,-9999.0,19.74,98.1
201209032000,201209032030,2.35884,0.0,0.33,0.394,17.25,2.35895,0.028328,2.84526,0.025191,0.0,-9999.0,19.71,98.0
201209032030,201209032100,-9999.0,1.0,0.33,0.472,17.22,2.36157,0.100888,2.83129,0.025096,0.0,-9999.0,19.68,97.6
201209032100,201209032130,-9999.0,1.0,0.33,0.454,17.29,2.37571,0.096163,2.83891,0.025001,0.0,-9999.0,19.65,97.7
201209032130,201209032200,-9999.0,1.0,0.33,0.352,17.15,2.36562,0.126703,2.80135,0.024906,0.0,-9999.0,19.61,98.2
201209032200,201209032230,-9999.0,1.0,0.327,0.254,17.12,2.3682,0.118301,2.78752,0.024586,0.0,-9999.0,19.58,98.7
201209032230,201209032300,1.64402,0.0,0.324,0.354,17.25,2.38932,0.773136,2.80782,0.024268,0.0,-9999.0,19.55,98.2
201209032300,201209032330,1.5042,0.0,0.319,0.435,17.3,2.40122,0.923624,2.811,0.023803,0.0,-9999.0,19.51,97.8
201209032330,201209040000,3.85937,0.0,0.324,0.572,17.28,2.40497,-1.42741,2.79922,0.024082,0.0,-9999.0,19.48,97.1
201209040000,201209040030,2.51834,0.0,0.328,0.745,17.17,2.39818,-0.0907,2.76842,0.024284,0.0,-9999.0,19.45,96.2
201209040030,201209040100,0.796443,0.0,0.326,1.025,17.26,2.41479,1.64564,2.77998,0.024043,0.0,-9999.0,19.42,94.8
201209040100,201209040130,0.633759,0.0,0.326,1.293,17.41,2.43853,1.82848,2.80425,0.023949,0.0,-9999.0,19.4,93.5
201209040130,201209040200,2.91974,0.0,0.323,1.343,17.53,2.45886,-0.440097,2.82216,0.023636,0.0,-9999.0,19.37,93.3
201209040200,201209040230,1.39061,0.0,0.323,1.483,17.53,2.46502,1.0951,2.81451,0.023543,0.0,-9999.0,19.34,92.6
201209040230,201209040300,2.92692,0.0,0.327,1.507,17.36,2.45096,-0.451328,2.77098,0.02374,0.0,-9999.0,19.31,92.4
201209040300,201209040330,1.3015,0.0,0.327,1.72,17.31,2.45112,1.17535,2.75296,0.023646,0.0,-9999.0,19.29,91.3
201209040330,201209040400,-9999.0,1.0,0.317,1.827,17.38,2.46556,0.315739,2.76007,0.022833,0.0,-9999.0,19.26,90.8
201209040400,201209040430,2.8965,0.0,0.305,2.228,17.55,2.49204,-0.384628,2.78811,0.021883,0.0,-9999.0,19.24,88.9
201209040430,201209040500,1.47379,0.0,0.125,2.556,17.72,2.51869,1.0605,2.81624,0.008942,0.0,-9999.0,19.22,87.4
201209040500,201209040530,3.8924,0.0,0.248,1.984,17.37,2.48269,-1.38573,2.7353,0.017656,0.0,-9999.0,19.19,90.0
201209040530,201209040600,7.99712,0.0,3.55,1.73,17.22,2.47154,-5.49889,2.69682,0.246793,15.4217,-9999.0,19.17,91.2
201209040600,201209040630,3.82916,0.0,5.256,1.074,16.84,2.43272,-1.36161,2.61212,0.360262,128.083,-9999.0,19.14,94.4
201209040630,201209040700,3.23356,0.0,13.18,0.681,16.62,2.41308,-0.779119,2.56088,0.859689,257.288,-9999.0,19.12,96.4
201209040700,201209040730,3.53105,0.0,13.16,0.549,16.64,2.42214,-1.0666,2.55772,0.854948,384.023,-9999.0,19.11,97.1
201209040730,201209040800,-0.59619,0.0,20.35,0.551,16.68,2.43363,3.07261,2.5585,1.26548,506.121,-9999.0,19.08,97.1
201209040800,201209040830,-9999.0,1.0,32.66,0.459,16.8,2.45482,0.512909,2.57513,1.89645,621.491,-9999.0,19.06,97.6
201209040830,201209040900,-9999.0,1.0,27.49,0.347,16.91,2.47491,0.524286,2.58977,1.63229,728.16,-9999.0,19.04,98.2
201209040900,201209040930,1.03709,0.0,28.45,0.231,16.92,2.48289,1.48719,2.58446,1.67382,824.302,-9999.0,19.01,98.8
201209040930,201209041000,-0.4304,0.0,71.0,0.097,17.07,2.50802,2.97765,2.607,3.40844,908.273,-9999.0,18.99,99.5
201209041000,201209041030,-1.39212,0.0,141.8,0.08,17.43,2.55924,3.9833,2.67185,5.21177,978.636,-9999.0,18.97,99.6
201209041030,201209041100,-4.09229,0.0,182.1,0.267,17.89,2.62345,6.7377,2.75799,5.88896,1034.19,-9999.0,18.95,98.7
201209041100,201209041130,1.75514,0.0,56.12,0.51,17.82,2.62177,0.891733,2.73578,2.83874,1073.97,-9999.0,18.92,97.5
201209041130,201209041200,0.099918,0.0,159.7,0.609,17.74,2.6188,2.54737,2.71168,5.47267,1097.32,-9999.0,18.91,97.0
201209041200,201209041230,-7.45262,0.0,409.2,1.66,19.33,2.82827,10.2694,3.0374,7.88759,1103.82,-9999.0,18.9,92.6
201209041230,201209041300,-9999.0,1.0,384.7,3.908,20.6,3.0015,5.87708,3.31027,7.711,1093.37,-9999.0,18.89,83.9
201209041300,201209041330,-1.30149,0.0,153.0,5.734,21.32,3.10501,4.34104,3.4662,5.28238,1066.14,-9999.0,18.89,77.4
201209041330,201209041400,0.68676,0.0,61.9,3.423,20.49,3.003,2.27642,3.26638,2.98484,1022.6,-9999.0,18.89,85.8
201209041400,201209041430,5.16028,0.0,31.95,2.377,19.94,2.93841,-2.24474,3.13481,1.76812,963.502,-9999.0,18.91,89.8
201209041430,201209041500,0.00134,0.0,56.34,1.747,19.3,2.86225,2.85706,2.98734,2.76053,889.848,-9999.0,18.93,92.2
201209041500,201209041530,-9999.0,1.0,36.06,3.095,19.21,2.85804,0.479315,2.95952,1.93728,802.9,-9999.0,18.95,86.1
201209041530,201209041600,-9999.0,1.0,93.6,2.213,18.95,2.83157,3.72438,2.8962,3.88745,704.147,-9999.0,18.96,89.9
201209041600,201209041630,2.20937,0.0,93.6,1.887,18.97,2.84163,0.641428,2.89188,3.86973,595.279,-9999.0,18.97,91.4
201209041630,201209041700,-9999.0,1.0,26.58,2.083,18.79,2.82549,0.498098,2.84606,1.47902,478.158,-9999.0,18.99,90.4
201209041700,201209041730,-9999.0,1.0,12.77,2.282,18.82,2.83682,0.523807,2.84385,0.762726,354.788,-9999.0,18.99,89.5
201209041730,201209041800,1.04066,0.0,13.63,2.382,18.91,2.85609,1.83031,2.85397,0.806493,227.28,-9999.0,19.0,89.1
201209041800,201209041830,1.49929,0.0,6.241,2.401,18.89,2.86088,1.37838,2.84138,0.383609,97.8158,-9999.0,19.0,89.0
201209041830,201209041900,1.5036,0.0,0.62,2.879,19.12,2.89883,1.4072,2.88028,0.039236,4.20028,-9999.0,18.99,87.0
201209041900,201209041930,2.33393,0.0,0.31,3.156,19.29,2.92903,0.603801,2.90687,0.019566,0.0,-9999.0,18.99,85.9
201209041930,201209042000,-9999.0,1.0,0.301,2.0,18.82,2.87384,0.506723,2.80177,0.018912,0.0,-9999.0,18.99,90.8
201209042000,201209042030,-9999.0,1.0,0.27,1.372,18.6,2.85195,0.523945,2.74901,0.01689,0.0,-9999.0,18.98,93.6
201209042030,201209042100,-9999.0,1.0,0.249,1.177,18.57,2.85528,0.529447,2.73473,0.015507,0.0,-9999.0,18.98,94.5
201209042100,201209042130,-9999.0,1.0,0.281,1.07,18.57,2.8626,0.538144,2.72647,0.017415,0.0,-9999.0,18.98,95.0
201209042130,201209042200,-9999.0,1.0,0.26,0.927,18.32,2.83651,0.512599,2.66882,0.016041,0.0,-9999.0,18.97,95.6
201209042200,201209042230,-9999.0,1.0,0.272,0.844,18.34,2.84642,0.533298,2.66463,0.016702,0.0,-9999.0,18.96,96.0
201209042230,201209042300,-9999.0,1.0,0.232,0.719,18.38,2.85902,0.546239,2.66433,0.014182,0.0,-9999.0,18.96,96.6
201209042300,201209042330,-9999.0,1.0,0.139,0.729,18.61,2.89727,0.541919,2.7013,0.008462,0.0,-9999.0,18.95,96.6
201209042330,201209050000,-9999.0,1.0,0.111,0.943,18.96,2.9521,0.492624,2.76229,0.006727,0.0,-9999.0,18.94,95.7
201209050000,201209050030,0.939535,0.0,0.09,1.282,18.81,2.93911,2.03499,2.72406,0.005429,0.0,-9999.0,18.94,94.1
201209050030,201209050100,2.43056,0.0,0.068,1.393,18.6,2.91791,0.529754,2.70277,0.004149,0.0,-9999.0,18.93,93.5
201209050100,201209050130,4.37317,0.0,0.139,1.542,18.58,2.92251,-1.40634,2.71881,0.008573,0.0,-9999.0,18.92,92.8
201209050130,201209050200,1.49171,0.0,0.33,1.412,18.33,2.89574,1.45633,2.68904,0.020554,0.0,-9999.0,18.91,93.3
201209050200,201209050230,6.4617,0.0,0.327,1.318,18.21,2.88662,-3.51826,2.6848,0.020591,0.0,-9999.0,18.9,93.7
201209050230,201209050300,4.38898,0.0,0.287,1.71,18.55,2.94035,-1.39937,2.77266,0.018273,0.0,-9999.0,18.9,92.0
201209050300,201209050330,3.96416,0.0,0.245,1.779,18.6,2.95455,-0.960314,2.80281,0.015771,0.0,-9999.0,18.89,91.7
201209050330,201209050400,2.15852,0.0,0.215,2.209,18.76,2.98399,0.871854,2.8559,0.01399,0.0,-9999.0,18.88,89.8
201209050400,201209050430,5.94215,0.0,0.245,1.869,18.45,2.94847,-2.93763,2.81181,0.016106,0.0,-9999.0,18.87,91.2
201209050430,201209050500,2.74826,0.0,0.223,2.132,18.51,2.96406,0.271632,2.84407,0.014815,0.0,-9999.0,18.86,90.0
201209050500,201209050530,3.31436,0.0,0.276,2.441,18.72,3.00056,-0.262207,2.90816,0.018518,0.0,-9999.0,18.86,88.7
201209050530,201209050600,2.15848,0.0,20.9,1.648,18.37,2.95918,0.863017,2.85437,1.25002,12.6802,-9999.0,18.85,92.2
201209050600,201209050630,-0.463473,0.0,75.8,1.323,18.53,2.98874,3.51166,2.90796,3.48534,122.312,-9999.0,18.84,93.8
201209050630,201209050700,-2.67041,0.0,112.6,1.806,19.03,3.06629,5.78397,3.03607,4.50226,251.685,-9999.0,18.84,91.8
201209050700,201209050730,-7.18103,0.0,209.6,3.631,20.13,3.23055,10.4291,3.30439,6.19618,378.584,-9999.0,18.83,84.6
201209050730,201209050800,-2.16629,0.0,175.2,4.83,20.6,3.30633,5.47757,3.43662,5.76505,500.839,-9999.0,18.82,80.1
201209050800,201209050830,3.15118,0.0,541.7,8.605,22.84,3.64477,0.429327,4.01483,8.49291,616.358,-9999.0,18.82,69.08
201209050830,201209050900,-6.16933,0.0,548.9,10.283,23.91,3.81506,9.88518,4.32478,8.50319,723.165,-9999.0,18.82,65.36
201209050900,201209050930,-9999.0,1.0,651.7,12.743,24.75,3.95271,12.9934,4.58454,8.21603,819.432,-9999.0,18.82,59.18
201209050930,201209051000,-9999.0,1.0,714.0,14.697,25.77,4.12011,9.81176,4.90587,7.92482,903.511,-9999.0,18.84,55.69
201209051000,201209051030,-9999.0,1.0,714.0,15.757,26.23,4.20191,12.403,5.0732,7.75289,973.965,-9999.0,18.85,53.77
201209051030,201209051100,-9999.0,1.0,521.4,16.244,26.29,4.22141,9.14928,5.12404,7.32982,1029.59,-9999.0,18.89,52.51
201209051100,201209051130,-9999.0,2.0,545.65,21.003,28.09,4.51736,7.78928,5.71299,6.58381,1069.43,-9999.0,18.95,44.74
201209051130,201209051200,-9999.0,1.0,571.1,19.112,27.73,4.47047,11.0938,5.63532,7.053,1092.8,-9999.0,19.02,48.65
201209051200,201209051230,-6.27562,0.0,376.1,15.749,26.31,4.25486,10.3524,5.22925,7.12545,1099.31,-9999.0,19.1,54.01
201209051230,201209051300,-4.20015,0.0,302.6,16.067,26.23,4.25227,8.27847,5.23783,6.7391,1088.85,-9999.0,19.18,52.86
201209051300,201209051330,2.96479,0.0,290.7,15.711,26.1,4.2417,1.10902,5.23083,6.77641,1061.58,-9999.0,19.26,53.55
201209051330,201209051400,-9999.0,1.0,336.5,14.919,26.15,4.25968,6.59469,5.27895,7.2541,1017.99,-9999.0,19.33,56.02
201209051400,201209051430,-9999.0,1.0,273.3,15.364,26.08,4.25856,6.17762,5.28998,6.82214,958.812,-9999.0,19.4,54.52
201209051430,201209051500,-9999.0,1.0,190.4,14.096,26.03,4.26059,2.8522,5.30703,6.19065,885.062,-9999.0,19.47,58.15
201209051500,201209051530,0.201331,0.0,107.5,10.255,24.16,3.97401,3.6806,4.7704,4.98844,798.002,-9999.0,19.53,65.97
201209051530,201209051600,-9999.0,1.0,66.08,4.91,21.62,3.58937,4.26844,4.07726,3.70415,699.122,-9999.0,19.58,81.0
201209051600,201209051630,-9999.0,1.0,46.75,3.027,20.56,3.43666,0.525036,3.818,2.90665,590.113,-9999.0,19.63,87.5
201209051630,201209051700,2.32696,0.0,33.98,2.086,20.4,3.4205,1.1285,3.79887,2.28139,472.84,-9999.0,19.67,91.3
201209051700,201209051730,1.57906,0.0,12.02,3.06,20.74,3.48,1.92693,3.91197,0.928008,349.311,-9999.0,19.7,87.5
201209051730,201209051800,-9999.0,1.0,1.933,3.032,20.72,3.48502,0.525003,3.92986,0.160904,221.638,-9999.0,19.72,87.6
201209051800,201209051830,5.29787,0.0,0.821,1.572,19.58,3.32048,-1.91425,3.65151,0.069429,92.0065,-9999.0,19.73,93.1
201209051830,201209051900,-9999.0,1.0,0.33,0.72,18.88,3.22334,0.914261,3.49346,0.028228,2.82923,-9999.0,19.74,96.7
201209051900,201209051930,-9999.0,1.0,0.33,0.519,18.73,3.20839,0.97322,3.47586,0.028454,0.0,-9999.0,19.74,97.6
201209051930,201209052000,-9999.0,1.0,0.33,0.41,18.7,3.21129,0.978318,3.48844,0.02868,0.0,-9999.0,19.73,98.1
201209052000,201209052030,-9999.0,1.0,0.33,0.281,18.76,3.22763,0.994379,3.52393,0.028906,0.0,-9999.0,19.72,98.7
201209052030,201209052100,-9999.0,1.0,0.33,0.065,18.78,3.23801,0.931445,3.54932,0.029131,0.0,-9999.0,19.7,99.7
201209052100,201209052130,-9999.0,1.0,0.33,1.296,18.79,3.24691,0.957466,3.57219,0.029357,0.0,-9999.0,19.68,94.0277
201209052130,201209052200,2.89601,0.0,0.326,1.304,18.79,3.2543,0.453344,3.59247,0.029225,0.0,-9999.0,19.66,93.9903
201209052200,201209052230,2.90677,0.0,0.33,1.26,18.8,3.26321,0.452586,3.61538,0.029809,0.0,-9999.0,19.64,94.1949
201209052230,201209052300,3.4306,0.0,0.329,1.262,18.81,3.27212,-0.061237,3.63832,0.029944,0.0,-9999.0,19.62,94.1879
201209052300,201209052330,7.08728,0.0,0.132,1.296,18.79,3.27648,-3.71162,3.65334,0.012121,0.0,-9999.0,19.6,94.0246
201209052330,201209060000,8.3741,0.0,0.091,1.091,18.75,3.27779,-4.99465,3.66297,0.008421,0.0,-9999.0,19.57,94.9578
201209060000,201209060030,-9999.0,1.0,0.198,0.97,18.82,3.29584,1.00726,3.70196,0.018444,0.0,-9999.0,19.55,95.5366
201209060030,201209060100,-9999.0,1.0,0.33,0.978,18.72,3.28797,0.999854,3.69536,0.030937,0.0,-9999.0,19.52,95.473
201209060100,201209060130,-9999.0,1.0,0.33,1.025,18.59,3.27546,0.992322,3.68051,0.031163,0.0,-9999.0,19.5,95.2158
201209060130,201209060200,-9999.0,1.0,0.33,0.913,18.51,3.27055,0.95581,3.67893,0.031389,0.0,-9999.0,19.48,95.7186
201209060200,201209060230,-9999.0,1.0,0.33,0.763,18.61,3.29318,0.872635,3.72594,0.031614,0.0,-9999.0,19.45,96.445
201209060230,201209060300,-9999.0,1.0,0.329,0.836,18.67,3.30974,0.815184,3.76238,0.031744,0.0,-9999.0,19.43,96.1163
201209060300,201209060330,1.82723,0.0,0.329,0.943,18.61,3.30784,1.59579,3.76599,0.031969,0.0,-9999.0,19.41,95.602
201209060330,201209060400,-9999.0,1.0,0.33,0.994,18.37,3.27818,0.68696,3.72004,0.032292,0.0,-9999.0,19.39,95.2956
201209060400,201209060430,-9999.0,1.0,0.33,1.121,18.18,3.25617,0.706573,3.6877,0.032517,0.0,-9999.0,19.37,94.6308
201209060430,201209060500,-9999.0,1.0,0.329,0.621,17.95,3.22798,0.710376,3.64436,0.032644,0.0,-9999.0,19.35,96.9849
201209060500,201209060530,-9999.0,1.0,0.388,1.176,17.69,3.19517,0.672915,3.59289,0.038747,0.0,-9999.0,19.34,94.1909
201209060530,201209060600,-9999.0,1.0,5.133,1.006,17.31,3.14403,0.707067,3.5094,0.498757,11.9861,-9999.0,19.32,94.9088
201209060600,201209060630,-9999.0,1.0,37.16,0.553,17.42,3.16775,0.8132,3.55713,2.96284,120.837,-9999.0,19.3,97.2196
201209060630,201209060700,-9999.0,1.0,142.6,0.0,17.83,3.23784,6.96376,3.68748,7.11729,250.325,-9999.0,19.29,100.0
201209060700,201209060730,-9999.0,1.0,252.1,0.0,19.04,3.43417,9.04825,4.05047,9.09091,377.264,-9999.0,19.27,100.0
201209060730,201209060800,-9999.0,1.0,359.4,2.551,20.97,3.75142,7.18263,4.65939,10.2131,499.482,-9999.0,19.25,89.7262
201209060800,201209060830,-9999.0,1.0,468.4,0.755,21.75,3.88741,8.94518,4.93479,10.9709,614.887,-9999.0,19.23,97.1
201209060830,201209060900,-9999.0,1.0,559.4,4.157,22.66,4.04693,4.95275,5.26423,11.4484,721.505,-9999.0,19.21,84.9
201209060900,201209060930,-9.49339,0.0,636.3,9.058,23.9,4.26471,13.7193,5.72387,11.7864,817.511,-9999.0,19.2,69.47
201209060930,201209061000,-2.10559,0.0,703.0,12.067,25.09,4.47771,6.50136,6.18779,11.804,901.264,-9999.0,19.2,62.12
201209061000,201209061030,-6.76146,0.0,746.0,14.166,25.92,4.63132,11.2798,6.5338,11.7499,971.329,-9999.0,19.2,57.67
201209061030,201209061100,-4.05565,0.0,780.0,15.464,26.57,4.75508,8.6729,6.82001,11.7673,1026.51,-9999.0,19.21,55.53
201209061100,201209061130,-9999.0,1.0,785.0,17.181,27.36,4.90483,10.3673,7.1705,11.6928,1065.86,-9999.0,19.25,52.83
201209061130,201209061200,-9999.0,1.0,610.7,18.654,27.86,5.00435,10.7745,7.41106,11.2096,1088.7,-9999.0,19.3,50.26
201209061200,201209061230,-9999.0,1.0,496.4,18.208,27.64,4.97574,11.3314,7.356,10.9024,1094.66,-9999.0,19.35,50.82
201209061230,201209061300,-7.04237,0.0,748.0,19.734,28.27,5.09933,11.9373,7.65566,11.6557,1083.61,-9999.0,19.42,48.62
201209061300,201209061330,-4.31567,0.0,623.0,20.836,28.76,5.19865,9.28973,7.90223,11.3416,1055.76,-9999.0,19.48,47.27
201209061330,201209061400,1.63595,0.0,666.9,22.648,29.27,5.30234,3.42034,8.16248,11.4348,1011.58,-9999.0,19.55,44.35
201209061400,201209061430,-1.64216,0.0,239.6,21.35,28.76,5.22072,6.6403,7.97819,9.08782,951.823,-9999.0,19.62,45.97
201209061430,201209061500,-9999.0,1.0,573.1,21.985,29.07,5.28827,9.98843,8.15218,11.372,877.514,-9999.0,19.7,45.35
201209061500,201209061530,-4.18251,0.0,494.1,24.502,29.88,5.44805,9.36002,8.5534,11.0118,789.925,-9999.0,19.78,41.87
201209061530,201209061600,-1.59136,0.0,352.5,24.328,29.38,5.36747,6.71178,8.36791,10.2914,690.554,-9999.0,19.86,40.6
201209061600,201209061630,-9999.0,1.0,297.8,25.125,29.83,5.46174,7.92769,8.61124,9.87397,581.101,-9999.0,19.94,40.22
201209061630,201209061700,-9999.0,1.0,210.0,23.757,29.49,5.41032,5.97728,8.49634,8.91793,463.438,-9999.0,20.01,42.36
201209061700,201209061730,1.431,0.0,108.7,20.652,28.13,5.1713,3.55128,7.92675,6.7466,339.581,-9999.0,20.07,45.79
201209061730,201209061800,2.83888,0.0,32.38,17.334,26.57,4.89788,1.9368,7.29017,3.02277,211.646,-9999.0,20.13,50.15
201209061800,201209061830,3.76707,0.0,16.7,15.614,25.8,4.76901,0.912062,7.00139,1.74227,81.8246,-9999.0,20.18,53.01
201209061830,201209061900,4.22432,0.0,1.277,13.735,24.96,4.6281,0.348119,6.68899,0.150057,1.09321,-9999.0,20.22,56.55
201209061900,201209061930,7.6874,0.0,0.076,12.245,24.24,4.5092,-3.20516,6.43025,0.009066,0.0,-9999.0,20.25,59.56
201209061930,201209062000,5.39404,0.0,0.236,10.743,23.51,4.38901,-1.00366,6.17188,0.028279,0.0,-9999.0,20.28,62.93
201209062000,201209062030,5.3734,0.0,0.22,9.764,23.06,4.31861,-1.03588,6.02527,0.026516,0.0,-9999.0,20.3,65.38
201209062030,201209062100,4.86787,0.0,0.308,8.749,22.47,4.22375,-0.603056,5.82669,0.037308,0.0,-9999.0,20.32,67.85
201209062100,201209062130,1.78826,0.0,0.326,7.664,21.82,4.11876,2.39523,5.6085,0.039706,0.0,-9999.0,20.32,70.7
201209062130,201209062200,0.29774,0.0,0.328,7.177,21.43,4.05932,3.84071,5.48907,0.040174,0.0,-9999.0,20.33,71.9
201209062200,201209062230,4.76453,0.0,0.297,8.014,21.69,4.11295,-0.579856,5.60996,0.036589,0.0,-9999.0,20.32,69.12
201209062230,201209062300,7.02782,0.0,0.308,6.758,21.04,4.00812,-2.92508,5.39422,0.038151,0.0,-9999.0,20.32,72.9
201209062300,201209062330,4.09529,0.0,0.309,6.725,20.84,3.98158,-0.011258,5.34481,0.038486,0.0,-9999.0,20.3,72.7
201209062330,201209070000,8.96509,0.0,0.325,5.667,20.22,3.88246,-4.95911,5.14402,0.040696,0.0,-9999.0,20.29,76.1
201209070000,201209070030,4.2277,0.0,0.326,5.058,19.87,3.8301,-0.261866,5.04173,0.041044,0.0,-9999.0,20.27,78.2
201209070030,201209070100,2.32511,0.0,0.312,4.869,19.86,3.83615,1.64843,5.06225,0.039315,0.0,-9999.0,20.25,79.0
201209070100,201209070130,4.03678,0.0,0.314,4.555,19.65,3.80777,-0.083848,5.01336,0.039596,0.0,-9999.0,20.23,80.1
201209070130,201209070200,2.33068,0.0,0.323,4.186,19.38,3.76906,1.59305,4.94569,0.040759,0.0,-9999.0,20.2,81.4
201209070200,201209070230,1.41848,0.0,0.319,4.4,19.42,3.78353,2.51988,4.98443,0.040285,0.0,-9999.0,20.18,80.5
201209070230,201209070300,2.06279,0.0,0.314,4.305,19.32,3.77392,1.87032,4.97608,0.039685,0.0,-9999.0,20.15,80.8
201209070300,201209070330,2.09016,0.0,0.304,4.231,19.21,3.76255,1.83622,4.96503,0.038453,0.0,-9999.0,20.12,81.0
201209070330,201209070400,1.63388,0.0,0.258,4.696,19.43,3.80809,2.33282,5.06315,0.03267,0.0,-9999.0,20.09,79.2
201209070400,201209070430,2.485,0.0,0.263,4.493,19.19,3.77417,1.45633,5.0098,0.033327,0.0,-9999.0,20.06,79.8
201209070430,201209070500,1.87647,0.0,0.279,4.265,18.92,3.73507,2.03508,4.94872,0.035376,0.0,-9999.0,20.04,80.5
201209070500,201209070530,1.35329,0.0,0.503,4.141,18.78,3.71835,2.547,4.93074,0.063719,0.0,-9999.0,20.0,80.9
201209070530,201209070600,9.26698,0.0,9.45,4.029,18.68,3.70849,-5.37229,4.92612,1.12331,9.54734,-9999.0,19.98,81.3
201209070600,201209070630,-9999.0,1.0,59.75,4.221,18.92,3.75738,2.48872,5.02768,5.27163,114.995,-9999.0,19.95,80.7
201209070630,201209070700,-9999.0,1.0,172.0,4.953,19.68,3.89763,8.2691,5.29331,9.66305,244.642,-9999.0,19.92,78.4
201209070700,201209070730,-4.8915,0.0,274.1,6.737,21.11,4.1597,9.15534,5.78316,11.6081,371.736,-9999.0,19.88,73.1
201209070730,201209070800,-8.24677,0.0,374.5,9.51,23.02,4.51596,12.7951,6.45761,12.7938,494.103,-9999.0,19.86,66.2
201209070800,201209070830,-8.38912,0.0,468.2,12.693,24.44,4.78935,13.1517,6.98173,13.4205,609.649,-9999.0,19.83,58.58
201209070830,201209070900,-6.20366,0.0,553.2,14.151,25.45,4.98978,11.1208,7.36502,13.8571,716.398,-9999.0,19.8,56.52
201209070900,201209070930,-9999.0,1.0,632.2,16.377,26.54,5.20831,11.0294,7.78323,14.1006,812.522,-9999.0,19.79,52.82
201209070930,201209071000,-9999.0,1.0,696.2,18.4,27.43,5.39089,14.0937,8.12856,14.2268,896.377,-9999.0,19.78,49.69
201209071000,201209071030,-9999.0,1.0,712.0,19.683,27.95,5.50297,13.2593,8.3306,14.2183,966.528,-9999.0,19.79,47.79
201209071030,201209071100,-6.44403,0.0,758.0,21.557,28.38,5.59818,11.8187,8.49631,14.2443,1021.78,-9999.0,19.8,44.23
201209071100,201209071130,-4.33479,0.0,788.0,23.38,29.09,5.74949,9.82124,8.77041,14.2103,1061.17,-9999.0,19.84,41.95
201209071130,201209071200,-6.20551,0.0,794.0,25.229,29.67,5.87618,11.7845,8.99238,14.103,1084.05,-9999.0,19.88,39.42
201209071200,201209071230,-3.57928,0.0,796.0,25.491,29.71,5.89557,9.16976,9.00003,14.1055,1090.01,-9999.0,19.93,38.93
201209071230,201209071300,-9999.0,1.0,771.0,26.788,30.23,6.00621,10.3118,9.19467,13.9556,1078.95,-9999.0,19.99,37.71
201209071300,201209071330,-9999.0,1.0,734.0,27.875,30.62,6.09123,12.3085,9.3365,13.784,1051.06,-9999.0,20.05,36.61
201209071330,201209071400,-3.49164,0.0,698.0,29.335,31.07,6.18879,9.30378,9.49992,13.5754,1006.83,-9999.0,20.11,34.98
201209071400,201209071430,-4.15663,0.0,648.0,31.218,31.64,6.31126,10.0606,9.70832,13.2782,946.998,-9999.0,20.17,33.01
201209071430,201209071500,-1.57312,0.0,562.0,31.848,31.76,6.34245,7.50096,9.73868,12.9197,872.598,-9999.0,20.25,32.12
201209071500,201209071530,-7.89954,0.0,490.3,27.055,30.88,6.16997,13.7,9.38666,12.9612,784.902,-9999.0,20.33,39.38
201209071530,201209071600,-1.03643,0.0,402.6,21.815,29.46,5.88934,6.62741,8.85228,12.8107,685.409,-9999.0,20.41,46.98
201209071600,201209071630,-4.2461,0.0,304.8,21.084,29.06,5.81516,9.7819,8.70289,11.9384,575.822,-9999.0,20.49,47.56
201209071630,201209071700,-2.73474,0.0,207.6,19.837,28.4,5.68902,8.17583,8.46811,10.5338,458.016,-9999.0,20.56,48.74
201209071700,201209071730,-0.056841,0.0,122.3,18.278,27.66,5.54741,5.39097,8.21517,8.33004,334.006,-9999.0,20.61,50.69
201209071730,201209071800,4.78224,0.0,47.44,15.866,26.79,5.38074,0.425112,7.93,4.57674,205.916,-9999.0,20.67,54.96
201209071800,201209071830,-9999.0,1.0,14.53,12.044,25.33,5.09972,-2.01535,7.47352,1.70911,75.9348,-9999.0,20.71,62.73
201209071830,201209071900,-9999.0,1.0,1.154,10.071,24.03,4.85311,-1.099,7.091,0.148476,0.438101,-9999.0,20.74,66.32
201209071900,201209071930,6.55857,0.0,0.33,8.563,23.06,4.67235,-1.90078,6.82353,0.04273,0.0,-9999.0,20.77,69.64
201209071930,201209072000,5.31616,0.0,0.33,7.29,22.22,4.51785,-0.780322,6.60492,0.042761,0.0,-9999.0,20.78,72.8
201209072000,201209072030,11.3799,0.0,0.33,5.77,21.35,4.35906,-6.97035,6.38852,0.042792,0.0,-9999.0,20.79,77.3
201209072030,201209072100,-9999.0,1.0,0.33,3.813,20.1,4.13172,0.631501,6.0855,0.042823,0.0,-9999.0,20.79,83.8
201209072100,201209072130,-9999.0,1.0,0.33,2.866,19.17,3.96598,0.921815,5.87822,0.042855,0.0,-9999.0,20.78,87.1
201209072130,201209072200,-9999.0,1.0,0.33,1.821,18.4,3.83096,0.883414,5.71939,0.042886,0.0,-9999.0,20.77,91.4
201209072200,201209072230,-9999.0,1.0,0.33,1.435,18.35,3.82599,0.865817,5.73516,0.042917,0.0,-9999.0,20.75,93.2
201209072230,201209072300,-9999.0,1.0,0.33,1.296,18.2,3.80304,0.890556,5.72802,0.042948,0.0,-9999.0,20.73,93.8
201209072300,201209072330,-9999.0,1.0,0.33,0.989,17.64,3.70687,0.780726,5.62877,0.042979,0.0,-9999.0,20.7,95.1
201209072330,201209080000,-9999.0,1.0,0.33,0.779,17.08,3.61141,0.712255,5.53393,0.04301,0.0,-9999.0,20.66,96.0
201209080000,201209080030,-9999.0,1.0,0.33,0.721,16.67,3.54299,0.564568,5.47554,0.043041,0.0,-9999.0,20.62,96.2
201209080030,201209080100,-9999.0,1.0,0.33,0.655,16.45,3.50812,0.529179,5.45992,0.043073,0.0,-9999.0,20.59,96.5
201209080100,201209080130,-9999.0,1.0,0.33,0.396,16.57,3.53281,0.668204,5.5167,0.043104,0.0,-9999.0,20.55,97.9
201209080130,201209080200,-9999.0,1.0,0.323,0.516,16.78,3.57345,0.608918,5.59197,0.042222,0.0,-9999.0,20.5,97.3
201209080200,201209080230,-9999.0,1.0,0.33,0.693,16.46,3.52083,0.515731,5.55664,0.043166,0.0,-9999.0,20.46,96.3
201209080230,201209080300,-9999.0,1.0,0.329,0.82,16.38,3.51044,0.37356,5.57185,0.043067,0.0,-9999.0,20.41,95.6
201209080300,201209080330,-9999.0,1.0,0.327,1.398,16.6,3.5528,0.407831,5.64808,0.042836,0.0,-9999.0,20.36,92.6
201209080330,201209080400,-9999.0,1.0,0.316,2.025,16.92,3.61312,0.468271,5.74395,0.041428,0.0,-9999.0,20.32,89.5
201209080400,201209080430,-4.25034,0.0,0.284,2.643,17.16,3.65959,8.09696,5.82289,0.037267,0.0,-9999.0,20.27,86.5
201209080430,201209080500,-9999.0,1.0,0.274,2.828,16.99,3.63306,0.512229,5.81914,0.035983,0.0,-9999.0,20.22,85.4
201209080500,201209080530,-9999.0,1.0,0.484,2.033,16.25,3.50574,0.359742,5.70507,0.063522,0.0,-9999.0,20.17,89.0
201209080530,201209080600,-9999.0,1.0,11.58,2.21,16.46,3.54641,0.420443,5.77737,1.42035,7.40551,-9999.0,20.12,88.2
201209080600,201209080630,3.05667,0.0,68.85,3.031,17.24,3.68907,0.816521,5.95901,6.31793,109.117,-9999.0,20.08,84.6
201209080630,201209080700,-7.99223,0.0,177.1,5.04,18.88,3.99141,12.1156,6.30936,11.0521,238.917,-9999.0,20.03,76.9
201209080700,201209080730,-9999.0,1.0,282.9,6.157,20.2,4.24164,11.9413,6.59836,13.4852,366.163,-9999.0,19.98,74.0
201209080730,201209080800,-9999.0,1.0,389.5,8.629,22.1,4.60872,11.328,7.00636,15.0231,488.675,-9999.0,19.93,67.57
201209080800,201209080830,-7.56253,0.0,493.3,11.514,23.78,4.94186,12.4487,7.37092,15.8144,604.359,-9999.0,19.88,60.91
201209080830,201209080900,-4.26404,0.0,591.7,14.98,25.21,5.23173,9.37681,7.6822,15.9115,711.234,-9999.0,19.84,53.31
201209080900,201209080930,-8.84304,0.0,673.5,17.677,26.14,5.42479,14.1055,7.88511,15.8578,807.472,-9999.0,19.82,47.86
201209080930,201209081000,-10.4538,0.0,733.0,20.453,27.09,5.62403,15.8697,8.08848,15.6052,891.427,-9999.0,19.8,42.95
201209081000,201209081030,-1.89796,0.0,780.0,20.637,27.3,5.67286,7.35178,8.13377,15.7529,961.662,-9999.0,19.8,43.14
201209081030,201209081100,-4.45627,0.0,814.0,22.851,27.74,5.76929,9.98419,8.22458,15.4564,1016.97,-9999.0,19.81,38.64
201209081100,201209081130,-4.39031,0.0,841.0,25.499,28.4,5.91191,10.027,8.35707,15.0459,1056.42,-9999.0,19.84,34.11
201209081130,201209081200,-6.54114,0.0,830.0,26.525,28.8,6.00125,12.246,8.43365,14.8439,1079.32,-9999.0,19.88,33.03
201209081200,201209081230,-9999.0,1.0,838.0,29.534,29.55,6.16446,11.0074,8.57635,14.3187,1085.29,-9999.0,19.92,28.59
201209081230,201209081300,-9999.0,2.0,810.0,31.987,29.99,6.26342,7.23114,8.654,13.8228,1074.22,-9999.0,19.97,24.59
201209081300,201209081330,-3.41716,0.0,784.0,33.792,30.51,6.37981,9.40791,8.74372,13.4511,1046.3,-9999.0,20.02,22.67
201209081330,201209081400,3.50539,0.0,697.6,34.377,30.92,6.47342,2.55574,8.80897,13.1408,1002.01,-9999.0,20.07,23.15
201209081400,201209081430,-1.38576,0.0,641.3,26.177,30.36,6.36091,7.36399,8.69344,14.4172,942.108,-9999.0,20.13,39.58
201209081430,201209081500,1.4139,0.0,579.9,24.999,30.06,6.3037,4.52243,8.62921,14.393,867.62,-9999.0,20.21,41.3
201209081500,201209081530,-5.31335,0.0,493.0,23.238,29.46,6.18306,11.1602,8.51564,14.2599,779.82,-9999.0,20.29,43.52
201209081530,201209081600,-6.13705,0.0,401.1,22.449,28.99,6.09012,11.9148,8.42921,13.7318,680.208,-9999.0,20.37,43.94
201209081600,201209081630,-4.24737,0.0,307.8,22.736,28.95,6.08783,10.0242,8.41734,12.7193,570.491,-9999.0,20.45,43.09
201209081630,201209081700,2.89812,0.0,211.4,21.311,28.63,6.02654,2.83327,8.36089,11.3181,452.545,-9999.0,20.51,45.66
201209081700,201209081730,10.6328,0.0,123.5,18.569,27.72,5.84161,-5.04058,8.21501,9.00268,328.388,-9999.0,20.56,50.08
201209081730,201209081800,-9999.0,1.0,43.87,15.013,26.75,5.64535,0.327515,8.06739,4.59118,200.145,-9999.0,20.61,57.28
201209081800,201209081830,6.81633,0.0,12.41,9.626,24.58,5.20507,-1.71165,7.75039,1.55077,70.0097,-9999.0,20.65,68.85
201209081830,201209081900,2.98927,0.0,0.899,6.306,22.81,4.85373,1.84087,7.5065,0.119995,0.0900501,-9999.0,20.68,77.3
201209081900,201209081930,-9999.0,1.0,0.33,4.594,21.6,4.61889,-0.095505,7.35235,0.044225,0.0,-9999.0,20.7,82.2
201209081930,201209082000,-9999.0,1.0,0.33,3.396,20.59,4.42609,0.296859,7.23249,0.044256,0.0,-9999.0,20.72,86.0
201209082000,201209082030,-9999.0,1.0,0.33,2.88,20.02,4.32019,0.353854,7.17742,0.044287,0.0,-9999.0,20.72,87.7
201209082030,201209082100,7.39901,0.0,0.33,2.369,19.57,4.23795,-3.05924,7.14109,0.044318,0.0,-9999.0,20.72,89.6
201209082100,201209082130,-9999.0,1.0,0.33,1.909,18.97,4.12756,0.656524,7.08714,0.04435,0.0,-9999.0,20.71,91.3
201209082130,201209082200,-9999.0,1.0,0.33,1.529,18.23,3.9916,0.729659,7.01756,0.044381,0.0,-9999.0,20.69,92.7
201209082200,201209082230,-9999.0,1.0,0.33,1.074,17.71,3.89804,0.721471,6.97897,0.044412,0.0,-9999.0,20.68,94.7
201209082230,201209082300,-9999.0,1.0,0.33,0.847,17.26,3.8181,0.640011,6.95116,0.044443,0.0,-9999.0,20.65,95.7
201209082300,201209082330,-9999.0,1.0,0.33,0.725,16.74,3.72574,0.568984,6.91618,0.044474,0.0,-9999.0,20.62,96.2
201209082330,201209090000,-9999.0,1.0,0.33,0.421,16.81,3.74235,0.648075,6.95579,0.044505,0.0,-9999.0,20.59,97.8
201209090000,201209090030,5.57069,0.0,0.33,0.191,16.74,3.73316,-1.64255,6.97816,0.044536,0.0,-9999.0,20.56,99.0
201209090030,201209090100,1.69714,0.0,0.33,0.076,16.71,3.73132,2.22997,6.96211,0.04432,0.0,-9999.0,20.52,99.6
201209090100,201209090130,-9999.0,1.0,0.33,0.145,15.98,3.60105,0.454951,6.86094,0.044103,0.0,-9999.0,20.47,99.2
201209090130,201209090200,-9999.0,1.0,0.33,0.071,15.52,3.52102,0.349885,6.79238,0.043887,0.0,-9999.0,20.43,99.6
201209090200,201209090230,-9999.0,1.0,0.33,1.288,15.55,3.52994,0.204931,6.7839,0.04367,0.0,-9999.0,20.39,92.7122
201209090230,201209090300,-9999.0,1.0,0.33,1.548,15.31,3.48999,0.423736,6.74233,0.043454,0.0,-9999.0,20.34,91.1062
201209090300,201209090330,-9999.0,1.0,0.33,1.752,15.01,3.43937,0.225728,6.69339,0.043237,0.0,-9999.0,20.3,89.7332
201209090330,201209090400,-9999.0,1.0,0.329,1.313,14.69,3.38538,0.058657,6.64195,0.04289,0.0,-9999.0,20.25,92.1499
201209090400,201209090430,-9999.0,1.0,0.33,0.0,14.6,3.37263,-0.125189,6.61888,0.042804,0.0,-9999.0,20.2,100.0
201209090430,201209090500,-9999.0,1.0,0.327,0.0,14.53,3.36344,0.070139,6.59831,0.042201,0.0,-9999.0,20.16,100.0
201209090500,201209090530,-9999.0,1.0,0.45,0.049,14.24,3.31507,-0.113047,6.55063,0.05774,0.0,-9999.0,20.11,99.7
201209090530,201209090600,-9999.0,1.0,8.11,0.047,13.74,3.22986,-1.35015,6.47688,0.993803,6.84882,-9999.0,20.05,99.7
201209090600,201209090630,-9999.0,1.0,62.97,1.437,14.03,3.28429,1.99254,6.501,5.97606,107.552,-9999.0,20.0,91.0287
201209090630,201209090700,-9999.0,1.0,168.5,0.139,15.3,3.51575,8.21602,6.64425,11.2018,237.453,-9999.0,19.95,99.2
201209090700,201209090730,-9999.0,2.0,274.2,0.708,16.79,3.79439,9.05887,6.81017,14.0387,364.722,-9999.0,19.9,96.3
201209090730,201209090800,-9999.0,1.0,384.7,4.429,19.28,4.27445,9.33846,7.08628,15.892,487.181,-9999.0,19.84,80.2
201209090800,201209090830,-9999.0,1.0,482.5,9.274,21.48,4.71511,13.7845,7.31924,17.0244,602.735,-9999.0,19.79,63.8
201209090830,201209090900,-9999.0,1.0,571.2,13.229,23.16,5.06203,10.2336,7.48804,17.0591,709.407,-9999.0,19.75,53.38
201209090900,201209090930,-9999.0,1.0,650.6,14.252,24.62,5.37032,13.8889,7.62878,17.33,805.372,-9999.0,19.7,53.99
201209090930,201209091000,-9999.0,1.0,713.0,16.164,25.98,5.66271,14.4075,7.75545,17.1986,888.987,-9999.0,19.67,51.87
201209091000,201209091030,-9999.0,1.0,760.0,17.514,26.67,5.81555,13.9587,7.81136,17.0807,958.823,-9999.0,19.66,49.93
201209091030,201209091100,-9.85779,0.0,791.0,17.697,27.24,5.94375,15.5529,7.8543,17.1557,1013.68,-9999.0,19.66,51.07
201209091100,201209091130,-0.977286,0.0,811.0,17.0,27.8,6.07064,6.76936,7.89556,17.3942,1052.63,-9999.0,19.68,54.51
201209091130,201209091200,-10.0807,0.0,814.0,18.699,28.17,6.15697,15.9387,7.91748,16.9869,1075.0,-9999.0,19.71,51.03
201209091200,201209091230,-4.4705,0.0,824.0,19.846,29.06,6.3576,10.4801,7.98972,16.7456,1080.4,-9999.0,19.75,50.64
201209091230,201209091300,1.70963,0.0,767.0,20.857,29.56,6.47383,4.38774,8.02312,16.2863,1068.75,-9999.0,19.8,49.6
201209091300,201209091330,-9999.0,1.0,739.0,20.313,29.39,6.44259,12.9859,7.99184,16.2814,1040.25,-9999.0,19.85,50.43
201209091330,201209091400,-9999.0,1.0,714.0,19.284,29.05,6.37389,14.4677,7.94418,16.3841,995.372,-9999.0,19.91,52.01
201209091400,201209091430,-9999.0,1.0,624.9,20.558,29.04,6.37785,11.8465,7.92836,15.638,934.897,-9999.0,19.97,48.81
201209091430,201209091500,-9999.0,1.0,497.3,21.098,28.69,6.30693,11.1472,7.87976,14.6631,859.857,-9999.0,20.06,46.39
201209091500,201209091530,-7.45275,0.0,483.7,20.872,28.79,6.33504,13.45,7.87462,14.5774,771.536,-9999.0,20.15,47.27
201209091530,201209091600,-9.01233,0.0,396.0,18.476,28.02,6.17188,14.8876,7.78535,14.104,671.444,-9999.0,20.23,51.19
201209091600,201209091630,-5.42556,0.0,258.4,18.418,27.68,6.10336,11.2498,7.73759,12.0179,561.295,-9999.0,20.3,50.37
201209091630,201209091700,5.52211,0.0,225.5,18.558,27.35,6.0371,0.25264,7.69078,11.2806,442.972,-9999.0,20.37,49.02
201209091700,201209091730,5.95374,0.0,134.1,17.037,27.18,6.00579,-0.20202,7.65962,8.69773,318.501,-9999.0,20.43,52.73
201209091730,201209091800,11.795,0.0,45.17,13.421,25.68,5.68631,-6.28654,7.49695,4.09638,190.011,-9999.0,20.48,59.32
201209091800,201209091830,11.512,0.0,9.75,9.513,24.1,5.35408,-6.25964,7.32342,1.03709,59.8125,-9999.0,20.52,68.32
201209091830,201209091900,10.9682,0.0,0.579,5.394,22.74,5.07293,-5.9351,7.16966,0.064002,0.0,-9999.0,20.55,80.5
201209091900,201209091930,-9999.0,1.0,0.33,3.246,21.57,4.835,0.09594,7.0337,0.036306,0.0,-9999.0,20.57,87.4
201209091930,201209092000,-9999.0,1.0,0.33,1.935,20.75,4.67148,0.423344,6.93347,0.03609,0.0,-9999.0,20.58,92.1
201209092000,201209092030,-9999.0,1.0,0.33,1.485,20.13,4.54993,0.365173,6.85401,0.035873,0.0,-9999.0,20.59,93.7
201209092030,201209092100,-9999.0,1.0,0.33,0.953,19.9,4.50776,0.6567,6.81622,0.035656,0.0,-9999.0,20.59,95.9
201209092100,201209092130,-9999.0,1.0,0.33,0.553,19.75,4.48178,0.86047,6.78703,0.03544,0.0,-9999.0,20.58,97.6
201209092130,201209092200,-9999.0,1.0,0.33,0.252,19.66,4.4679,0.993279,6.76431,0.035223,0.0,-9999.0,20.57,98.9
201209092200,201209092230,-9999.0,1.0,0.33,0.254,19.81,4.50245,0.930689,6.76733,0.035007,0.0,-9999.0,20.56,98.9
201209092230,201209092300,-9999.0,1.0,0.33,0.292,19.33,4.40992,1.1261,6.70286,0.03479,0.0,-9999.0,20.54,98.7
201209092300,201209092330,-9999.0,1.0,0.33,0.111,19.18,4.38397,1.09646,6.67378,0.034573,0.0,-9999.0,20.53,99.5
201209092330,201209100000,-9999.0,1.0,0.33,0.088,19.01,4.35403,1.12621,6.64258,0.034357,0.0,-9999.0,20.51,99.6
201209100000,201209100030,-9999.0,1.0,0.33,0.13,18.78,4.3121,1.0923,6.60494,0.03414,0.0,-9999.0,20.48,99.4
201209100030,201209100100,-9999.0,1.0,0.33,0.021,18.45,4.25034,1.06557,6.55653,0.033924,0.0,-9999.0,20.46,99.9
201209100100,201209100130,-9999.0,1.0,0.33,1.587,18.1,4.18484,0.710523,6.50591,0.033707,0.0,-9999.0,20.44,92.3613
201209100130,201209100200,-9999.0,1.0,0.33,1.333,17.54,4.07826,0.678323,6.4324,0.033491,0.0,-9999.0,20.41,93.3521
201209100200,201209100230,-9999.0,1.0,0.33,0.611,17.71,4.11559,0.721,6.43828,0.033274,0.0,-9999.0,20.38,96.9869
201209100230,201209100300,-9999.0,1.0,0.33,0.996,18.15,4.20665,0.716277,6.47316,0.033057,0.0,-9999.0,20.36,95.2213
201209100300,201209100330,-9999.0,1.0,0.33,1.361,18.03,4.18676,0.692083,6.44754,0.032841,0.0,-9999.0,20.33,93.4196
201209100330,201209100400,-9999.0,1.0,0.33,1.665,17.61,4.10749,0.632454,6.38959,0.032624,0.0,-9999.0,20.29,91.736
201209100400,201209100430,-9999.0,1.0,0.33,1.808,17.14,4.01884,0.483583,6.32612,0.032408,0.0,-9999.0,20.26,90.7521
201209100430,201209100500,-9999.0,1.0,0.33,1.489,16.61,3.91908,0.354443,6.25596,0.032191,0.0,-9999.0,20.23,92.1253
201209100500,201209100530,-9999.0,1.0,0.35,0.974,16.6,3.92081,0.369492,6.24247,0.033909,0.0,-9999.0,20.2,94.8462
201209100530,201209100600,-12.9561,0.0,4.302,0.784,17.57,4.11503,17.2315,6.33487,0.40696,5.02799,-9999.0,20.16,96.0996
201209100600,201209100630,-9999.0,1.0,16.32,1.334,17.97,4.19845,0.740166,6.36497,1.45934,101.61,-9999.0,20.13,93.5268
201209100630,201209100700,-9999.0,1.0,47.36,1.148,17.96,4.20038,1.19292,6.35122,3.74957,231.655,-9999.0,20.1,94.4263
201209100700,201209100730,-9999.0,1.0,79.6,0.745,18.54,4.32079,4.28359,6.39978,5.64256,359.066,-9999.0,20.06,96.5125
201209100730,201209100800,-11.5977,0.0,112.7,0.315,19.61,4.5427,16.2241,6.49838,7.22379,481.661,-9999.0,20.03,98.6221
201209100800,201209100830,-9999.0,1.0,207.4,0.915,20.2,4.66868,8.70407,6.54591,10.5428,597.345,-9999.0,20.0,96.137
201209100830,201209100900,-9999.0,1.0,507.6,1.028,21.13,4.86717,14.202,6.62699,15.7944,704.136,-9999.0,19.98,95.9
201209100900,201209100930,-11.344,0.0,612.7,4.533,22.93,5.25462,16.5384,6.79208,16.7875,800.207,-9999.0,19.96,83.8
201209100930,201209101000,-9999.0,1.0,687.0,8.97,24.77,5.6599,12.3402,6.95562,17.3541,883.916,-9999.0,19.94,71.3
201209101000,201209101030,-9999.0,1.0,749.0,12.713,26.04,5.94642,13.9982,7.06092,17.2733,953.83,-9999.0,19.94,62.28
201209101030,201209101100,-9999.0,1.0,756.0,16.327,27.37,6.25052,13.4085,7.16901,16.6652,1008.75,-9999.0,19.95,55.2
201209101100,201209101130,-9999.0,1.0,671.0,19.84,27.79,6.35145,13.6299,7.19255,15.5575,1047.74,-9999.0,19.97,46.88
201209101130,201209101200,-13.3765,0.0,683.7,22.473,28.64,6.55108,19.5672,7.25414,15.2177,1070.13,-9999.0,20.0,42.73
201209101200,201209101230,-2.95163,0.0,794.0,24.082,29.01,6.64199,9.21115,7.27217,15.5425,1075.55,-9999.0,20.03,39.93
201209101230,201209101300,-8.87865,0.0,669.3,21.258,29.09,6.66653,15.1573,7.26438,15.2967,1063.88,-9999.0,20.07,47.22
201209101300,201209101330,-10.9687,0.0,742.0,18.704,28.82,6.61062,17.2063,7.22572,16.126,1035.34,-9999.0,20.11,52.83
201209101330,201209101400,-12.7529,0.0,712.0,17.233,28.37,6.51346,18.9185,7.17111,16.1663,990.42,-9999.0,20.15,55.39
201209101400,201209101430,-8.37099,0.0,661.8,16.684,28.03,6.44163,14.4834,7.12619,15.8989,929.878,-9999.0,20.21,55.95
201209101430,201209101500,-9.90288,0.0,613.2,17.017,28.16,6.47734,16.0429,7.12306,15.4692,854.754,-9999.0,20.28,55.41
201209101500,201209101530,-8.0324,0.0,573.2,15.75,27.83,6.40775,14.1208,7.0791,15.2935,766.334,-9999.0,20.35,57.93
201209101530,201209101600,-9.68354,0.0,486.4,15.916,27.6,6.36107,15.7375,7.04404,14.3967,666.131,-9999.0,20.42,56.91
201209101600,201209101630,-3.69131,0.0,406.4,17.519,28.11,6.48378,9.83843,7.07457,13.2292,555.858,-9999.0,20.48,53.96
201209101630,201209101700,-5.99087,0.0,268.2,17.237,28.22,6.51504,12.1622,7.06956,10.9318,437.404,-9999.0,20.54,54.99
201209101700,201209101730,-9999.0,1.0,165.0,13.825,27.17,6.28033,2.89461,6.96212,8.40963,312.794,-9999.0,20.59,61.62
201209101730,201209101800,-9999.0,1.0,64.33,10.31,25.88,5.99324,1.20019,6.83196,4.24095,184.161,-9999.0,20.63,69.12
201209101800,201209101830,10.9898,0.0,11.68,6.813,24.39,5.66477,-5.4641,6.68167,0.897313,54.211,-9999.0,20.67,77.7
201209101830,201209101900,9.96733,0.0,0.479,4.052,23.02,5.36735,-4.67229,6.54024,0.037904,0.0,-9999.0,20.7,85.6
201209101900,201209101930,4.55195,0.0,0.33,2.405,22.17,5.18676,0.601978,6.44634,0.02591,0.0,-9999.0,20.72,91.0
201209101930,201209102000,2.49243,0.0,0.33,1.391,21.57,5.06163,2.56329,6.3757,0.025693,0.0,-9999.0,20.74,94.6
201209102000,201209102030,-9999.0,1.0,0.33,0.873,21.04,4.95226,0.62478,6.31153,0.025477,0.0,-9999.0,20.75,96.5
201209102030,201209102100,-9999.0,1.0,0.329,0.509,20.59,4.86054,0.903868,6.25492,0.025184,0.0,-9999.0,20.75,97.9
201209102100,201209102130,2.27036,0.0,0.33,0.145,20.49,4.84365,2.61375,6.23205,0.025044,0.0,-9999.0,20.75,99.4
201209102130,201209102200,-9999.0,1.0,0.33,0.0,20.09,4.76298,0.890292,6.18022,0.024827,0.0,-9999.0,20.74,100.0
201209102200,201209102230,-9999.0,1.0,0.33,1.675,19.66,4.67632,0.883928,6.12541,0.02461,0.0,-9999.0,20.73,92.6843
201209102230,201209102300,-9999.0,1.0,0.33,1.548,19.18,4.57957,0.881621,6.06564,0.024394,0.0,-9999.0,20.72,93.0349
201209102300,201209102330,-9999.0,1.0,0.33,1.192,18.93,4.53137,0.852398,6.02829,0.024177,0.0,-9999.0,20.7,94.5545
201209102330,201209110000,-9999.0,1.0,0.33,1.46,18.85,4.51876,0.902513,6.00758,0.023961,0.0,-9999.0,20.68,93.2969
201209110000,201209110030,-9999.0,1.0,0.33,1.523,18.6,4.47066,0.836762,5.97028,0.023744,0.0,-9999.0,20.66,92.8965
201209110030,201209110100,-9999.0,1.0,0.33,1.228,18.19,4.38948,0.777715,5.93716,0.023934,0.0,-9999.0,20.63,94.1225
201209110100,201209110130,-9999.0,1.0,0.33,1.02,18.24,4.40383,0.760226,5.94928,0.024123,0.0,-9999.0,20.6,95.1349
201209110130,201209110200,-8.52163,0.0,0.33,1.122,18.5,4.46194,13.1031,5.98244,0.024313,0.0,-9999.0,20.58,94.7325
201209110200,201209110230,-9999.0,1.0,0.33,1.33,18.4,4.44511,0.750961,5.97971,0.024502,0.0,-9999.0,20.55,93.7182
201209110230,201209110300,-9999.0,1.0,0.33,1.542,18.21,4.40954,0.71227,5.96773,0.024692,0.0,-9999.0,20.52,92.6272
201209110300,201209110330,-9999.0,1.0,0.329,1.666,18.01,4.37195,0.659597,5.95445,0.024806,0.0,-9999.0,20.48,91.9365
201209110330,201209110400,-9999.0,1.0,0.327,1.531,17.94,4.36135,0.668865,5.95427,0.024843,0.0,-9999.0,20.45,92.5549
201209110400,201209110430,-9999.0,1.0,0.326,1.494,18.02,4.38191,0.66063,5.96954,0.024954,0.0,-9999.0,20.42,92.7739
201209110430,201209110500,-9999.0,1.0,0.325,1.55,18.04,4.39001,0.647082,5.97865,0.025064,0.0,-9999.0,20.39,92.5132
201209110500,201209110530,-9999.0,1.0,0.338,1.722,17.96,4.3773,0.626369,5.97733,0.02626,0.0,-9999.0,20.36,91.6407
201209110530,201209110600,-9999.0,1.0,5.172,1.902,17.44,4.27338,0.629006,5.92937,0.398262,3.49246,-9999.0,20.33,90.4557
201209110600,201209110630,-9999.0,1.0,44.74,1.444,17.0,4.1866,1.26665,5.889,3.06511,95.6343,-9999.0,20.3,92.5484
201209110630,201209110700,-9999.0,1.0,126.4,0.391,17.39,4.2707,7.90094,5.93739,7.03781,225.82,-9999.0,20.27,98.0311
201209110700,201209110730,-2.50609,0.0,212.4,0.305,18.32,4.46844,7.099,6.04379,9.89319,353.368,-9999.0,20.24,98.5519
201209110730,201209110800,0.7047,0.0,313.2,0.392,19.5,4.72284,4.09494,6.17652,12.2469,476.096,-9999.0,20.21,98.2717
201209110800,201209110830,1.61014,0.0,434.2,1.827,20.94,5.03888,3.44305,6.33586,14.2356,591.904,-9999.0,20.17,92.6288
201209110830,201209110900,-4.95499,0.0,527.8,1.352,22.36,5.35716,10.2603,6.49204,15.3869,698.81,-9999.0,20.14,95.0
201209110900,201209110930,-13.8829,0.0,610.5,5.652,24.12,5.75889,19.502,6.68168,16.2111,794.985,-9999.0,20.12,81.2
201209110930,201209111000,-9999.0,1.0,689.8,10.565,25.67,6.1204,14.2299,6.84844,16.8026,878.784,-9999.0,20.11,67.96
201209111000,201209111030,-9999.0,1.0,725.0,13.53,26.75,6.3777,15.2413,6.96761,16.6925,948.773,-9999.0,20.1,61.5
201209111030,201209111100,-9999.0,1.0,780.0,15.835,27.48,6.55521,13.9239,7.05216,16.7496,1003.75,-9999.0,20.11,56.83
201209111100,201209111130,-9999.0,1.0,742.0,18.154,28.12,6.71274,14.4386,7.12805,16.2471,1042.79,-9999.0,20.13,52.32
201209111130,201209111200,-7.55906,0.0,797.0,21.429,28.84,6.89049,14.041,7.21205,16.1509,1065.2,-9999.0,20.15,46.02
201209111200,201209111230,-6.89713,0.0,803.0,24.504,29.78,7.12258,13.5524,7.31773,15.8082,1070.62,-9999.0,20.19,41.53
201209111230,201209111300,-9.64809,0.0,704.0,25.663,29.89,7.15547,16.3285,7.34258,15.1747,1058.94,-9999.0,20.23,39.15
201209111300,201209111330,-9.05531,0.0,626.8,23.138,29.15,6.98332,15.6088,7.28345,14.9949,1030.37,-9999.0,20.27,42.75
201209111330,201209111400,-4.49379,0.0,676.7,24.336,29.31,7.02804,11.0813,7.31313,15.2003,985.402,-9999.0,20.32,40.34
201209111400,201209111430,-9.30508,0.0,647.7,25.195,29.36,7.04633,15.907,7.33193,14.9428,924.795,-9999.0,20.37,38.41
201209111430,201209111500,-6.8542,0.0,571.1,25.846,29.47,7.07914,13.4813,7.35684,14.3672,849.59,-9999.0,20.43,37.22
201209111500,201209111530,-6.2703,0.0,427.2,25.301,29.12,7.00081,12.8399,7.33514,13.1366,761.075,-9999.0,20.5,37.29
201209111530,201209111600,-6.55798,0.0,387.4,26.366,29.16,7.01665,13.1402,7.3529,12.6135,660.764,-9999.0,20.56,34.8
201209111600,201209111630,-1.84549,0.0,275.2,25.27,28.82,6.94073,8.37197,7.3315,11.0357,550.372,-9999.0,20.62,36.27
201209111630,201209111700,-1.78919,0.0,190.2,24.695,28.42,6.85044,8.24905,7.30327,9.22542,431.79,-9999.0,20.67,36.26
201209111700,201209111730,-1.44272,0.0,104.0,21.627,27.67,6.67643,7.7729,7.2373,6.45461,307.046,-9999.0,20.71,41.69
201209111730,201209111800,9.37033,0.0,37.16,15.181,26.0,6.28535,-3.33525,7.07011,2.94101,178.274,-9999.0,20.74,54.85
201209111800,201209111830,11.7256,0.0,9.94,9.884,24.21,5.87217,-6.00659,6.88391,0.884096,48.8748,-9999.0,20.76,67.3
201209111830,201209111900,-9999.0,1.0,0.471,6.259,22.76,5.5438,-0.444509,6.73029,0.04387,0.0,-9999.0,20.78,77.4
201209111900,201209111930,-9999.0,1.0,0.33,4.013,21.65,5.29701,0.310012,6.6118,0.030945,0.0,-9999.0,20.8,84.5
201209111930,201209112000,-9999.0,1.0,0.33,2.809,20.7,5.08893,0.681013,6.50927,0.031135,0.0,-9999.0,20.8,88.5
201209112000,201209112030,-9999.0,1.0,0.33,2.093,19.73,4.87884,0.598363,6.40201,0.031324,0.0,-9999.0,20.8,90.9
201209112030,201209112100,-9999.0,1.0,0.33,1.369,19.33,4.79544,0.772324,6.36167,0.031514,0.0,-9999.0,20.79,93.9
201209112100,201209112130,5.77241,0.0,0.33,1.038,19.08,4.74505,-0.93906,6.33898,0.031704,0.0,-9999.0,20.78,95.3
201209112130,201209112200,1.48127,0.0,0.33,0.609,18.83,4.69477,3.31201,6.31591,0.031893,0.0,-9999.0,20.76,97.2
201209112200,201209112230,-9999.0,1.0,0.33,0.463,18.31,4.58625,0.851452,6.25892,0.032083,0.0,-9999.0,20.74,97.8
201209112230,201209112300,-9999.0,1.0,0.33,0.365,17.72,4.46349,0.887544,6.19217,0.032272,0.0,-9999.0,20.72,98.2
201209112300,201209112330,-9999.0,1.0,0.33,0.237,17.27,4.37143,0.740766,6.14203,0.032462,0.0,-9999.0,20.69,98.8
201209112330,201209120000,-9999.0,1.0,0.33,0.268,16.83,4.28205,0.629118,6.09239,0.032651,0.0,-9999.0,20.66,98.6
201209120000,201209120030,-9999.0,1.0,0.33,0.057,16.66,4.24993,0.566665,6.07683,0.032841,0.0,-9999.0,20.63,99.7
201209120030,201209120100,-9999.0,1.0,0.33,0.073,16.16,4.14873,0.578062,6.01815,0.03303,0.0,-9999.0,20.59,99.6
201209120100,201209120130,-9999.0,1.0,0.33,1.162,16.16,4.15233,0.370587,6.02409,0.03322,0.0,-9999.0,20.55,93.6788
201209120130,201209120200,-9999.0,1.0,0.33,1.041,16.06,4.13503,0.276694,6.01689,0.033409,0.0,-9999.0,20.51,94.2967
201209120200,201209120230,-9999.0,1.0,0.33,1.743,15.71,4.0657,0.199502,5.97648,0.033599,0.0,-9999.0,20.47,90.2376
201209120230,201209120300,-9999.0,1.0,0.33,1.148,15.62,4.05053,0.179034,5.97018,0.033788,0.0,-9999.0,20.43,93.5356
201209120300,201209120330,-9999.0,1.0,0.33,0.932,15.53,4.03536,0.203262,5.96376,0.033978,0.0,-9999.0,20.39,94.7177
201209120330,201209120400,-9999.0,1.0,0.33,1.629,15.41,4.01398,0.260397,5.95319,0.034167,0.0,-9999.0,20.34,90.6987
201209120400,201209120430,-9999.0,1.0,0.33,1.367,15.26,3.98641,0.379198,5.93839,0.034357,0.0,-9999.0,20.29,92.1208
201209120430,201209120500,-9999.0,1.0,0.33,1.449,15.51,4.04167,0.222469,5.97776,0.034546,0.0,-9999.0,20.25,91.782
201209120500,201209120530,-9999.0,1.0,0.33,1.363,15.66,4.07639,0.177098,6.00374,0.034736,0.0,-9999.0,20.2,92.3408
201209120530,201209120600,1.15146,0.0,4.598,1.435,15.97,4.14478,3.19928,6.05168,0.476555,3.08903,-9999.0,20.15,92.0924
201209120600,201209120630,-9999.0,1.0,23.7,1.343,16.11,4.1778,0.745438,6.07665,2.26045,93.9912,-9999.0,20.11,92.6659
201209120630,201209120700,-9999.0,1.0,45.57,0.961,16.83,4.33416,1.16322,6.18105,3.98357,224.26,-9999.0,20.07,94.9892
201209120700,201209120730,-9999.0,1.0,185.2,0.094,18.19,4.63193,9.67561,6.37243,10.4849,351.815,-9999.0,20.02,99.5522
201209120730,201209120800,-9999.0,2.0,327.5,0.119,20.24,5.09168,13.2327,6.65525,13.7115,474.472,-9999.0,19.99,99.5
201209120800,201209120830,-9999.0,2.0,443.4,2.304,21.65,5.41767,13.5515,6.85091,15.3369,590.135,-9999.0,19.95,91.1
201209120830,201209120900,-9999.0,1.0,547.5,4.706,22.85,5.70096,14.7865,7.01819,16.3866,696.822,-9999.0,19.92,83.1
201209120900,201209120930,-6.0759,0.0,625.2,10.269,24.51,6.09824,11.9901,7.24468,16.9789,792.71,-9999.0,19.9,66.63
201209120930,201209121000,-13.3754,0.0,694.8,14.554,25.67,6.38214,19.5076,7.40549,16.9819,876.157,-9999.0,19.88,55.86
201209121000,201209121030,-10.3288,0.0,729.0,13.658,26.21,6.51856,16.5654,7.48659,17.2793,945.736,-9999.0,19.88,59.88
201209121030,201209121100,-12.3595,0.0,785.0,14.829,26.58,6.61434,18.6694,7.54614,17.4392,1000.26,-9999.0,19.89,57.38
201209121100,201209121130,-8.83847,0.0,733.0,15.381,27.17,6.76459,15.2626,7.63421,17.137,1038.78,-9999.0,19.91,57.3
201209121130,201209121200,-4.89143,0.0,552.0,13.929,27.17,6.77036,11.3206,7.64671,16.1508,1060.66,-9999.0,19.94,61.33
201209121200,201209121230,-9.72916,0.0,706.0,14.667,27.17,6.77612,16.1635,7.65922,17.0973,1065.51,-9999.0,19.97,59.28
201209121230,201209121300,-9.23111,0.0,685.2,16.149,27.71,6.91526,15.7707,7.74178,16.8417,1053.26,-9999.0,20.01,56.56
201209121300,201209121330,-8.0879,0.0,696.2,17.498,27.83,6.95089,14.655,7.77019,16.7754,1024.1,-9999.0,20.05,53.26
201209121330,201209121400,-4.2204,0.0,612.4,17.738,28.13,7.03136,10.8485,7.82215,16.2815,978.546,-9999.0,20.1,53.44
201209121400,201209121430,-6.59242,0.0,625.9,17.511,27.74,6.94034,13.1532,7.78419,16.4041,917.37,-9999.0,20.15,52.98
201209121430,201209121500,-5.73303,0.0,555.7,17.28,27.59,6.90898,12.271,7.77726,15.9721,841.621,-9999.0,20.22,53.19
201209121500,201209121530,-2.00295,0.0,324.1,15.528,27.02,6.77362,8.43996,7.71426,13.6644,752.595,-9999.0,20.28,56.51
201209121530,201209121600,-4.12749,0.0,206.1,13.662,26.03,6.53563,10.3853,7.5935,11.4081,651.814,-9999.0,20.35,59.44
201209121600,201209121630,-9999.0,1.0,156.4,11.812,25.48,6.40665,9.21434,7.53044,10.0011,541.003,-9999.0,20.4,63.77
201209121630,201209121700,-9999.0,1.0,85.2,9.597,25.07,6.31219,2.5726,7.48561,6.92809,422.059,-9999.0,20.45,69.84
201209121700,201209121730,2.19913,0.0,79.9,7.968,24.57,6.19619,3.80166,7.42757,6.65009,297.016,-9999.0,20.49,74.2
201209121730,201209121800,2.3665,0.0,53.38,7.272,24.39,6.15787,3.60555,7.41339,4.9551,168.013,-9999.0,20.52,76.2
201209121800,201209121830,6.57418,0.0,4.505,6.545,23.87,6.0376,-0.694098,7.35108,0.529341,40.2766,-9999.0,20.54,77.9
201209121830,201209121900,5.43751,0.0,0.325,5.977,23.53,5.96099,0.384019,7.31338,0.03925,0.0,-9999.0,20.56,79.4
201209121900,201209121930,3.81039,0.0,0.272,5.31,23.35,5.92284,1.98227,7.298,0.033015,0.0,-9999.0,20.58,81.5
201209121930,201209122000,3.27567,0.0,0.249,5.326,23.31,5.91823,2.5141,7.30248,0.03037,0.0,-9999.0,20.58,81.4
201209122000,201209122030,3.0534,0.0,0.217,5.746,23.45,5.95681,2.76696,7.33283,0.026597,0.0,-9999.0,20.59,80.1
201209122030,201209122100,8.74123,0.0,0.235,5.161,23.24,5.91138,-2.95541,7.31272,0.028935,0.0,-9999.0,20.6,81.9
201209122100,201209122130,5.12313,0.0,0.215,4.334,23.13,5.88995,0.646734,7.30687,0.026599,0.0,-9999.0,20.6,84.7
201209122130,201209122200,3.18547,0.0,0.166,4.29,23.18,5.90689,2.59823,7.32426,0.020638,0.0,-9999.0,20.6,84.9
201209122200,201209122230,4.56903,0.0,0.174,4.182,22.98,5.86383,1.1819,7.305,0.021732,0.0,-9999.0,20.6,85.1
201209122230,201209122300,-9999.0,1.0,0.162,3.342,22.85,5.83758,0.168873,7.2958,0.020327,0.0,-9999.0,20.6,88.0
201209122300,201209122330,-9999.0,1.0,0.148,2.539,22.7,5.80653,-0.162175,7.28345,0.018657,0.0,-9999.0,20.59,90.8
201209122330,201209130000,-9999.0,1.0,0.219,2.584,22.46,5.75398,-0.04424,7.25745,0.027723,0.0,-9999.0,20.59,90.5
201209130000,201209130030,-9999.0,1.0,0.179,2.754,22.34,5.73013,0.194055,7.24912,0.022767,0.0,-9999.0,20.59,89.8
201209130030,201209130100,8.58689,0.0,0.244,3.432,22.1,5.67767,-2.97791,7.19558,0.030945,0.0,-9999.0,20.59,87.1
201209130100,201209130130,7.2079,0.0,0.33,2.236,20.8,5.37516,-1.83657,6.98103,0.041726,0.0,-9999.0,20.59,90.9
201209130130,201209130200,10.0043,0.0,0.33,1.843,19.36,5.04537,-4.89538,6.74247,0.041621,0.0,-9999.0,20.58,91.8
201209130200,201209130230,9.16892,0.0,0.326,0.802,18.77,4.91452,-4.16475,6.63335,0.041013,0.0,-9999.0,20.58,96.3
201209130230,201209130300,9.60097,0.0,0.328,0.465,18.38,4.82994,-4.66463,6.55485,0.04116,0.0,-9999.0,20.57,97.8
201209130300,201209130330,11.0947,0.0,0.329,0.267,17.9,4.72549,-6.24263,6.46205,0.04118,0.0,-9999.0,20.55,98.7
201209130330,201209130400,3.63309,0.0,0.325,0.0,17.76,4.69791,1.19708,6.42218,0.040576,0.0,-9999.0,20.53,100.0
201209130400,201209130430,5.59098,0.0,0.32,0.462,17.89,4.73107,-0.73322,6.42452,0.039851,0.0,-9999.0,20.5,97.7473
201209130430,201209130500,8.82408,0.0,0.119,0.605,18.0,4.75983,-3.94235,6.42375,0.014798,0.0,-9999.0,20.48,97.0691
201209130500,201209130530,-9999.0,1.0,0.154,0.875,17.82,4.72311,1.03685,6.3776,0.019098,0.0,-9999.0,20.44,95.7143
201209130530,201209130600,-9999.0,1.0,0.356,0.643,17.71,4.70221,1.09939,6.34236,0.043984,1.91534,-9999.0,20.4,96.8297
201209130600,201209130630,-9999.0,1.0,3.885,0.0,17.56,4.67231,1.38724,6.3008,0.469525,87.9598,-9999.0,20.36,100.0
201209130630,201209130700,-9999.0,1.0,15.69,0.0,17.28,4.61328,1.26657,6.23874,1.77702,218.359,-9999.0,20.33,100.0
201209130700,201209130730,-9999.0,1.0,43.63,0.0,16.82,4.51433,1.70581,6.14814,4.31369,346.041,-9999.0,20.29,100.0
201209130730,201209130800,-9999.0,1.0,73.7,6.752,16.25,4.39176,3.18197,6.03986,6.41111,468.822,-9999.0,20.24,-9999.0
201209130800,201209130830,1.29775,0.0,73.1,6.46,16.23,4.39097,3.28529,6.01858,6.36107,584.6,-9999.0,20.19,-9999.0
201209130830,201209130900,-9999.0,1.0,172.7,8.536,16.61,4.47874,8.02911,6.0607,10.7847,691.394,-9999.0,20.14,-9999.0
201209130900,201209130930,-9999.0,1.0,320.5,0.157,17.16,4.60533,9.46358,6.12962,14.115,787.378,-9999.0,20.09,99.2
201209130930,201209131000,-9.37566,0.0,475.5,2.031,18.22,4.84945,14.3359,6.27862,15.9978,870.908,-9999.0,20.04,90.3
201209131000,201209131030,-13.6735,0.0,512.5,3.823,18.9,5.00991,18.7641,6.36738,16.3109,940.557,-9999.0,20.0,82.5
201209131030,201209131100,-16.0316,0.0,708.0,5.389,19.68,5.19569,21.2719,6.47149,17.5828,995.131,-9999.0,19.96,76.5
201209131100,201209131130,-12.3488,0.0,817.0,7.048,20.62,5.42182,17.7697,6.60011,18.0694,1033.7,-9999.0,19.93,71.0
201209131130,201209131200,-11.9526,0.0,556.225,9.059,21.85,5.7212,17.6102,6.77296,16.6115,1055.6,-9999.0,19.9,65.43
201209131200,201209131230,-7.2346,0.0,535.6,10.327,22.56,5.89841,13.0314,6.86491,16.3935,1060.45,-9999.0,19.89,62.26
201209131230,201209131300,-3.99167,0.0,164.3,4.515,18.57,4.95399,9.04006,6.22606,10.3742,1048.18,-9999.0,19.88,78.9
201209131300,201209131330,-5.44679,0.0,181.3,6.459,18.83,5.0183,10.5477,6.24908,10.9002,1019.0,-9999.0,19.89,70.3
201209131330,201209131400,-8.78682,0.0,243.6,9.017,19.98,5.29201,14.1077,6.41173,12.5061,973.399,-9999.0,19.89,61.4
201209131400,201209131430,-14.5641,0.0,295.1,9.733,20.62,5.44846,20.0099,6.49407,13.5146,912.162,-9999.0,19.88,59.95
201209131430,201209131500,-12.5648,0.0,324.2,10.504,20.58,5.44334,18.0072,6.47014,13.9341,836.338,-9999.0,19.88,56.67
201209131500,201209131530,-12.1638,0.0,302.5,10.818,20.68,5.47169,17.6293,6.4681,13.5289,747.222,-9999.0,19.87,55.65
201209131530,201209131600,-4.3826,0.0,128.0,9.634,19.86,5.28083,9.69701,6.32185,8.92231,646.341,-9999.0,19.86,58.45
201209131600,201209131630,-2.87033,0.0,98.0,9.286,19.56,5.21418,8.1321,6.25688,7.53335,535.419,-9999.0,19.85,59.2
201209131630,201209131700,-2.95351,0.0,82.5,9.417,19.73,5.25861,8.25141,6.26585,6.69148,416.356,-9999.0,19.85,59.06
201209131700,201209131730,0.564432,0.0,64.54,9.239,19.45,5.19667,4.68454,6.20391,5.59447,291.187,-9999.0,19.83,59.13
201209131730,201209131800,0.652707,0.0,38.28,8.646,19.13,5.1255,4.53979,6.13553,3.69374,162.056,-9999.0,19.82,60.98
201209131800,201209131830,6.35917,0.0,7.9,7.536,18.35,4.94729,-1.30976,5.99407,0.87792,35.6691,-9999.0,19.8,64.29
201209131830,201209131900,7.82086,0.0,0.264,6.79,17.77,4.81703,-2.87658,5.88394,0.030441,0.0,-9999.0,19.78,66.63
201209131900,201209131930,3.52295,0.0,0.025,6.702,17.61,4.78409,1.39507,5.84046,0.002878,0.0,-9999.0,19.76,66.73
201209131930,201209132000,7.18572,0.0,0.03,6.365,17.39,4.73741,-2.30522,5.78738,0.003444,0.0,-9999.0,19.73,67.96
201209132000,201209132030,3.16247,0.0,0.037,6.1,17.06,4.66571,1.65993,5.71666,0.004236,0.0,-9999.0,19.7,68.65
201209132030,201209132100,4.98187,0.0,0.045,5.785,16.69,4.57916,-0.224981,5.63945,0.005137,0.0,-9999.0,19.66,69.56
201209132100,201209132130,6.68561,0.0,0.083,5.182,16.33,4.49549,-1.99229,5.56374,0.009447,0.0,-9999.0,19.62,72.1
201209132130,201209132200,3.45619,0.0,0.313,2.902,15.01,4.19982,0.995861,5.33382,0.035482,0.0,-9999.0,19.59,83.0
201209132200,201209132230,5.28968,0.0,0.328,2.314,14.4,4.06463,-0.946569,5.21758,0.037075,0.0,-9999.0,19.55,85.9
201209132230,201209132300,2.92369,0.0,0.328,2.328,14.17,4.01281,1.38048,5.16238,0.03697,0.0,-9999.0,19.5,85.6
201209132300,201209132330,6.72304,0.0,0.328,1.52,13.69,3.9078,-2.50903,5.06692,0.036865,0.0,-9999.0,19.46,90.3
201209132330,201209140000,6.27847,0.0,0.33,0.716,13.26,3.8145,-2.14505,4.97947,0.036984,0.0,-9999.0,19.42,95.3
201209140000,201209140030,5.30866,0.0,0.33,0.897,13.22,3.80406,-1.18481,4.95482,0.036879,0.0,-9999.0,19.37,94.1
201209140030,201209140100,3.0024,0.0,0.33,1.363,13.34,3.8274,1.14089,4.95593,0.036773,0.0,-9999.0,19.32,91.1
201209140100,201209140130,6.97809,0.0,0.33,2.154,13.74,3.91027,-2.76444,5.00214,0.036668,0.0,-9999.0,19.26,86.3
201209140130,201209140200,3.71675,0.0,0.215,3.003,14.23,4.01312,0.583902,5.06285,0.023835,0.0,-9999.0,19.21,81.5
201209140200,201209140230,11.964,0.0,0.028,3.439,14.44,4.05627,-7.62736,5.07848,0.003098,0.0,-9999.0,19.15,79.1
201209140230,201209140300,2.90632,0.0,0.072,3.899,14.57,4.08224,1.45168,5.08123,0.007942,0.0,-9999.0,19.1,76.5
201209140300,201209140330,6.73868,0.0,0.319,4.07,14.78,4.12561,-2.34465,5.09687,0.03504,0.0,-9999.0,19.04,75.8
201209140330,201209140400,6.95561,0.0,0.203,4.276,15.04,4.18003,-2.51634,5.12059,0.022246,0.0,-9999.0,18.98,75.0
201209140400,201209140430,4.17557,0.0,0.009,5.02,15.61,4.30283,0.366117,5.19428,0.000984,0.0,-9999.0,18.93,71.7
201209140430,201209140500,5.55672,0.0,0.0,5.329,15.84,4.35136,-0.975141,5.21321,0.0,0.0,-9999.0,18.88,70.4
201209140500,201209140530,5.421,0.0,0.0,5.45,15.93,4.36899,-0.825384,5.20958,0.0,0.0,-9999.0,18.83,69.9
201209140530,201209140600,3.65603,0.0,1.176,5.585,16.04,4.39107,0.957314,5.2092,0.126755,1.62178,-9999.0,18.78,69.37
201209140600,201209140630,2.39658,0.0,9.21,5.897,16.25,4.43542,2.25298,5.22496,0.951822,86.2715,-9999.0,18.74,68.09
201209140630,201209140700,4.042,0.0,13.31,6.029,16.33,4.4509,0.619732,5.21976,1.3454,216.741,-9999.0,18.7,67.54
201209140700,201209140730,2.07384,0.0,30.42,3.626,15.19,4.19731,2.37537,5.0176,2.84046,344.417,-9999.0,18.66,79.0
201209140730,201209140800,2.07098,0.0,38.06,1.893,14.18,3.97717,2.19156,4.83641,3.43212,467.115,-9999.0,18.62,88.3
201209140800,201209140830,2.92381,0.0,37.48,0.925,13.69,3.871,1.24763,4.73918,3.37936,582.736,-9999.0,18.59,94.1
201209140830,201209140900,4.09799,0.0,42.49,0.499,13.61,3.85208,0.05666,4.70807,3.74366,689.301,-9999.0,18.56,96.8
201209140900,201209140930,4.51899,0.0,87.8,0.365,13.88,3.9071,-0.317978,4.73341,6.52271,784.987,-9999.0,18.52,97.7
201209140930,201209141000,-9999.0,1.0,86.8,0.714,14.23,3.97944,3.40733,4.77169,6.45655,868.156,-9999.0,18.49,95.6
201209141000,201209141030,-4.73198,0.0,239.8,1.48,15.14,4.17316,9.15695,4.90053,11.7091,937.386,-9999.0,18.45,91.4
201209141030,201209141100,-8.08444,0.0,165.4,3.505,16.14,4.39004,12.6901,5.04417,9.66937,991.493,-9999.0,18.41,80.9
201209141100,201209141130,-2.25716,0.0,51.59,3.634,16.14,4.38771,6.8602,5.02606,4.33061,1029.55,-9999.0,18.38,80.2
201209141130,201209141200,-1.72529,0.0,49.33,1.263,14.8,4.09307,6.08085,4.79103,4.16703,1050.9,-9999.0,18.35,92.5
201209141200,201209141230,-1.22838,0.0,48.15,0.645,14.52,4.03081,5.53067,4.72757,4.07592,1055.19,-9999.0,18.33,96.1
201209141230,201209141300,-0.608669,0.0,60.99,0.349,14.59,4.04365,4.92119,4.7207,4.90521,1042.34,-9999.0,18.31,97.9
201209141300,201209141330,-7.69183,0.0,202.2,0.76,15.19,4.17074,12.1108,4.79962,10.6747,1012.57,-9999.0,18.29,95.6
201209141330,201209141400,-6.01686,0.0,155.8,2.651,16.19,4.38712,10.616,4.94359,9.24834,966.394,-9999.0,18.26,85.6
201209141400,201209141430,-2.73194,0.0,114.0,4.722,17.04,4.57364,7.48471,5.06353,7.62077,904.593,-9999.0,18.23,75.7
201209141430,201209141500,2.64874,0.0,74.9,4.842,17.18,4.60257,2.12714,5.06824,5.67713,828.23,-9999.0,18.21,75.3
201209141500,201209141530,3.16543,0.0,47.15,2.733,16.24,4.39114,1.43497,4.89738,3.94661,738.611,-9999.0,18.19,85.2
201209141530,201209141600,1.35067,0.0,47.67,1.687,15.79,4.29005,3.16488,4.80616,3.97204,637.268,-9999.0,18.18,90.6
201209141600,201209141630,1.87751,0.0,42.5,2.641,16.13,4.36227,2.69752,4.84327,3.60353,525.937,-9999.0,18.17,85.6
201209141630,201209141700,0.871561,0.0,55.8,3.911,16.75,4.49691,3.81437,4.92604,4.48661,406.522,-9999.0,18.15,79.5
201209141700,201209141730,2.82006,0.0,28.82,4.18,16.83,4.51228,1.87787,4.92099,2.56734,281.066,-9999.0,18.13,78.2
201209141730,201209141800,5.80645,0.0,7.78,4.257,16.83,4.50988,-1.11121,4.90292,0.756321,151.717,-9999.0,18.12,77.8
201209141800,201209141830,4.15718,0.0,2.091,4.857,17.1,4.56757,0.58491,4.92889,0.207942,28.3611,-9999.0,18.1,75.1
201209141830,201209141900,3.86203,0.0,0.0,4.784,17.18,4.58299,0.892032,4.92389,0.0,0.0,-9999.0,18.08,75.6
201209141900,201209141930,4.81498,0.0,0.0,4.837,17.29,4.60511,-0.043447,4.92382,0.0,0.0,-9999.0,18.07,75.5
201209141930,201209142000,3.55566,0.0,0.0,5.111,17.53,4.6564,1.25723,4.94501,0.0,0.0,-9999.0,18.05,74.5
201209142000,201209142030,5.64375,0.0,0.017,5.301,17.74,4.70109,-0.794997,4.96136,0.001685,0.0,-9999.0,18.04,73.9
201209142030,201209142100,4.76271,0.0,0.0,5.409,17.88,4.7301,0.109019,4.96629,0.0,0.0,-9999.0,18.02,73.6
201209142100,201209142130,6.07317,0.0,0.0,5.575,18.12,4.78176,-1.16005,4.98765,0.0,0.0,-9999.0,18.01,73.2
201209142130,201209142200,7.91623,0.0,0.0,5.481,18.21,4.79956,-2.98935,4.98445,0.0,0.0,-9999.0,18.0,73.8
201209142200,201209142230,1.54133,0.0,0.0,5.321,18.17,4.78794,3.37535,4.95993,0.0,0.0,-9999.0,18.0,74.5
201209142230,201209142300,9.10849,0.0,0.0,4.698,17.83,4.70873,-4.25715,4.88615,0.0,0.0,-9999.0,17.99,77.0
201209142300,201209142330,9.05521,0.0,0.0,5.391,18.44,4.84393,-4.0945,4.96841,0.0,0.0,-9999.0,17.98,74.6
201209142330,201209150000,-9999.0,1.0,0.0,5.139,18.45,4.8436,0.731164,4.95213,0.0,0.0,-9999.0,17.98,75.8
201209150000,201209150030,3.39563,0.0,0.0,5.099,18.39,4.82741,1.55016,4.92432,0.0,0.0,-9999.0,17.97,75.9
201209150030,201209150100,1.31897,0.0,0.0,4.988,18.24,4.7909,3.5964,4.89388,0.0,0.0,-9999.0,17.97,76.2
201209150100,201209150130,3.44866,0.0,0.0,4.653,18.24,4.78833,1.46387,4.88813,0.0,0.0,-9999.0,17.97,77.8
201209150130,201209150200,2.31653,0.0,0.0,4.713,18.16,4.76772,2.57849,4.86931,0.0,0.0,-9999.0,17.96,77.4
201209150200,201209150230,5.9972,0.0,0.0,4.054,17.63,4.64634,-1.20198,4.77719,0.0,0.0,-9999.0,17.96,79.9
201209150230,201209150300,-9999.0,1.0,0.146,3.266,17.14,4.53498,0.671788,4.69207,0.013787,0.0,-9999.0,17.96,83.3
201209150300,201209150330,1.96516,0.0,0.328,3.031,17.14,4.53253,2.73527,4.68672,0.030814,0.0,-9999.0,17.96,84.5
201209150330,201209150400,7.11251,0.0,0.285,2.947,17.32,4.56993,-2.38208,4.71046,0.026662,0.0,-9999.0,17.96,85.1
201209150400,201209150430,2.67824,0.0,0.21,3.286,17.43,4.59186,2.06946,4.72279,0.019565,0.0,-9999.0,17.96,83.5
201209150430,201209150500,1.6674,0.0,0.267,3.103,17.21,4.54067,3.03756,4.68191,0.024759,0.0,-9999.0,17.96,84.2
201209150500,201209150530,5.5835,0.0,0.319,3.219,17.2,4.53601,-0.883081,4.67492,0.029442,0.0,-9999.0,17.96,83.6
201209150530,201209150600,1.94721,0.0,5.663,3.558,17.31,4.55786,2.77044,4.68717,0.508701,0.795411,-9999.0,17.95,82.0
201209150600,201209150630,0.000269,0.0,37.92,3.487,17.17,4.52449,4.68925,4.65937,2.99013,80.1894,-9999.0,17.95,82.2
201209150630,201209150700,-3.69944,0.0,195.4,3.661,17.5,4.59498,8.44608,4.70667,9.77211,210.779,-9999.0,17.94,81.7
201209150700,201209150730,-7.02948,0.0,300.5,5.829,19.38,5.01533,12.1165,5.00127,12.0884,338.573,-9999.0,17.94,74.1
201209150730,201209150800,-9.02768,0.0,399.5,8.216,20.71,5.31892,14.3565,5.20744,13.5777,461.384,-9999.0,17.94,66.38
201209150800,201209150830,-10.5328,0.0,491.9,9.099,21.24,5.43963,15.9504,5.28528,14.6086,577.111,-9999.0,17.93,63.96
201209150830,201209150900,-10.6108,0.0,571.5,10.459,22.02,5.62004,16.1634,5.40251,15.1956,683.774,-9999.0,17.92,60.5
201209150900,201209150930,-9.26935,0.0,643.4,12.347,23.15,5.8857,15.0217,5.5747,15.2218,779.548,-9999.0,17.92,56.46
201209150930,201209151000,-5.61604,0.0,700.0,12.581,23.2,5.89447,11.3678,5.57505,15.494,862.794,-9999.0,17.93,55.77
201209151000,201209151030,-7.88515,0.0,743.0,13.601,23.66,6.00165,13.7123,5.6401,15.4441,932.087,-9999.0,17.94,53.49
201209151030,201209151100,-9.73403,0.0,775.0,14.605,24.44,6.18675,15.6955,5.75513,15.3243,986.243,-9999.0,17.97,52.34
201209151100,201209151130,-8.57727,0.0,793.0,14.858,24.5,6.19794,14.5397,5.75649,15.3351,1024.34,-9999.0,18.01,51.69
201209151130,201209151200,-8.46515,0.0,796.0,16.167,25.35,6.40156,14.5745,5.88144,14.9988,1045.71,-9999.0,18.06,50.03
201209151200,201209151230,-4.28944,0.0,782.0,17.212,25.82,6.50399,10.4751,5.94634,14.6686,1050.0,-9999.0,18.11,48.26
201209151230,201209151300,-10.2604,0.0,755.0,18.428,26.17,6.57701,16.5001,5.99216,14.2491,1037.14,-9999.0,18.16,45.74
201209151300,201209151330,-8.22981,0.0,718.0,19.184,26.49,6.6426,14.5178,6.03302,13.903,1007.34,-9999.0,18.22,44.57
201209151330,201209151400,-5.66708,0.0,666.6,21.422,27.51,6.88097,12.1323,6.18166,13.1523,961.122,-9999.0,18.28,41.7
201209151400,201209151430,-6.56542,0.0,597.8,21.919,27.67,6.90693,13.0489,6.197,12.6895,899.264,-9999.0,18.34,40.9
201209151430,201209151500,-3.7384,0.0,521.1,21.332,27.26,6.79211,10.1352,6.12474,12.3248,822.831,-9999.0,18.42,41.09
201209151500,201209151530,-3.7254,0.0,437.3,22.415,27.74,6.89679,10.1992,6.18904,11.4747,733.129,-9999.0,18.51,39.81
201209151530,201209151600,-3.92848,0.0,342.6,22.002,27.45,6.81174,10.3379,6.13541,10.5743,631.693,-9999.0,18.59,39.91
201209151600,201209151630,-4.12479,0.0,250.6,21.238,27.24,6.74672,10.4846,6.09418,9.34463,520.26,-9999.0,18.67,41.28
201209151630,201209151700,-2.5222,0.0,159.5,20.443,26.9,6.65034,8.80888,6.03333,7.44541,400.735,-9999.0,18.73,42.34
201209151700,201209151730,-0.966503,0.0,73.2,17.202,25.68,6.34235,7.02024,5.83902,4.52553,275.164,-9999.0,18.79,47.86
201209151730,201209151800,-9999.0,1.0,21.4,14.051,24.31,6.00364,-1.02117,5.62247,1.60911,145.695,-9999.0,18.85,53.79
201209151800,201209151830,-9999.0,1.0,5.489,11.111,22.78,5.63396,-0.807816,5.38232,0.438586,24.4786,-9999.0,18.9,59.93
201209151830,201209151900,5.22618,0.0,0.32,9.266,21.52,5.33358,0.048114,5.18397,0.025963,0.0,-9999.0,18.94,63.92
201209151900,201209151930,5.10579,0.0,0.233,8.809,20.94,5.1916,0.056042,5.08933,0.018815,0.0,-9999.0,18.97,64.46
201209151930,201209152000,6.81706,0.0,0.302,7.725,20.28,5.03333,-1.7812,4.98304,0.024255,0.0,-9999.0,19.0,67.54
201209152000,201209152030,4.47898,0.0,0.33,6.422,19.4,4.82864,0.393031,4.84416,0.026364,0.0,-9999.0,19.01,71.5
201209152030,201209152100,1.84392,0.0,0.33,5.865,18.87,4.70315,2.92666,4.75849,0.026228,0.0,-9999.0,19.03,73.1
201209152100,201209152130,4.53333,0.0,0.327,5.919,18.78,4.67407,0.213086,4.73904,0.025855,0.0,-9999.0,19.03,72.7
201209152130,201209152200,3.45629,0.0,0.33,5.603,18.5,4.60413,1.23298,4.69131,0.025955,0.0,-9999.0,19.03,73.7
201209152200,201209152230,5.59347,0.0,0.33,5.092,18.04,4.49626,-0.992254,4.61701,0.025819,0.0,-9999.0,19.02,75.4
201209152230,201209152300,4.92045,0.0,0.33,4.607,17.59,4.39164,-0.405048,4.54455,0.025683,0.0,-9999.0,19.01,77.1
201209152300,201209152330,4.40749,0.0,0.33,4.489,17.6,4.38473,0.101563,4.54052,0.025546,0.0,-9999.0,19.0,77.7
201209152330,201209160000,3.19912,0.0,0.317,4.657,17.76,4.40942,1.32933,4.55863,0.02441,0.0,-9999.0,18.98,77.1
201209160000,201209160030,4.50439,0.0,0.314,4.44,17.71,4.38981,0.00737,4.54568,0.024049,0.0,-9999.0,18.96,78.1
201209160030,201209160100,3.27425,0.0,0.329,4.06,17.34,4.30331,1.16617,4.48576,0.025061,0.0,-9999.0,18.93,79.5
201209160100,201209160130,3.03147,0.0,0.33,3.864,16.95,4.21348,1.33461,4.42319,0.025001,0.0,-9999.0,18.91,80.0
201209160130,201209160200,2.07183,0.0,0.33,3.551,16.51,4.11429,2.21187,4.35363,0.024864,0.0,-9999.0,18.89,81.1
201209160200,201209160230,2.64534,0.0,0.33,3.683,16.59,4.1221,1.64413,4.36015,0.024728,0.0,-9999.0,18.86,80.5
201209160230,201209160300,3.00067,0.0,0.243,3.823,16.78,4.15238,1.31308,4.3826,0.018114,0.0,-9999.0,18.83,80.0
201209160300,201209160330,9.61201,0.0,0.227,4.256,17.04,4.197,-5.26223,4.41509,0.016828,0.0,-9999.0,18.81,78.1
201209160330,201209160400,1.78041,0.0,0.306,4.206,16.71,4.12077,2.50593,4.36201,0.022552,0.0,-9999.0,18.78,77.9
201209160400,201209160430,2.11226,0.0,0.321,4.259,16.42,4.0533,2.11768,4.31496,0.023523,0.0,-9999.0,18.75,77.2
201209160430,201209160500,3.89949,0.0,0.327,4.03,15.97,3.9543,0.247669,4.24511,0.023827,0.0,-9999.0,18.72,77.8
201209160500,201209160530,1.10306,0.0,0.325,4.081,15.75,3.9021,2.99999,4.20861,0.023548,0.0,-9999.0,18.69,77.2
201209160530,201209160600,3.5866,0.0,5.018,4.203,15.67,3.87799,0.495694,4.19228,0.355805,0.264903,-9999.0,18.66,76.4
201209160600,201209160630,-0.528816,0.0,83.4,4.875,16.12,3.95923,4.67812,4.25169,4.68184,74.082,-9999.0,18.62,73.4
201209160630,201209160700,-4.68505,0.0,197.9,6.098,17.05,4.13758,8.9812,4.37927,8.59285,204.787,-9999.0,18.59,68.64
201209160700,201209160730,-6.96269,0.0,305.1,8.309,18.82,4.49165,11.5471,4.62592,10.9654,332.693,-9999.0,18.56,61.77
201209160730,201209160800,-8.92226,0.0,406.5,10.41,20.23,4.77777,13.736,4.82022,12.5291,455.612,-9999.0,18.53,56.12
201209160800,201209160830,-7.65864,0.0,500.2,11.649,20.96,4.9227,12.587,4.9171,13.4877,571.44,-9999.0,18.49,53.06
201209160830,201209160900,-9.09278,0.0,582.4,12.517,21.57,5.0427,14.1154,4.99643,14.1424,678.197,-9999.0,18.47,51.41
201209160900,201209160930,-8.61074,0.0,654.8,14.144,22.44,5.21945,13.7716,5.11177,14.4494,774.055,-9999.0,18.44,47.93
201209160930,201209161000,-11.0757,0.0,714.0,14.165,22.54,5.22989,16.244,5.11849,14.8529,857.374,-9999.0,18.43,48.17
201209161000,201209161030,-8.53398,0.0,758.0,15.32,23.2,5.36182,13.8046,5.20331,14.9208,926.729,-9999.0,18.43,46.14
201209161030,201209161100,-9999.0,1.0,790.0,16.621,23.96,5.51616,14.4561,5.3014,14.8715,980.933,-9999.0,18.43,44.18
201209161100,201209161130,-9999.0,1.0,805.0,18.083,24.74,5.6756,14.5173,5.40148,14.6953,1019.06,-9999.0,18.45,42.04
201209161130,201209161200,-6.67332,0.0,809.0,19.324,25.14,5.75156,12.2429,5.44842,14.5044,1040.45,-9999.0,18.47,39.52
201209161200,201209161230,-1.72249,0.0,795.0,20.581,25.95,5.91849,7.41893,5.55121,14.2262,1044.75,-9999.0,18.49,38.61
201209161230,201209161300,-7.4427,0.0,769.0,21.661,26.29,5.9812,13.1861,5.58899,13.9221,1031.88,-9999.0,18.52,36.67
201209161300,201209161330,-8.37442,0.0,729.0,22.76,26.68,6.05497,14.173,5.63324,13.5417,1002.05,-9999.0,18.56,34.97
201209161330,201209161400,-6.56837,0.0,675.7,25.162,27.54,6.23383,12.5014,5.74068,12.8907,955.789,-9999.0,18.6,31.64
201209161400,201209161430,-9.45288,0.0,602.8,25.041,27.44,6.19783,15.3578,5.71792,12.4499,893.877,-9999.0,18.64,31.57
201209161430,201209161500,-5.1603,0.0,534.6,24.717,27.28,6.14858,11.0271,5.68717,11.9838,817.377,-9999.0,18.71,31.82
201209161500,201209161530,-7.0417,0.0,453.0,24.562,27.19,6.11508,12.8823,5.66593,11.2644,727.596,-9999.0,18.77,31.89
201209161530,201209161600,-5.43209,0.0,348.6,23.746,26.74,6.00212,11.1861,5.59657,10.1165,626.071,-9999.0,18.83,32.39
201209161600,201209161630,-6.02189,0.0,251.3,23.344,26.51,5.93829,11.7264,5.55688,8.57678,514.539,-9999.0,18.88,32.63
201209161630,201209161700,-1.83467,0.0,159.1,22.029,26.16,5.84856,7.46991,5.50135,6.53858,394.909,-9999.0,18.93,35.1
201209161700,201209161730,-2.6477,0.0,68.85,19.809,25.12,5.61005,8.09911,5.35405,3.52013,269.228,-9999.0,18.98,37.93
201209161730,201209161800,0.456499,0.0,19.93,17.218,23.77,5.30907,4.76091,5.16572,1.16652,139.645,-9999.0,19.01,41.51
201209161800,201209161830,3.91414,0.0,4.831,14.057,22.19,4.96588,1.03327,4.947,0.294197,20.88,-9999.0,19.05,47.46
201209161830,201209161900,5.75942,0.0,0.325,11.853,20.86,4.68149,-1.03874,4.76218,0.01992,0.0,-9999.0,19.08,51.94
201209161900,201209161930,4.85098,0.0,0.33,10.334,19.92,4.48121,-0.291834,4.63002,0.02009,0.0,-9999.0,19.09,55.6
201209161930,201209162000,3.02211,0.0,0.33,9.588,19.43,4.37345,1.44922,4.55838,0.019954,0.0,-9999.0,19.1,57.53
201209162000,201209162030,4.96737,0.0,0.319,9.452,19.34,4.3458,-0.519145,4.54024,0.019158,0.0,-9999.0,19.11,57.9
201209162030,201209162100,10.1415,0.0,0.271,9.034,19.13,4.2946,-5.73554,4.50625,0.016165,0.0,-9999.0,19.1,59.23
201209162100,201209162130,6.92523,0.0,0.192,8.825,19.04,4.26724,-2.5422,4.48828,0.011376,0.0,-9999.0,19.1,59.95
201209162130,201209162200,3.8539,0.0,0.22,8.326,18.81,4.21264,0.483957,4.4519,0.012943,0.0,-9999.0,19.08,61.67
201209162200,201209162230,5.28351,0.0,0.321,6.861,17.82,4.0119,-1.11099,4.31563,0.018747,0.0,-9999.0,19.07,66.39
201209162230,201209162300,2.2124,0.0,0.329,6.429,17.19,3.883,1.85286,4.22726,0.019078,0.0,-9999.0,19.05,67.23
201209162300,201209162330,5.35544,0.0,0.33,5.63,16.47,3.73913,-1.41066,4.12751,0.018999,0.0,-9999.0,19.03,69.96
201209162330,201209170000,5.65567,0.0,0.33,5.412,16.03,3.64911,-1.78696,4.06486,0.018863,0.0,-9999.0,19.0,70.3
201209170000,201209170030,-9999.0,1.0,0.318,5.742,16.16,3.66471,-0.08163,4.07684,0.018046,0.0,-9999.0,18.97,68.75
201209170030,201209170100,-9999.0,1.0,0.33,4.638,15.34,3.50653,-0.0373,3.97893,0.018832,0.0,-9999.0,18.94,73.4
201209170100,201209170130,5.90942,0.0,0.327,4.509,14.96,3.43,-2.2277,3.93817,0.018765,0.0,-9999.0,18.91,73.5
201209170130,201209170200,3.00759,0.0,0.292,4.863,15.06,3.44003,0.682125,3.96021,0.016851,0.0,-9999.0,18.88,71.6
201209170200,201209170230,0.23731,0.0,0.201,5.484,15.46,3.50398,3.50614,4.02178,0.011666,0.0,-9999.0,18.84,68.79
201209170230,201209170300,3.19562,0.0,0.246,4.863,14.95,3.40451,0.462788,3.96358,0.014355,0.0,-9999.0,18.8,71.4
201209170300,201209170330,5.23211,0.0,0.319,3.943,14.1,3.24673,-1.70931,3.86017,0.018713,0.0,-9999.0,18.76,75.5
201209170330,201209170400,5.22249,0.0,0.327,3.466,13.63,3.15761,-1.77708,3.80662,0.019286,0.0,-9999.0,18.72,77.8
201209170400,201209170430,1.96089,0.0,0.328,3.159,13.06,3.05263,1.39289,3.73957,0.019449,0.0,-9999.0,18.67,79.0
201209170430,201209170500,2.6976,0.0,0.312,3.318,13.03,3.04041,0.645042,3.74394,0.018601,0.0,-9999.0,18.63,77.9
201209170500,201209170530,3.06664,0.0,0.321,3.489,13.19,3.06043,0.292953,3.77357,0.019239,0.0,-9999.0,18.58,77.0
201209170530,201209170600,3.88646,0.0,4.49,3.678,13.41,3.09062,-0.5011,3.81131,0.267788,0.145387,-9999.0,18.53,76.1
201209170600,201209170630,-1.50486,0.0,86.8,3.81,13.57,3.11058,4.90705,3.84116,4.33193,72.333,-9999.0,18.48,75.5
201209170630,201209170700,8.07914,0.0,202.5,4.358,14.55,3.27164,-4.53852,3.98112,8.2167,203.09,-9999.0,18.43,73.7
201209170700,201209170730,-9999.0,1.0,311.4,6.463,16.8,3.662,12.6451,4.29263,10.7543,330.971,-9999.0,18.38,66.23
201209170730,201209170800,-9999.0,1.0,412.9,8.185,18.36,3.93814,13.7605,4.51229,12.5307,453.79,-9999.0,18.33,61.24
201209170800,201209170830,-9999.0,1.0,505.5,9.911,19.88,4.2125,15.0072,4.72709,13.8212,569.445,-9999.0,18.28,57.31
201209170830,201209170900,-8.57693,0.0,589.2,11.068,20.92,4.39979,13.0525,4.87761,14.6394,675.956,-9999.0,18.24,55.29
201209170900,201209170930,-9.16508,0.0,661.8,14.5,22.44,4.68197,13.8661,5.09298,14.8119,771.501,-9999.0,18.2,46.62
201209170930,201209171000,-10.0458,0.0,709.0,14.665,22.58,4.69795,14.7589,5.12295,15.1819,854.446,-9999.0,18.17,46.47
201209171000,201209171030,-11.2924,0.0,740.0,15.104,22.74,4.71773,16.0205,5.15569,15.3598,923.371,-9999.0,18.16,45.4
201209171030,201209171100,-13.7198,0.0,788.0,16.746,23.62,4.87777,18.574,5.28567,15.4108,977.097,-9999.0,18.16,42.6
201209171100,201209171130,-14.1713,0.0,775.0,18.182,24.48,5.03477,19.1483,5.41314,15.1,1014.71,-9999.0,18.17,40.81
201209171130,201209171200,-15.2133,0.0,731.0,19.21,25.01,5.12714,20.2618,5.49634,14.6688,1035.55,-9999.0,18.19,39.41
201209171200,201209171230,-8.98084,0.0,444.9,18.93,25.02,5.11671,14.0205,5.50955,12.2406,1039.28,-9999.0,18.22,40.33
201209171230,201209171300,-11.8143,0.0,813.0,20.167,25.55,5.2089,16.9251,5.59307,15.0175,1025.82,-9999.0,18.25,38.4
201209171300,201209171330,-8.14741,0.0,746.0,21.143,26.03,5.29122,13.3215,5.66999,14.4797,995.417,-9999.0,18.28,37.23
201209171330,201209171400,-6.70599,0.0,680.9,23.715,27.11,5.49314,12.0352,5.82804,13.6535,948.579,-9999.0,18.32,33.93
201209171400,201209171430,-9.69191,0.0,592.4,23.999,27.3,5.51764,15.0393,5.86617,13.0121,886.11,-9999.0,18.37,33.88
201209171430,201209171500,-8.07551,0.0,529.3,23.745,27.15,5.47425,13.3888,5.85841,12.5542,809.08,-9999.0,18.42,34.0
201209171500,201209171530,-8.51044,0.0,458.6,24.565,27.45,5.52043,13.8585,5.91156,11.7901,718.806,-9999.0,18.49,32.91
201209171530,201209171600,-5.80285,0.0,356.6,23.784,27.31,5.47906,11.1183,5.90512,10.6961,616.833,-9999.0,18.55,34.51
201209171600,201209171630,-5.63319,0.0,216.9,17.529,25.67,5.14357,10.6883,5.69369,8.7151,504.906,-9999.0,18.61,46.84
201209171630,201209171700,1.53172,0.0,108.8,13.487,23.71,4.75389,3.21658,5.43567,5.58278,384.94,-9999.0,18.66,54.02
201209171700,201209171730,-9999.0,1.0,123.0,13.482,23.6,4.72123,5.43884,5.43192,6.14545,258.988,-9999.0,18.71,53.73
201209171730,201209171800,-9999.0,1.0,41.55,12.789,23.0,4.59642,0.708857,5.35996,2.52397,129.204,-9999.0,18.75,54.49
201209171800,201209171830,5.31173,0.0,4.004,10.119,21.67,4.33785,-0.897792,5.18542,0.270455,15.3431,-9999.0,18.79,60.96
201209171830,201209171900,-9999.0,1.0,0.33,7.78,20.31,4.0793,-0.230421,5.00525,0.022618,0.0,-9999.0,18.82,67.37
201209171900,201209171930,-9999.0,1.0,0.33,6.001,19.0,3.8355,-0.109633,4.83082,0.022723,0.0,-9999.0,18.84,72.7
201209171930,201209172000,-9999.0,1.0,0.33,4.586,18.08,3.66499,-0.414721,4.71055,0.022828,0.0,-9999.0,18.85,77.9
201209172000,201209172030,1.98742,0.0,0.33,3.998,17.81,3.60911,1.82555,4.68201,0.022934,0.0,-9999.0,18.86,80.4
201209172030,201209172100,6.33372,0.0,0.33,3.41,17.45,3.53828,-2.5807,4.64049,0.023039,0.0,-9999.0,18.86,82.9
201209172100,201209172130,-9999.0,1.0,0.33,2.64,16.68,3.39889,-0.618787,4.54017,0.023144,0.0,-9999.0,18.86,86.1
201209172130,201209172200,-9999.0,1.0,0.33,2.034,15.98,3.27351,-0.891532,4.44939,0.023249,0.0,-9999.0,18.85,88.8
201209172200,201209172230,-9999.0,1.0,0.33,1.678,15.71,3.22066,-0.782529,4.41987,0.023354,0.0,-9999.0,18.83,90.6
201209172230,201209172300,-9999.0,1.0,0.33,1.56,15.6,3.19442,-0.827103,4.41319,0.023459,0.0,-9999.0,18.81,91.2
201209172300,201209172330,-9999.0,1.0,0.33,1.489,15.6,3.18625,-0.834563,4.42228,0.023565,0.0,-9999.0,18.79,91.6
201209172330,201209180000,-9999.0,1.0,0.33,1.348,15.4,3.14557,-0.759563,4.40252,0.02367,0.0,-9999.0,18.77,92.3
201209180000,201209180030,-9999.0,1.0,0.33,1.265,15.25,3.11324,-0.602245,4.38986,0.023775,0.0,-9999.0,18.74,92.7
201209180030,201209180100,-9999.0,1.0,0.33,1.152,15.12,3.08432,-0.524113,4.38001,0.02388,0.0,-9999.0,18.71,93.3
201209180100,201209180130,-9999.0,1.0,0.33,1.067,15.14,3.07955,-0.611578,4.39187,0.023985,0.0,-9999.0,18.68,93.8
201209180130,201209180200,-9999.0,1.0,0.33,1.025,15.29,3.09558,-0.647392,4.42266,0.02409,0.0,-9999.0,18.65,94.1
201209180200,201209180230,-9999.0,1.0,0.33,0.982,15.16,3.06679,-0.644981,4.41271,0.024196,0.0,-9999.0,18.62,94.3
201209180230,201209180300,-9999.0,1.0,0.33,0.813,14.57,2.96551,-0.666628,4.33549,0.024301,0.0,-9999.0,18.59,95.1
201209180300,201209180330,-9999.0,1.0,0.33,0.651,14.28,2.91243,-0.560398,4.30184,0.024406,0.0,-9999.0,18.56,96.0
201209180330,201209180400,-9999.0,1.0,0.33,0.561,14.04,2.86758,-0.617014,4.27537,0.024511,0.0,-9999.0,18.52,96.5
201209180400,201209180430,-9999.0,1.0,0.33,0.442,13.79,2.82158,-0.726766,4.24729,0.024616,0.0,-9999.0,18.49,97.2
201209180430,201209180500,-9999.0,1.0,0.33,0.284,13.78,2.81263,-0.528198,4.25437,0.024722,0.0,-9999.0,18.46,98.2
201209180500,201209180530,-2.41971,0.0,0.33,0.224,14.0,2.83887,5.56461,4.29537,0.024827,0.0,-9999.0,18.42,98.6
201209180530,201209180600,-9999.0,1.0,2.318,0.324,13.45,2.74772,-0.827045,4.22275,0.174127,0.0,-9999.0,18.39,97.9
201209180600,201209180630,-9999.0,1.0,41.88,0.267,12.84,2.64905,-0.28662,4.141,2.83646,66.1833,-9999.0,18.35,98.2
201209180630,201209180700,-9999.0,1.0,153.0,0.094,13.62,2.75876,4.47852,4.26488,8.08693,197.044,-9999.0,18.31,99.4
201209180700,201209180730,-9999.0,1.0,256.4,0.683,15.81,3.08853,9.37403,4.59908,11.268,325.028,-9999.0,18.27,96.2
201209180730,201209180800,-9999.0,1.0,363.2,2.793,17.57,3.36066,16.1081,4.87056,13.6039,447.944,-9999.0,18.23,86.1
201209180800,201209180830,-9999.0,1.0,461.1,5.74,19.83,3.72287,13.5313,5.21711,15.2221,563.691,-9999.0,18.2,75.2
201209180830,201209180900,-13.4061,0.0,548.1,7.566,20.98,3.90607,17.4531,5.39872,16.3789,670.287,-9999.0,18.16,69.55
201209180900,201209180930,-9999.0,1.0,626.0,10.711,22.98,4.23774,12.8925,5.70672,17.0631,765.908,-9999.0,18.13,61.84
201209180930,201209181000,-9999.0,1.0,683.3,11.609,23.41,4.30077,14.1801,5.78182,17.3709,848.919,-9999.0,18.11,59.7
201209181000,201209181030,-9999.0,1.0,723.0,13.364,24.23,4.43178,14.3597,5.91494,17.2178,917.899,-9999.0,18.1,55.84
201209181030,201209181100,-9999.0,1.0,753.0,15.614,25.27,4.60202,14.079,6.08077,16.8039,971.668,-9999.0,18.11,51.51
201209181100,201209181130,-9.07339,0.0,778.0,16.97,25.82,4.68642,13.7464,6.17417,16.5888,1009.31,-9999.0,18.13,48.99
201209181130,201209181200,-9.79518,0.0,769.0,18.001,26.12,4.72657,14.4994,6.23072,16.2614,1030.17,-9999.0,18.15,46.84
201209181200,201209181230,-4.23325,0.0,578.9,18.008,26.52,4.78427,8.98241,6.30221,14.9621,1033.9,-9999.0,18.19,48.06
201209181230,201209181300,-8.64516,0.0,701.0,17.212,26.27,4.72707,13.3487,6.27739,16.1173,1020.43,-9999.0,18.23,49.62
201209181300,201209181330,-11.2761,0.0,719.0,19.58,27.01,4.84442,16.0715,6.39961,15.5868,990.003,-9999.0,18.27,45.13
201209181330,201209181400,-9.4068,0.0,647.1,21.366,27.46,4.91053,14.2534,6.47891,14.6768,943.127,-9999.0,18.33,41.68
201209181400,201209181430,-6.53743,0.0,540.6,20.132,27.1,4.83349,11.3232,6.43791,14.2104,880.608,-9999.0,18.39,43.88
201209181430,201209181500,-8.93707,0.0,426.9,17.816,26.15,4.65412,13.5809,6.30836,13.5725,803.516,-9999.0,18.45,47.48
201209181500,201209181530,-3.98108,0.0,383.4,18.147,26.43,4.68978,8.65262,6.36256,12.9554,713.171,-9999.0,18.52,47.38
201209181530,201209181600,-7.30593,0.0,250.4,15.746,25.1,4.44756,11.7846,6.17455,10.953,611.117,-9999.0,18.58,50.6
201209181600,201209181630,-9999.0,1.0,219.1,14.473,24.56,4.34321,8.87444,6.10468,10.3482,499.101,-9999.0,18.65,53.11
201209181630,201209181700,-9999.0,1.0,138.2,13.124,24.08,4.25001,5.5558,6.04347,7.85411,379.039,-9999.0,18.7,56.24
201209181700,201209181730,5.94805,0.0,90.0,11.789,23.53,4.14601,-1.7132,5.97117,5.80393,252.987,-9999.0,18.74,59.37
201209181730,201209181800,3.91838,0.0,38.87,10.173,22.48,3.96071,0.165274,5.82174,2.89317,123.1,-9999.0,18.79,62.64
201209181800,201209181830,6.15584,0.0,7.32,7.932,21.26,3.75118,-2.24485,5.645,0.598598,12.52,-9999.0,18.82,68.62
201209181830,201209181900,5.95076,0.0,0.33,5.811,20.03,3.54436,-2.21212,5.46544,0.027666,0.0,-9999.0,18.85,75.2
201209181900,201209181930,-9999.0,1.0,0.33,4.052,18.77,3.33743,-0.915253,5.28003,0.027772,0.0,-9999.0,18.86,81.3
201209181930,201209182000,-9999.0,1.0,0.33,3.124,17.93,3.19915,-0.738942,5.15907,0.027877,0.0,-9999.0,18.88,84.8
201209182000,201209182030,-9999.0,1.0,0.33,2.499,17.24,3.08583,-0.942192,5.06097,0.027982,0.0,-9999.0,18.88,87.3
201209182030,201209182100,-9999.0,1.0,0.33,1.874,16.47,2.96251,-0.942153,4.94986,0.028087,0.0,-9999.0,18.88,90.0
201209182100,201209182130,-9999.0,1.0,0.33,1.277,16.05,2.89238,-1.13956,4.89325,0.028192,0.0,-9999.0,18.87,93.0
201209182130,201209182200,-9999.0,1.0,0.33,1.073,15.74,2.83898,-1.05042,4.85369,0.028297,0.0,-9999.0,18.86,94.0
201209182200,201209182230,-9999.0,1.0,0.33,0.929,15.13,2.74316,-0.828117,4.76666,0.028403,0.0,-9999.0,18.84,94.6
201209182230,201209182300,-9999.0,1.0,0.33,0.504,15.29,2.758,-0.855437,4.80089,0.028508,0.0,-9999.0,18.82,97.1
201209182300,201209182330,-9999.0,1.0,0.33,0.489,15.37,2.76136,-0.898708,4.82255,0.028613,0.0,-9999.0,18.79,97.2
201209182330,201209190000,-9999.0,1.0,0.33,0.499,15.13,2.71924,-0.87001,4.79353,0.028718,0.0,-9999.0,18.76,97.1
201209190000,201209190030,-9999.0,1.0,0.33,0.47,15.32,2.73813,-0.89916,4.83267,0.028823,0.0,-9999.0,18.73,97.3
201209190030,201209190100,-9999.0,1.0,0.33,0.42,15.4,2.74139,-1.0814,4.83389,0.028844,0.0,-9999.0,18.7,97.6
201209190100,201209190130,-9999.0,1.0,0.33,0.228,15.44,2.73895,-1.0087,4.82874,0.028865,0.0,-9999.0,18.67,98.7
201209190130,201209190200,-9999.0,1.0,0.33,0.195,15.6,2.75339,-1.13977,4.84263,0.028886,0.0,-9999.0,18.64,98.9
201209190200,201209190230,-9999.0,1.0,0.328,0.455,16.01,2.80314,-1.24649,4.89613,0.028731,0.0,-9999.0,18.61,97.5
201209190230,201209190300,-9999.0,1.0,0.33,0.605,15.66,2.74548,-1.19251,4.82913,0.028927,0.0,-9999.0,18.57,96.6
201209190300,201209190330,-9999.0,1.0,0.33,0.513,15.57,2.7247,-1.19425,4.80336,0.028948,0.0,-9999.0,18.55,97.1
201209190330,201209190400,-9999.0,1.0,0.33,0.393,15.73,2.73888,-1.12919,4.81719,0.028969,0.0,-9999.0,18.52,97.8
201209190400,201209190430,-9999.0,1.0,0.329,0.344,15.92,2.75718,-1.18061,4.83575,0.028902,0.0,-9999.0,18.49,98.1
201209190430,201209190500,-9999.0,1.0,0.328,0.456,16.04,2.76563,-1.28072,4.8432,0.028834,0.0,-9999.0,18.46,97.5
201209190500,201209190530,-9999.0,1.0,0.33,0.489,15.92,2.74058,-1.23304,4.81269,0.029031,0.0,-9999.0,18.43,97.3
201209190530,201209190600,-9999.0,1.0,1.364,0.36,15.85,2.72258,-1.0615,4.79009,0.119681,0.0,-9999.0,18.41,98.0
201209190600,201209190630,-9999.0,1.0,29.1,0.232,15.72,2.69639,-0.514784,4.75804,2.34559,60.1353,-9999.0,18.38,98.7
201209190630,201209190700,-9999.0,1.0,64.41,0.127,15.97,2.72257,2.37132,4.78599,4.70257,190.972,-9999.0,18.36,99.3
201209190700,201209190730,-9999.0,1.0,285.0,0.24,17.47,2.92323,8.27434,5.01131,13.0814,319.052,-9999.0,18.34,98.8
201209190730,201209190800,-11.3806,0.0,171.0,2.134,19.52,3.20752,14.8266,5.32335,9.70903,442.062,-9999.0,18.31,90.6
201209190800,201209190830,-9.60758,0.0,163.8,3.224,19.98,3.26452,13.1018,5.3842,9.43969,557.895,-9999.0,18.29,86.2
201209190830,201209190900,-9999.0,1.0,218.8,4.918,20.57,3.3406,9.53662,5.46548,11.2868,664.572,-9999.0,18.28,79.7
201209190900,201209190930,-9999.0,1.0,296.5,7.032,21.75,3.50412,13.607,5.63958,13.3179,760.265,-9999.0,18.27,73.0
201209190930,201209191000,-14.895,0.0,316.5,8.221,22.75,3.64221,18.7052,5.78506,13.7508,843.339,-9999.0,18.26,70.3
201209191000,201209191030,-6.80982,0.0,201.1,7.912,22.74,3.62937,10.6091,5.77171,10.7229,912.371,-9999.0,18.27,71.4
201209191030,201209191100,-6.31711,0.0,255.4,7.334,22.81,3.62846,10.1154,5.77093,12.2913,966.181,-9999.0,18.28,73.6
201209191100,201209191130,-12.5166,0.0,311.8,8.606,23.1,3.66026,16.341,5.8047,13.6228,1003.85,-9999.0,18.3,69.56
201209191130,201209191200,-9.63444,0.0,306.6,9.896,23.34,3.68448,13.4786,5.8306,13.501,1024.73,-9999.0,18.33,65.5
201209191200,201209191230,-6.12837,0.0,220.2,8.584,22.95,3.61504,9.91475,5.75758,11.2942,1028.46,-9999.0,18.36,69.36
201209191230,201209191300,-12.3099,0.0,381.0,9.206,23.76,3.7236,16.1859,5.87296,14.9289,1014.98,-9999.0,18.39,68.71
201209191300,201209191330,-6.09952,0.0,244.2,9.451,24.05,3.75488,10.0011,5.90667,11.9623,984.529,-9999.0,18.43,68.43
201209191330,201209191400,-9.30879,0.0,346.8,10.291,24.57,3.8203,13.2639,5.97641,14.2171,937.618,-9999.0,18.47,66.68
201209191400,201209191430,-6.8779,0.0,205.9,8.976,24.04,3.72949,10.7581,5.88156,10.8412,875.052,-9999.0,18.5,70.0
201209191430,201209191500,-2.74217,0.0,131.8,8.227,23.68,3.66459,6.56846,5.81331,8.1354,797.902,-9999.0,18.54,71.9
201209191500,201209191530,4.12254,0.0,53.51,2.98,20.97,3.26265,-0.633157,5.37561,4.04385,707.488,-9999.0,18.59,88.0
201209191530,201209191600,-5.01466,0.0,184.2,0.936,20.01,3.11762,8.3803,5.21284,10.125,605.357,-9999.0,18.63,96.0
201209191600,201209191630,-1.63177,0.0,174.7,0.839,20.87,3.22756,5.09098,5.33636,9.79384,493.257,-9999.0,18.67,96.6
201209191630,201209191700,-5.84247,0.0,172.9,2.026,21.92,3.36505,9.41782,5.4897,9.72741,373.105,-9999.0,18.7,92.3
201209191700,201209191730,0.03251,0.0,54.3,2.987,21.42,3.28361,3.47388,5.39932,4.09884,246.957,-9999.0,18.73,88.3
201209191730,201209191800,1.67415,0.0,17.28,1.622,20.08,3.0869,1.66447,5.17688,1.46183,116.973,-9999.0,18.76,93.1
201209191800,201209191830,-9999.0,1.0,2.031,0.974,19.49,2.99627,-0.626759,5.07243,0.180925,9.95633,-9999.0,18.78,95.7
201209191830,201209191900,-9999.0,1.0,0.323,0.647,19.25,2.95397,-0.726638,5.02301,0.028964,0.0,-9999.0,18.8,97.1
201209191900,201209191930,-9999.0,1.0,0.321,0.445,19.19,2.93616,-0.696023,5.00188,0.028805,0.0,-9999.0,18.81,98.0
201209191930,201209192000,-9999.0,1.0,0.326,0.391,18.8,2.87436,-0.619915,4.92897,0.029274,0.0,-9999.0,18.82,98.2
201209192000,201209192030,1.18218,0.0,0.315,0.194,18.68,2.84891,1.96987,4.89845,0.028307,0.0,-9999.0,18.83,99.1
201209192030,201209192100,-9999.0,1.0,0.305,0.043,18.52,2.81832,-0.691184,4.86168,0.027428,0.0,-9999.0,18.83,99.8
201209192100,201209192130,-9999.0,1.0,0.14,0.749,18.65,2.82598,-0.96805,4.87037,0.012606,0.0,-9999.0,18.83,96.5152
201209192130,201209192200,-9999.0,1.0,0.28,0.99,18.65,2.8165,-0.958804,4.85868,0.025217,0.0,-9999.0,18.82,95.3946
201209192200,201209192230,-9999.0,1.0,0.33,1.152,18.35,2.77599,-0.93693,4.80001,0.029736,0.0,-9999.0,18.81,94.5436
201209192230,201209192300,-9999.0,1.0,0.327,0.821,18.21,2.75648,-0.950096,4.76643,0.029487,0.0,-9999.0,18.81,96.0746
201209192300,201209192330,-9999.0,1.0,0.304,0.864,18.31,2.76821,-1.02965,4.7704,0.027434,0.0,-9999.0,18.8,95.8976
201209192330,201209200000,-9999.0,1.0,0.324,0.726,18.02,2.72928,-1.0423,4.71338,0.029257,0.0,-9999.0,18.79,96.4862
201209200000,201209200030,-9999.0,1.0,0.314,0.244,18.02,2.72802,-0.812393,4.70172,0.028375,0.0,-9999.0,18.78,98.8204
201209200030,201209200100,-0.14919,0.0,0.257,0.698,18.33,2.76697,3.24493,4.7385,0.023245,0.0,-9999.0,18.76,96.6878
201209200100,201209200130,-9999.0,1.0,0.205,0.892,18.17,2.74491,-0.961709,4.70183,0.018558,0.0,-9999.0,18.75,95.7273
201209200130,201209200200,-9999.0,1.0,0.126,1.151,17.92,2.71131,-0.961128,4.65113,0.011418,0.0,-9999.0,18.74,94.3982
201209200200,201209200230,-9999.0,1.0,0.242,0.897,17.76,2.68944,-0.957954,4.61453,0.021935,0.0,-9999.0,18.72,95.5884
201209200230,201209200300,2.33103,0.0,0.329,1.12,17.49,2.65354,0.661312,4.56081,0.029832,0.0,-9999.0,18.71,94.3998
201209200300,201209200330,-9999.0,1.0,0.326,0.962,17.12,2.6051,-1.04638,4.4916,0.029581,0.0,-9999.0,18.69,95.0745
201209200330,201209200400,-9999.0,1.0,0.326,0.817,17.15,2.60771,-1.0964,4.48466,0.029601,0.0,-9999.0,18.68,95.8233
201209200400,201209200430,-9999.0,1.0,0.325,0.996,17.05,2.59379,-1.02543,4.4575,0.029531,0.0,-9999.0,18.66,94.877
201209200430,201209200500,-9999.0,1.0,0.327,1.392,16.49,2.5219,-1.09789,4.35902,0.029733,0.0,-9999.0,18.65,92.5826
201209200500,201209200530,-9999.0,1.0,0.329,1.065,16.28,2.49441,-1.18147,4.31494,0.029936,0.0,-9999.0,18.63,94.2506
201209200530,201209200600,-9999.0,1.0,3.404,1.187,16.03,2.46206,-1.32441,4.26473,0.30648,0.0,-9999.0,18.61,93.4876
201209200600,201209200630,-0.187731,0.0,49.63,1.272,16.07,2.4659,3.00715,4.25938,3.82826,58.4354,-9999.0,18.58,93.0378
201209200630,201209200700,0.41869,0.0,140.1,0.111,16.3,2.49342,2.4251,4.28337,8.43859,189.207,-9999.0,18.56,99.4
201209200700,201209200730,-4.16547,0.0,243.9,1.698,17.48,2.64117,7.14148,4.45456,11.7376,317.244,-9999.0,18.53,91.5
201209200730,201209200800,-10.1105,0.0,355.4,3.954,18.21,2.73352,13.1681,4.55636,14.0615,440.135,-9999.0,18.51,81.1
201209200800,201209200830,-11.5999,0.0,461.2,6.626,19.24,2.86608,14.7739,4.70516,15.6056,555.777,-9999.0,18.48,70.3
201209200830,201209200900,-14.0332,0.0,557.7,8.385,19.99,2.96348,17.2918,4.81057,16.6619,662.191,-9999.0,18.45,64.13
201209200900,201209200930,-11.5416,0.0,575.6,9.352,20.6,3.04315,14.8688,4.89424,16.8159,757.557,-9999.0,18.42,61.47
201209200930,201209201000,-12.1221,0.0,672.3,9.973,21.04,3.10059,15.4983,4.95137,17.6095,840.243,-9999.0,18.4,60.01
201209201000,201209201030,-13.7753,0.0,748.0,11.29,21.52,3.16373,17.2052,5.01483,17.5304,908.834,-9999.0,18.39,56.04
201209201030,201209201100,-11.1155,0.0,786.0,13.149,21.94,3.21907,14.5922,5.06893,16.8848,962.157,-9999.0,18.39,50.1
201209201100,201209201130,-12.8923,0.0,803.0,15.117,22.39,3.27875,16.4193,5.12779,16.0728,999.298,-9999.0,18.39,44.18
201209201130,201209201200,-10.6173,0.0,806.0,16.674,22.72,3.32228,14.1807,5.16784,15.3904,1019.62,-9999.0,18.4,39.65
201209201200,201209201230,-5.68385,0.0,791.0,18.023,23.29,3.39895,9.31156,5.24564,14.7421,1022.79,-9999.0,18.41,36.98
201209201230,201209201300,-10.804,0.0,757.0,19.111,23.64,3.44563,14.4704,5.2889,14.1461,1008.73,-9999.0,18.43,34.57
201209201300,201209201330,-11.2791,0.0,710.0,20.451,24.26,3.52995,15.0157,5.3747,13.4209,977.694,-9999.0,18.45,32.54
201209201330,201209201400,-6.09148,0.0,667.6,22.11,24.98,3.62878,9.91008,5.47633,12.6241,930.213,-9999.0,18.48,30.14
201209201400,201209201430,-9.55723,0.0,598.8,22.303,24.89,3.61448,13.3631,5.4504,12.2352,867.097,-9999.0,18.52,29.15
201209201430,201209201500,-6.15458,0.0,518.7,21.056,24.69,3.58485,9.93497,5.40712,12.1925,789.427,-9999.0,18.58,32.31
201209201500,201209201530,-6.03749,0.0,432.3,20.904,24.36,3.53722,9.77725,5.34338,11.6167,698.532,-9999.0,18.63,31.46
201209201530,201209201600,-4.8302,0.0,337.6,20.478,23.85,3.46491,8.50848,5.2513,10.8206,595.967,-9999.0,18.68,30.77
201209201600,201209201630,-3.14489,0.0,239.7,20.205,23.51,3.41643,6.78158,5.18602,9.51013,483.486,-9999.0,18.71,30.28
201209201630,201209201700,0.834466,0.0,146.6,19.348,23.13,3.3627,2.75608,5.11448,7.56421,363.015,-9999.0,18.74,31.69
201209201700,201209201730,2.25078,0.0,50.91,17.23,21.81,3.18197,1.1852,4.89547,3.7515,236.615,-9999.0,18.77,34.09
201209201730,201209201800,4.16535,0.0,14.97,14.389,20.31,2.98066,-0.903538,4.64915,1.29861,106.447,-9999.0,18.78,39.65
201209201800,201209201830,-9999.0,1.0,2.37,12.38,18.95,2.80178,-2.15869,4.42587,0.217605,6.26257,-9999.0,18.79,43.5
201209201830,201209201900,2.1318,0.0,0.329,11.503,18.05,2.68506,0.869581,4.27491,0.030492,0.0,-9999.0,18.79,44.46
201209201900,201209201930,4.53143,0.0,0.33,10.13,17.04,2.55635,-1.64528,4.10778,0.030607,0.0,-9999.0,18.78,47.87
201209201930,201209202000,3.62443,0.0,0.33,8.883,16.0,2.42627,-0.85591,3.93711,0.030628,0.0,-9999.0,18.77,51.16
201209202000,201209202030,3.44999,0.0,0.33,7.815,15.14,2.32044,-0.778194,3.79492,0.030649,0.0,-9999.0,18.75,54.6
201209202030,201209202100,2.66891,0.0,0.329,7.486,14.7,2.26648,-0.047029,3.71697,0.030577,0.0,-9999.0,18.72,55.26
201209202100,201209202130,2.15385,0.0,0.33,6.831,14.06,2.18937,0.396535,3.60929,0.03069,0.0,-9999.0,18.69,57.45
201209202130,201209202200,2.06541,0.0,0.329,6.707,13.84,2.16243,0.459558,3.56498,0.030618,0.0,-9999.0,18.65,57.62
201209202200,201209202230,3.39063,0.0,0.313,6.705,13.67,2.14149,-0.885578,3.52823,0.02915,0.0,-9999.0,18.6,57.16
201209202230,201209202300,1.87307,0.0,0.32,6.359,13.23,2.08927,0.58293,3.45139,0.029822,0.0,-9999.0,18.55,58.19
201209202300,201209202330,1.70045,0.0,0.327,5.903,12.77,2.0353,0.704619,3.37196,0.030494,0.0,-9999.0,18.5,60.0
201209202330,201209210000,-9999.0,1.0,0.289,5.919,12.75,2.03204,-0.918686,3.35777,0.026972,0.0,-9999.0,18.44,59.84
201209210000,201209210030,-9999.0,1.0,0.139,6.326,12.98,2.05747,-0.804711,3.38051,0.012989,0.0,-9999.0,18.38,57.72
201209210030,201209210100,1.84077,0.0,0.07,6.385,13.05,2.06455,0.590189,3.37961,0.006521,0.0,-9999.0,18.32,57.52
201209210100,201209210130,-9999.0,1.0,0.106,6.215,12.8,2.03487,-0.809754,3.33179,0.009841,0.0,-9999.0,18.26,57.97
201209210130,201209210200,-9999.0,1.0,0.05,6.286,12.86,2.04078,-0.787907,3.32944,0.004627,0.0,-9999.0,18.2,57.66
201209210200,201209210230,1.33118,0.0,0.079,6.07,12.71,2.02266,1.05913,3.29665,0.007286,0.0,-9999.0,18.14,58.71
201209210230,201209210300,1.51648,0.0,0.062,5.717,12.47,1.9944,0.846833,3.25122,0.005699,0.0,-9999.0,18.07,60.49
201209210300,201209210330,1.5824,0.0,0.084,5.369,12.2,1.96292,0.750819,3.20197,0.007695,0.0,-9999.0,18.02,62.23
201209210330,201209210400,1.75068,0.0,0.173,4.975,11.92,1.93055,0.551507,3.15183,0.015788,0.0,-9999.0,17.96,64.35
201209210400,201209210430,2.8019,0.0,0.202,4.562,11.58,1.89175,-0.536937,3.09384,0.018369,0.0,-9999.0,17.9,66.57
201209210430,201209210500,4.0441,0.0,0.247,4.112,11.18,1.8467,-1.82247,3.02822,0.022381,0.0,-9999.0,17.84,69.06
201209210500,201209210530,1.21779,0.0,0.314,3.885,10.89,1.81409,0.972237,2.97853,0.028347,0.0,-9999.0,17.78,70.2
201209210530,201209210600,-9999.0,1.0,3.909,3.538,10.64,1.78607,0.122334,2.93484,0.346809,0.0,-9999.0,17.73,72.4
201209210600,201209210630,-9999.0,1.0,67.18,3.391,10.67,1.78847,2.01266,2.92946,4.78005,52.7463,-9999.0,17.67,73.6
201209210630,201209210700,-0.08969,0.0,175.9,4.087,11.81,1.91278,2.37227,3.07447,9.35575,183.091,-9999.0,17.61,70.5
201209210700,201209210730,-8.83582,0.0,217.1,5.584,13.7,2.12674,11.3181,3.32265,10.5247,311.213,-9999.0,17.56,64.39
201209210730,201209210800,-9.24881,0.0,288.5,6.905,15.31,2.31558,11.9037,3.53305,12.1423,434.186,-9999.0,17.5,60.32
201209210800,201209210830,-9.97906,0.0,363.7,8.341,17.16,2.53985,12.8353,3.77684,13.442,549.905,-9999.0,17.45,57.4
201209210830,201209210900,-8.77283,0.0,442.6,9.405,18.55,2.71268,11.7815,3.95586,14.5045,656.391,-9999.0,17.41,55.99
201209210900,201209210930,-15.2515,0.0,516.9,10.462,20.0,2.89695,18.4205,4.14215,15.1316,751.82,-9999.0,17.37,55.27
201209210930,201209211000,-5.64724,0.0,554.3,10.669,20.93,3.0166,8.91887,4.25451,15.3786,834.561,-9999.0,17.34,56.93
201209211000,201209211030,-13.1979,0.0,686.5,11.366,21.98,3.15358,16.5861,4.38227,16.0615,903.198,-9999.0,17.32,56.97
201209211030,201209211100,-10.7538,0.0,769.0,12.165,22.98,3.28557,14.2532,4.50163,16.159,956.557,-9999.0,17.32,56.66
201209211100,201209211130,-4.7321,0.0,802.0,13.647,24.24,3.45438,8.37259,4.65527,15.6341,993.723,-9999.0,17.34,54.93
201209211130,201209211200,-6.53652,0.0,688.5,13.866,24.45,3.48134,10.1988,4.6632,14.9602,1014.06,-9999.0,17.36,54.78
201209211200,201209211230,-8.30761,0.0,699.925,15.287,24.88,3.53845,12.0166,4.70066,14.4253,1017.23,-9999.0,17.39,51.41
201209211230,201209211300,-11.3516,0.0,717.0,15.296,25.24,3.58614,15.0994,4.7279,14.4898,1003.16,-9999.0,17.44,52.41
201209211300,201209211330,-8.48924,0.0,592.2,14.583,24.83,3.52822,12.1882,4.6512,14.0417,972.104,-9999.0,17.49,53.51
201209211330,201209211400,-7.39177,0.0,656.5,16.591,25.75,3.65291,11.1933,4.75244,13.6502,924.591,-9999.0,17.55,49.92
201209211400,201209211430,-5.86334,0.0,574.3,17.145,26.16,3.70784,9.70928,4.78453,12.9732,861.434,-9999.0,17.62,49.49
201209211430,201209211500,-7.66046,0.0,449.2,15.261,25.4,3.60123,11.4177,4.6621,12.6225,783.712,-9999.0,17.7,52.97
201209211500,201209211530,-6.72611,0.0,412.1,14.151,24.97,3.54057,10.4323,4.58415,12.5556,692.756,-9999.0,17.78,55.26
201209211530,201209211600,-5.15122,0.0,295.5,12.968,24.67,3.49794,8.82122,4.52384,11.2179,590.122,-9999.0,17.86,58.26
201209211600,201209211630,-1.56411,0.0,218.4,12.389,24.51,3.47449,5.21383,4.48208,9.73831,477.566,-9999.0,17.94,59.74
201209211630,201209211700,-2.58475,0.0,132.6,11.713,24.09,3.41588,6.18483,4.40744,7.27358,357.015,-9999.0,18.01,60.97
201209211700,201209211730,0.775418,0.0,49.2,9.947,23.12,3.28382,2.71313,4.26395,3.45591,230.53,-9999.0,18.07,64.86
201209211730,201209211800,2.6939,0.0,16.66,7.066,21.41,3.05611,0.600742,4.02954,1.29702,100.276,-9999.0,18.12,72.3
201209211800,201209211830,3.98913,0.0,2.076,4.903,19.97,2.86818,-0.856825,3.83236,0.169553,4.49243,-9999.0,18.16,79.0
201209211830,201209211900,-9999.0,1.0,0.329,3.236,18.81,2.71944,-0.506004,3.67272,0.02694,0.0,-9999.0,18.19,85.1
201209211900,201209211930,-9999.0,1.0,0.33,2.501,17.63,2.57098,-0.703048,3.51317,0.026919,0.0,-9999.0,18.22,87.6
201209211930,201209212000,-9999.0,1.0,0.33,1.622,16.75,2.46191,-0.775546,3.39227,0.026816,0.0,-9999.0,18.24,91.5
201209212000,201209212030,-9999.0,1.0,0.33,1.115,16.33,2.40987,-0.837027,3.32796,0.026714,0.0,-9999.0,18.25,94.0
201209212030,201209212100,-9999.0,1.0,0.33,0.934,15.8,2.3451,-0.872403,3.25145,0.026611,0.0,-9999.0,18.26,94.8
201209212100,201209212130,-9999.0,1.0,0.33,0.721,15.09,2.25978,-0.558412,3.15493,0.026509,0.0,-9999.0,18.25,95.8
201209212130,201209212200,-9999.0,1.0,0.33,0.475,14.92,2.23871,-0.482663,3.12235,0.026406,0.0,-9999.0,18.24,97.2
201209212200,201209212230,-9999.0,1.0,0.33,0.348,14.53,2.19207,-0.029825,3.06477,0.026304,0.0,-9999.0,18.23,97.9
201209212230,201209212300,-9999.0,1.0,0.33,0.195,14.27,2.16085,0.012943,3.02271,0.026201,0.0,-9999.0,18.21,98.8
201209212300,201209212330,-9999.0,1.0,0.33,0.096,13.95,2.12291,-0.080299,2.97434,0.026099,0.0,-9999.0,18.19,99.4
201209212330,201209220000,-9999.0,1.0,0.33,0.032,13.79,2.10355,-0.119133,2.94444,0.025996,0.0,-9999.0,18.16,99.8
201209220000,201209220030,-9999.0,1.0,0.33,0.0,13.63,2.08425,-0.204751,2.91481,0.025894,0.0,-9999.0,18.13,100.0
201209220030,201209220100,-9999.0,1.0,0.33,1.251,13.66,2.08666,-0.06878,2.90641,0.025791,0.0,-9999.0,18.1,92.0047
201209220100,201209220130,-9999.0,1.0,0.33,1.245,13.54,2.07199,-0.130669,2.88153,0.025689,0.0,-9999.0,18.06,91.9784
201209220130,201209220200,-9999.0,1.0,0.33,1.098,13.49,2.06531,-0.012882,2.86445,0.025586,0.0,-9999.0,18.03,92.8998
201209220200,201209220230,1.66867,0.0,0.33,1.366,13.38,2.05184,0.725043,2.84098,0.025484,0.0,-9999.0,17.99,91.103
201209220230,201209220300,-1.92962,0.0,0.33,1.329,13.36,2.04858,4.31981,2.82733,0.025381,0.0,-9999.0,17.95,91.3359
201209220300,201209220330,-9999.0,1.0,0.33,1.086,13.68,2.08388,-0.016576,2.84987,0.025279,0.0,-9999.0,17.91,93.0653
201209220330,201209220400,-9999.0,1.0,0.33,1.078,13.77,2.09311,-0.008585,2.84763,0.025176,0.0,-9999.0,17.87,93.1545
201209220400,201209220430,-9999.0,1.0,0.33,1.015,13.92,2.1092,-0.036908,2.85155,0.025074,0.0,-9999.0,17.83,93.6171
201209220430,201209220500,-9999.0,1.0,0.33,1.115,14.09,2.12762,-0.042047,2.85733,0.024971,0.0,-9999.0,17.79,93.0667
201209220500,201209220530,-9999.0,1.0,0.33,1.281,14.08,2.12544,-0.044569,2.84422,0.024869,0.0,-9999.0,17.76,92.0291
201209220530,201209220600,-9999.0,1.0,2.413,1.407,13.57,2.06634,-0.091392,2.77984,0.179828,0.0,-9999.0,17.72,90.9488
201209220600,201209220630,-0.4319,0.0,35.43,1.122,13.61,2.06986,2.83819,2.77224,2.36928,47.3258,-9999.0,17.68,92.803
201209220630,201209220700,-2.80207,0.0,111.1,1.101,14.29,2.1464,5.27812,2.82927,6.04546,176.953,-9999.0,17.65,93.2457
201209220700,201209220730,-4.52208,0.0,167.8,0.968,15.42,2.27654,7.11587,2.93068,8.01207,305.155,-9999.0,17.61,94.4748
201209220730,201209220800,-6.32028,0.0,251.7,1.104,16.28,2.37713,9.00397,3.00355,10.1901,428.205,-9999.0,17.57,94.0363
201209220800,201209220830,-14.9199,0.0,373.5,2.659,18.62,2.66044,17.8536,3.22247,12.4033,543.996,-9999.0,17.55,87.614
201209220830,201209220900,-9.26453,0.0,423.5,1.853,20.25,2.86354,12.3738,3.36767,13.0841,650.548,-9999.0,17.53,92.2
201209220900,201209220930,-8.2646,0.0,429.9,4.657,21.73,3.05178,11.5341,3.49531,13.1431,746.038,-9999.0,17.51,82.1
201209220930,201209221000,-5.78027,0.0,597.8,7.277,23.06,3.22374,9.19429,3.60563,14.8959,828.83,-9999.0,17.49,74.2
201209221000,201209221030,-8.45441,0.0,304.0,8.572,23.61,3.29467,11.9271,3.63863,11.1355,897.51,-9999.0,17.49,70.6
201209221030,201209221100,-9.13371,0.0,471.2,8.73,23.69,3.30363,12.6132,3.62601,13.5768,950.902,-9999.0,17.51,70.2
201209221100,201209221130,-10.5311,0.0,410.9,9.266,23.96,3.33778,14.0383,3.63108,12.7922,988.092,-9999.0,17.54,68.88
201209221130,201209221200,-7.5465,0.0,227.4,9.776,24.17,3.36401,11.0748,3.63008,9.43251,1008.44,-9999.0,17.58,67.58
201209221200,201209221230,-12.0826,0.0,411.1,9.836,24.46,3.40095,15.6408,3.63604,12.7457,1011.61,-9999.0,17.62,67.94
201209221230,201209221300,-5.08789,0.0,284.3,10.239,24.8,3.44464,8.6815,3.64601,10.5904,997.534,-9999.0,17.68,67.3
201209221300,201209221330,-9999.0,1.0,258.9,10.375,24.95,3.463,9.29007,3.63821,10.0217,966.459,-9999.0,17.73,67.16
201209221330,201209221400,-9999.0,1.0,293.9,11.148,25.3,3.5082,10.2621,3.64795,10.5638,918.916,-9999.0,17.79,65.44
201209221400,201209221430,-7.76335,0.0,325.7,10.532,25.04,3.47164,11.3769,3.60327,11.2232,855.719,-9999.0,17.85,66.84
201209221430,201209221500,-9.52207,0.0,396.7,11.445,25.42,3.52086,13.1754,3.61489,12.0773,777.949,-9999.0,17.91,64.77
201209221500,201209221530,-4.14871,0.0,221.1,10.299,24.71,3.42419,7.72155,3.53172,9.07352,686.936,-9999.0,17.97,66.93
201209221530,201209221600,-3.03533,0.0,202.1,10.676,24.72,3.42384,6.60711,3.51135,8.52607,584.238,-9999.0,18.03,65.74
201209221600,201209221630,-5.46116,0.0,169.6,11.083,24.61,3.40752,9.01867,3.48082,7.56882,471.612,-9999.0,18.1,64.2
201209221630,201209221700,-2.62808,0.0,115.6,11.27,24.57,3.40053,6.17903,3.45634,5.77283,350.985,-9999.0,18.15,63.51
201209221700,201209221730,-1.56885,0.0,52.53,9.454,23.84,3.30233,5.0375,3.37471,3.07986,224.421,-9999.0,18.2,68.02
201209221730,201209221800,-9999.0,1.0,17.29,7.264,22.84,3.16983,0.190013,3.272,1.11173,94.0859,-9999.0,18.26,73.9
201209221800,201209221830,-9999.0,1.0,1.276,5.235,21.75,3.02747,0.341381,3.16346,0.085608,3.0016,-9999.0,18.3,79.9
201209221830,201209221900,-9999.0,1.0,0.224,3.601,20.64,2.88468,0.497167,3.05492,0.015006,0.0,-9999.0,18.34,85.2
201209221900,201209221930,-9999.0,1.0,0.201,3.074,20.3,2.84042,0.423458,3.01003,0.013404,0.0,-9999.0,18.37,87.1
201209221930,201209222000,-9999.0,1.0,0.035,3.844,20.95,2.92104,0.522266,3.04441,0.002324,0.0,-9999.0,18.39,84.5
201209222000,201209222030,-9999.0,1.0,0.02,3.947,21.07,2.93481,0.510198,3.03599,0.001322,0.0,-9999.0,18.41,84.2
201209222030,201209222100,-9999.0,1.0,0.006,3.83,21.1,2.93717,0.525048,3.02038,0.000395,0.0,-9999.0,18.42,84.7
201209222100,201209222130,-9999.0,1.0,0.005,3.959,21.22,2.95094,0.463323,3.01161,0.000327,0.0,-9999.0,18.43,84.3
201209222130,201209222200,-9999.0,1.0,0.004,4.193,21.25,2.95329,0.362342,2.99581,0.000261,0.0,-9999.0,18.44,83.4
201209222200,201209222230,1.64503,0.0,0.006,4.457,21.29,2.95691,1.52581,2.9807,0.000389,0.0,-9999.0,18.45,82.4
201209222230,201209222300,-9999.0,1.0,0.01,3.784,20.8,2.89344,0.642102,2.92628,0.000645,0.0,-9999.0,18.46,84.6
201209222300,201209222330,-9999.0,1.0,0.014,3.546,20.72,2.88193,0.627399,2.90271,0.000899,0.0,-9999.0,18.47,85.5
201209222330,201209230000,-9999.0,1.0,0.006,3.572,20.84,2.89561,0.600285,2.89376,0.000384,0.0,-9999.0,18.47,85.5
201209230000,201209230030,-9999.0,1.0,0.005,3.767,20.94,2.90678,0.622383,2.88317,0.000318,0.0,-9999.0,18.48,84.8
201209230030,201209230100,-9999.0,1.0,0.003,4.105,21.1,2.92554,0.411485,2.88918,0.00019,0.0,-9999.0,18.48,83.6
201209230100,201209230130,-9999.0,1.0,0.002,4.886,21.37,2.95825,0.343087,2.90314,0.000127,0.0,-9999.0,18.49,80.8
201209230130,201209230200,-9999.0,1.0,0.0,5.38,21.48,2.97073,0.26439,2.9057,0.0,0.0,-9999.0,18.49,79.0
201209230200,201209230230,1.45285,0.0,0.0,5.679,21.53,2.9756,1.7283,2.90396,0.0,0.0,-9999.0,18.5,77.9
201209230230,201209230300,0.904763,0.0,0.001,5.71,21.47,2.96651,2.26798,2.89431,6.3e-05,0.0,-9999.0,18.5,77.7
201209230300,201209230330,1.43039,0.0,0.0,5.583,21.4,2.95617,1.73289,2.88389,0.0,0.0,-9999.0,18.51,78.1
201209230330,201209230400,1.62243,0.0,0.0,5.515,21.35,2.94838,1.53354,2.87491,0.0,0.0,-9999.0,18.52,78.3
201209230400,201209230430,1.7219,0.0,0.015,5.293,21.29,2.93933,1.4257,2.86517,0.000939,0.0,-9999.0,18.52,79.1
201209230430,201209230500,1.03638,0.0,0.009,5.012,21.2,2.92651,2.09964,2.85321,0.000563,0.0,-9999.0,18.53,80.1
201209230500,201209230530,-9999.0,1.0,0.001,4.884,21.11,2.91372,0.398738,2.84121,6.2e-05,0.0,-9999.0,18.54,80.5
201209230530,201209230600,-9999.0,1.0,0.793,4.555,21.01,2.8997,0.402863,2.82844,0.049269,0.0,-9999.0,18.54,81.7
201209230600,201209230630,-9999.0,1.0,11.38,4.329,20.91,2.8857,0.426257,2.81562,0.685983,45.8003,-9999.0,18.55,82.5
201209230630,201209230700,-9999.0,1.0,46.44,4.679,21.18,2.91816,0.52154,2.83016,2.55884,175.131,-9999.0,18.55,81.4
201209230700,201209230730,-2.85791,0.0,107.2,5.284,21.74,2.98735,6.042,2.8663,5.14896,303.271,-9999.0,18.56,79.7
201209230730,201209230800,-3.0585,0.0,186.8,6.465,22.65,3.1017,6.33812,2.92857,7.68863,426.183,-9999.0,18.56,76.5
201209230800,201209230830,-8.48942,0.0,241.5,7.698,23.55,3.21592,11.8637,2.99031,9.05097,541.765,-9999.0,18.57,73.5
201209230830,201209230900,-7.2283,0.0,251.2,8.975,24.15,3.29212,10.6651,3.03002,9.26214,648.038,-9999.0,18.58,70.2
201209230900,201209230930,-7.24676,0.0,354.7,10.249,24.76,3.37007,10.7471,3.07067,11.1802,743.185,-9999.0,18.59,67.19
201209230930,201209231000,-11.7762,0.0,589.2,12.339,25.72,3.49463,15.3779,3.13758,13.4546,825.577,-9999.0,18.6,62.69
201209231000,201209231030,-12.1725,0.0,487.9,12.744,25.85,3.51006,15.786,3.14293,12.3798,893.804,-9999.0,18.62,61.76
201209231030,201209231100,-12.8057,0.0,643.7,14.268,26.67,3.61713,16.5055,3.1999,13.3074,946.699,-9999.0,18.65,59.21
201209231100,201209231130,-11.646,0.0,662.4,16.053,27.51,3.7276,15.4343,3.25863,12.8925,983.358,-9999.0,18.69,56.31
201209231130,201209231200,-10.5887,0.0,610.8,17.007,28.05,3.79832,14.433,3.29521,12.2803,1003.15,-9999.0,18.72,55.15
201209231200,201209231230,-10.9318,0.0,673.7,17.152,28.15,3.80989,14.7845,3.29899,12.635,1005.74,-9999.0,18.77,55.03
201209231230,201209231300,-9.91837,0.0,742.0,18.797,28.76,3.89036,13.8346,3.34122,12.4938,991.088,-9999.0,18.82,52.43
201209231300,201209231330,-7.94801,0.0,567.9,18.977,28.91,3.90871,11.878,3.34902,11.4572,959.436,-9999.0,18.88,52.39
201209231330,201209231400,-8.51308,0.0,413.0,18.306,28.8,3.89186,12.4288,3.33719,10.3114,911.329,-9999.0,18.94,53.78
201209231400,201209231430,-6.25983,0.0,481.6,18.167,28.86,3.89802,10.1796,3.33824,10.9962,847.59,-9999.0,19.01,54.29
201209231430,201209231500,-6.51923,0.0,457.1,17.435,28.64,3.86633,10.4128,3.31794,10.9412,769.31,-9999.0,19.09,55.57
201209231500,201209231530,-6.94234,0.0,425.5,17.142,28.63,3.86303,10.8324,3.31361,10.6859,677.828,-9999.0,19.16,56.29
201209231530,201209231600,-1.95959,0.0,288.7,15.221,28.08,3.78709,5.78804,3.26769,9.18798,574.71,-9999.0,19.22,59.93
201209231600,201209231630,-3.55236,0.0,188.8,14.284,27.64,3.72626,7.33112,3.22992,7.24123,461.72,-9999.0,19.28,61.42
201209231630,201209231700,-2.7971,0.0,116.0,13.212,27.11,3.65374,6.5166,3.18489,5.19898,340.791,-9999.0,19.34,63.19
201209231700,201209231730,1.25895,0.0,49.41,11.131,26.1,3.51829,2.34999,3.10204,2.59838,213.992,-9999.0,19.39,67.09
201209231730,201209231800,3.55283,0.0,16.87,8.951,24.97,3.36866,-0.066921,3.00915,0.959731,83.4936,-9999.0,19.43,71.7
201209231800,201209231830,5.38248,0.0,1.084,6.681,23.84,3.22092,-2.01911,2.91561,0.063995,1.16748,-9999.0,19.47,77.4
201209231830,201209231900,-9999.0,1.0,0.187,4.646,22.54,3.05365,0.500089,2.80808,0.011042,0.0,-9999.0,19.5,83.0
201209231900,201209231930,-9999.0,1.0,0.225,3.566,21.86,2.96653,0.570308,2.74912,0.013257,0.0,-9999.0,19.53,86.4
201209231930,201209232000,-9999.0,1.0,0.215,3.242,21.68,2.94251,0.520117,2.72957,0.012642,0.0,-9999.0,19.54,87.5
201209232000,201209232030,-9999.0,1.0,0.299,2.643,21.04,2.86143,0.623824,2.67335,0.01754,0.0,-9999.0,19.55,89.4
201209232030,201209232100,-9999.0,1.0,0.314,2.403,20.44,2.78602,0.563453,2.62011,0.018381,0.0,-9999.0,19.55,90.0
201209232100,201209232130,-9999.0,1.0,0.316,1.891,19.97,2.72713,0.486509,2.57705,0.01846,0.0,-9999.0,19.55,91.9
201209232130,201209232200,-1.17686,0.0,0.315,2.298,20.21,2.75504,4.14366,2.59061,0.018363,0.0,-9999.0,19.54,90.3
201209232200,201209232230,2.93108,0.0,0.313,2.634,20.09,2.73899,0.021343,2.5754,0.018208,0.0,-9999.0,19.52,88.8
201209232230,201209232300,-9999.0,1.0,0.323,1.987,19.25,2.63582,0.44231,2.50234,0.01875,0.0,-9999.0,19.51,91.1
201209232300,201209232330,-9999.0,1.0,0.323,1.535,19.19,2.62727,0.40827,2.49175,0.01871,0.0,-9999.0,19.49,93.1
201209232330,201209240000,-9999.0,1.0,0.314,1.395,19.64,2.68019,0.422285,2.52224,0.018151,0.0,-9999.0,19.47,93.9
201209240000,201209240030,-9999.0,1.0,0.293,1.224,19.2,2.6258,0.372077,2.481,0.016902,0.0,-9999.0,19.44,94.5
201209240030,201209240100,-9999.0,1.0,0.286,0.897,18.93,2.59211,0.285455,2.45339,0.016463,0.0,-9999.0,19.41,95.9
201209240100,201209240130,-9999.0,1.0,0.323,0.7,18.44,2.53244,0.347629,2.40792,0.018552,0.0,-9999.0,19.38,96.7
201209240130,201209240200,-9999.0,1.0,0.328,0.449,17.82,2.45801,0.201496,2.35185,0.018799,0.0,-9999.0,19.35,97.8
201209240200,201209240230,-9999.0,1.0,0.314,0.082,17.84,2.45911,0.201833,2.34745,0.017959,0.0,-9999.0,19.33,99.6
201209240230,201209240300,-9999.0,1.0,0.277,0.578,18.28,2.50965,0.345034,2.37717,0.01581,0.0,-9999.0,19.3,97.2504
201209240300,201209240330,-9999.0,1.0,0.217,0.809,18.63,2.54981,0.222061,2.39977,0.012361,0.0,-9999.0,19.27,96.2347
201209240330,201209240400,-9999.0,1.0,0.236,0.995,18.52,2.53547,0.263097,2.3849,0.013413,0.0,-9999.0,19.24,95.3373
201209240400,201209240430,-9999.0,1.0,0.31,0.234,18.57,2.54009,0.24041,2.38309,0.017578,0.0,-9999.0,19.21,98.908
201209240430,201209240500,-9999.0,1.0,0.222,0.564,18.87,2.57441,0.313087,2.40185,0.012564,0.0,-9999.0,19.17,97.4125
201209240500,201209240530,-9999.0,1.0,0.188,0.755,18.93,2.58024,0.339078,2.40096,0.010617,0.0,-9999.0,19.14,96.552
201209240530,201209240600,-1.24039,0.0,2.225,0.784,18.92,2.57773,4.04451,2.39431,0.124793,0.0,-9999.0,19.12,96.4132
201209240600,201209240630,-6.59057,0.0,31.55,0.665,19.34,2.6265,9.43603,2.42328,1.65401,40.7389,-9999.0,19.09,97.0374
201209240630,201209240700,-2.93458,0.0,111.8,2.005,20.27,2.73715,5.87399,2.49503,4.99355,168.957,-9999.0,19.06,91.5694
201209240700,201209240730,-5.34421,0.0,223.3,1.926,21.74,2.91566,8.43391,2.61292,8.29007,297.166,-9999.0,19.03,92.6
201209240730,201209240800,-3.65896,0.0,314.2,5.583,23.14,3.08862,6.89237,2.72623,10.2615,420.144,-9999.0,19.01,80.3
201209240800,201209240830,-7.17293,0.0,398.2,7.176,24.31,3.23499,10.5265,2.8211,11.71,535.788,-9999.0,18.99,76.4
201209240830,201209240900,-8.79188,0.0,488.4,7.76,24.79,3.29456,12.1935,2.85758,12.9816,642.118,-9999.0,18.97,75.2
201209240900,201209240930,-8.15073,0.0,580.8,9.523,25.6,3.39683,11.635,2.92282,14.059,737.316,-9999.0,18.96,71.0
201209240930,201209241000,-9.58399,0.0,657.9,10.657,26.25,3.47909,13.1342,2.97475,14.6229,819.752,-9999.0,18.96,68.77
201209241000,201209241030,-9.71752,0.0,578.0,12.047,26.86,3.55807,13.3294,3.02363,13.4666,888.016,-9999.0,18.98,65.94
201209241030,201209241100,-11.7233,0.0,649.6,12.774,27.41,3.62962,15.3906,3.06766,13.9133,940.94,-9999.0,19.0,65.03
201209241100,201209241130,-9.33758,0.0,433.2,13.3,27.77,3.67652,13.0403,3.09535,11.5248,977.618,-9999.0,19.03,64.35
201209241130,201209241200,-9.65709,0.0,459.7,12.306,27.5,3.64075,13.3291,3.06777,12.0757,997.423,-9999.0,19.07,66.49
201209241200,201209241230,-12.8703,0.0,592.9,11.291,27.19,3.59983,16.5075,3.03652,13.826,1000.02,-9999.0,19.12,68.69
201209241230,201209241300,-11.446,0.0,428.7,10.201,26.59,3.52129,15.0199,2.9795,12.0973,985.352,-9999.0,19.18,70.7
201209241300,201209241330,-12.6469,0.0,490.5,10.976,26.91,3.56262,16.2537,3.00375,12.7605,953.683,-9999.0,19.24,69.06
201209241330,201209241400,-9.6066,0.0,424.0,11.427,26.89,3.55969,13.2108,2.99793,11.7725,905.55,-9999.0,19.29,67.75
201209241400,201209241430,-8.23047,0.0,427.0,11.416,26.81,3.54894,11.8258,2.98675,11.8144,841.777,-9999.0,19.36,67.63
201209241430,201209241500,-9.06857,0.0,428.3,12.918,27.3,3.61255,12.7146,3.02656,11.5229,763.455,-9999.0,19.42,64.41
201209241500,201209241530,-3.24831,0.0,261.2,11.856,26.89,3.5587,6.85093,2.9858,8.8538,671.924,-9999.0,19.48,66.54
201209241530,201209241600,-0.858682,0.0,147.8,8.636,25.6,3.39134,4.32604,2.86589,6.06287,568.751,-9999.0,19.53,73.7
201209241600,201209241630,-9999.0,1.0,90.5,8.796,25.22,3.34223,4.19353,2.82739,4.08446,455.7,-9999.0,19.58,72.6
201209241630,201209241700,-9999.0,1.0,82.9,8.804,24.99,3.31248,4.08614,2.80224,3.78654,334.706,-9999.0,19.62,72.2
201209241700,201209241730,2.00654,0.0,59.86,7.673,24.6,3.26242,1.35514,2.7626,2.84705,207.839,-9999.0,19.66,75.2
201209241730,201209241800,2.86541,0.0,27.95,8.032,24.13,3.20244,0.446924,2.71563,1.41075,77.2704,-9999.0,19.69,73.3
201209241800,201209241830,-9999.0,1.0,3.601,9.22,23.66,3.14278,0.241418,2.66855,0.19054,0.469681,-9999.0,19.72,68.47
201209241830,201209241900,3.82899,0.0,0.0,8.94,23.1,3.07217,-0.624421,2.61327,0.0,0.0,-9999.0,19.74,68.38
201209241900,201209241930,1.21907,0.0,0.001,7.784,22.53,3.0008,1.92609,2.557,5.3e-05,0.0,-9999.0,19.75,71.5
201209241930,201209242000,2.65905,0.0,0.065,6.106,21.71,2.89914,0.401103,2.47826,0.003441,0.0,-9999.0,19.76,76.5
201209242000,201209242030,2.56272,0.0,0.047,4.811,21.29,2.84736,0.45379,2.43534,0.002482,0.0,-9999.0,19.76,81.0
201209242030,201209242100,3.95021,0.0,0.032,4.31,21.12,2.82633,-0.951603,2.41474,0.001686,0.0,-9999.0,19.75,82.8
201209242100,201209242130,2.4592,0.0,0.01,4.092,21.15,2.82973,0.542043,2.41202,0.000526,0.0,-9999.0,19.74,83.7
201209242130,201209242200,3.27587,0.0,0.05,3.949,20.87,2.79536,-0.30379,2.38145,0.002622,0.0,-9999.0,19.73,84.0
201209242200,201209242230,1.78037,0.0,0.142,2.927,20.15,2.708,1.1176,2.3114,0.007429,0.0,-9999.0,19.71,87.6
201209242230,201209242300,-9999.0,1.0,0.228,1.971,19.3,2.60607,0.399065,2.2299,0.011898,0.0,-9999.0,19.7,91.2
201209242300,201209242330,-9999.0,1.0,0.262,1.4,18.67,2.53131,0.167586,2.16817,0.013639,0.0,-9999.0,19.68,93.5
201209242330,201209250000,-9999.0,1.0,0.302,0.849,18.04,2.45728,0.327616,2.10657,0.015683,0.0,-9999.0,19.66,95.9
201209250000,201209250030,-9999.0,1.0,0.326,0.499,17.46,2.38979,0.487642,2.04953,0.016889,0.0,-9999.0,19.64,97.5
201209250030,201209250100,-9999.0,1.0,0.327,0.272,17.03,2.34012,0.285421,2.01265,0.016934,0.0,-9999.0,19.61,98.6
201209250100,201209250130,-9999.0,1.0,0.324,0.509,17.33,2.37436,0.473814,2.03973,0.016772,0.0,-9999.0,19.58,97.4269
201209250130,201209250200,5.4405,0.0,0.325,1.052,17.5,2.39374,-2.81392,2.05551,0.016818,0.0,-9999.0,19.55,94.7422
201209250200,201209250230,2.80953,0.0,0.315,1.018,17.5,2.39352,-0.183335,2.05633,0.016294,0.0,-9999.0,19.51,94.911
201209250230,201209250300,-9999.0,1.0,0.319,1.332,17.14,2.35187,0.294907,2.02539,0.016494,0.0,-9999.0,19.47,93.1868
201209250300,201209250330,-9999.0,1.0,0.328,1.685,16.2,2.24469,0.568162,1.94377,0.016953,0.0,-9999.0,19.44,90.8527
201209250330,201209250400,-9999.0,1.0,0.326,1.277,15.8,2.19951,0.432502,1.90962,0.016843,0.0,-9999.0,19.4,92.8898
201209250400,201209250430,-1.74494,0.0,0.302,0.788,16.13,2.23638,4.23272,1.93899,0.015598,0.0,-9999.0,19.36,95.7027
201209250430,201209250500,5.49366,0.0,0.137,1.404,16.13,2.23617,-3.00625,1.93966,0.007075,0.0,-9999.0,19.31,92.3424
201209250500,201209250530,3.31808,0.0,0.275,1.335,15.87,2.20674,-0.856841,1.9176,0.014193,0.0,-9999.0,19.27,92.598
201209250530,201209250600,2.11887,0.0,0.973,1.016,15.92,2.21215,0.346961,1.9226,0.050129,0.0,-9999.0,19.23,94.3874
201209250600,201209250630,-9999.0,1.0,15.09,0.932,16.21,2.24457,0.232556,1.94866,0.756576,35.9917,-9999.0,19.19,94.9432
201209250630,201209250700,-9999.0,1.0,41.06,0.951,16.44,2.27036,0.658742,1.9696,1.96257,162.766,-9999.0,19.15,94.9162
201209250700,201209250730,-9999.0,1.0,143.1,0.587,16.88,2.32017,4.61196,2.00928,5.78662,291.038,-9999.0,19.11,96.9476
201209250730,201209250800,-9999.0,1.0,172.9,1.221,18.63,2.52263,8.82108,2.16734,6.6915,414.077,-9999.0,19.07,94.3137
201209250800,201209250830,-9999.0,1.0,140.6,2.283,19.55,2.63122,8.67586,2.25238,5.70657,529.778,-9999.0,19.04,89.962
201209250830,201209250900,-9.29672,0.0,130.9,0.378,20.17,2.70515,12.1877,2.31067,5.39142,636.16,-9999.0,19.01,98.4
201209250900,201209250930,-14.0382,0.0,420.7,3.079,21.37,2.8503,17.0513,2.4237,12.0162,731.405,-9999.0,18.98,87.9
201209250930,201209251000,-9.81481,0.0,382.9,7.477,22.88,3.03625,12.9825,2.56773,11.3954,813.882,-9999.0,18.96,73.2
201209251000,201209251030,-9.47673,0.0,510.0,9.404,23.19,3.07462,12.6759,2.59885,13.3227,882.179,-9999.0,18.95,66.92
201209251030,201209251100,-11.0987,0.0,727.0,10.928,23.96,3.17095,14.3768,2.67432,15.3731,935.129,-9999.0,18.94,63.3
201209251100,201209251130,-9.86794,0.0,559.7,11.292,24.13,3.1921,13.1631,2.69243,13.5869,971.825,-9999.0,18.95,62.46
201209251130,201209251200,-10.2353,0.0,800.0,13.914,24.83,3.2805,13.6024,2.762,14.8032,991.64,-9999.0,18.97,55.64
201209251200,201209251230,-9.07174,0.0,665.7,16.104,25.58,3.37595,12.516,2.83702,13.06,994.234,-9999.0,18.98,50.9
201209251230,201209251300,-9999.0,1.0,514.2,13.302,24.6,3.25068,12.4823,2.74332,12.5018,979.563,-9999.0,19.0,-9999.0
201209251300,201209251330,-9999.0,1.0,581.9,18.117,25.91,3.41768,12.0676,2.87338,11.7659,947.879,-9999.0,19.03,45.83
201209251330,201209251400,-7.18394,0.0,544.9,17.05,25.94,3.42122,10.664,2.87837,11.7587,899.722,-9999.0,19.07,49.11
201209251400,201209251430,-6.57694,0.0,350.6,15.176,25.57,3.37342,10.0181,2.84394,9.88673,835.918,-9999.0,19.11,53.7
201209251430,201209251500,-7.0271,0.0,418.6,13.895,25.77,3.39875,10.4885,2.86565,11.148,757.557,-9999.0,19.15,58.11
201209251500,201209251530,-5.52979,0.0,441.8,13.656,25.35,3.34465,8.94719,2.82618,11.5188,665.981,-9999.0,19.19,57.79
201209251530,201209251600,-2.72651,0.0,214.0,12.239,24.86,3.28189,6.0927,2.77981,7.61298,562.757,-9999.0,19.23,61.05
201209251600,201209251630,-3.0968,0.0,172.1,10.769,24.55,3.24224,6.43046,2.75115,6.61678,449.65,-9999.0,19.27,65.09
201209251630,201209251700,0.073434,0.0,159.4,9.682,24.29,3.20904,3.23289,2.72737,6.29105,328.597,-9999.0,19.31,68.12
201209251700,201209251730,-0.505156,0.0,89.1,8.64,23.97,3.16839,3.77798,2.69767,3.91016,201.668,-9999.0,19.33,71.0
201209251730,201209251800,1.5981,0.0,15.91,7.029,23.14,3.06412,1.58878,2.61801,0.790156,71.0344,-9999.0,19.36,75.2
201209251800,201209251830,5.57039,0.0,0.51,5.856,22.56,2.99178,-2.44354,2.56298,0.026042,0.0945043,-9999.0,19.38,78.6
201209251830,201209251900,4.15976,0.0,0.006,4.857,22.06,2.9298,-1.08462,2.51584,0.000307,0.0,-9999.0,19.41,81.7
201209251900,201209251930,2.88324,0.0,0.006,4.017,21.67,2.88167,0.15155,2.47943,0.000306,0.0,-9999.0,19.42,84.5
201209251930,201209252000,5.76862,0.0,0.013,3.281,21.49,2.8594,-2.75267,2.46336,0.000664,0.0,-9999.0,19.43,87.2
201209252000,201209252030,3.95971,0.0,0.004,3.171,21.45,2.85425,-0.948292,2.46083,0.000204,0.0,-9999.0,19.43,87.6
201209252030,201209252100,3.43959,0.0,0.01,3.115,21.29,2.83449,-0.444946,2.44666,0.00051,0.0,-9999.0,19.44,87.7
201209252100,201209252130,6.16438,0.0,0.052,2.543,20.72,2.76509,-3.22824,2.39281,0.002651,0.0,-9999.0,19.44,89.6
201209252130,201209252200,1.97585,0.0,0.021,2.366,20.68,2.76,0.955787,2.39019,0.00107,0.0,-9999.0,19.43,90.3
201209252200,201209252230,2.94334,0.0,0.005,2.611,20.84,2.77909,0.004133,2.40692,0.000255,0.0,-9999.0,19.43,89.4
201209252230,201209252300,3.04815,0.0,0.002,2.422,20.73,2.76553,-0.112304,2.39751,0.000102,0.0,-9999.0,19.42,90.1
201209252300,201209252330,1.68803,0.0,0.009,2.001,20.49,2.73633,1.22299,2.37549,0.000458,0.0,-9999.0,19.41,91.7
201209252330,201209260000,2.9912,0.0,0.009,1.689,20.5,2.73728,-0.079596,2.37767,0.000458,0.0,-9999.0,19.4,93.0
201209260000,201209260030,3.49159,0.0,0.005,1.484,20.37,2.72139,-0.593613,2.36627,0.000254,0.0,-9999.0,19.39,93.8
201209260030,201209260100,5.05525,0.0,0.017,0.902,20.24,2.70553,-2.17089,2.35485,0.000864,0.0,-9999.0,19.38,96.2
201209260100,201209260130,0.160512,0.0,0.002,0.922,20.59,2.74736,2.75893,2.39008,0.000102,0.0,-9999.0,19.37,96.2
201209260130,201209260200,1.7314,0.0,0.005,0.966,20.52,2.73868,1.1805,2.38448,0.000254,0.0,-9999.0,19.36,96.0
201209260200,201209260230,1.38352,0.0,0.01,0.856,20.27,2.70838,1.50259,2.3613,0.000508,0.0,-9999.0,19.35,96.4
201209260230,201209260300,-9999.0,1.0,0.033,0.624,19.81,2.65314,0.19355,2.31772,0.001675,0.0,-9999.0,19.34,97.3
201209260300,201209260330,-9999.0,1.0,0.108,0.473,19.39,2.60301,0.13731,2.27813,0.00548,0.0,-9999.0,19.33,97.9
201209260330,201209260400,-9999.0,1.0,0.118,0.582,19.28,2.58975,0.139693,2.26855,0.005984,0.0,-9999.0,19.32,97.4
201209260400,201209260430,-9999.0,1.0,0.069,0.821,19.59,2.62623,0.2303,2.29967,0.003498,0.0,-9999.0,19.3,96.4
201209260430,201209260500,-9999.0,1.0,0.061,1.081,19.73,2.64263,0.244013,2.3144,0.003091,0.0,-9999.0,19.29,95.3
201209260500,201209260530,-9999.0,1.0,0.192,1.033,19.7,2.63882,0.240562,2.31258,0.009724,0.0,-9999.0,19.28,95.5
201209260530,201209260600,-9999.0,1.0,1.226,0.872,19.69,2.63738,0.208131,2.31271,0.061955,0.0,-9999.0,19.26,96.2
201209260600,201209260630,-9999.0,1.0,19.39,0.705,19.55,2.62051,0.375984,2.30013,0.948928,34.6309,-9999.0,19.25,96.9
201209260630,201209260700,-9999.0,1.0,86.2,0.676,19.95,2.66785,5.15142,2.34043,3.78413,160.899,-9999.0,19.24,97.1
201209260700,201209260730,-9999.0,1.0,87.0,1.775,21.08,2.80348,5.12954,2.45351,3.81396,289.089,-9999.0,19.22,92.9
201209260730,201209260800,-4.06093,0.0,132.6,3.105,21.64,2.87133,7.08136,2.51088,5.43334,411.972,-9999.0,19.21,88.0
201209260800,201209260830,-5.52446,0.0,124.8,4.805,22.43,2.96798,8.62499,2.59203,5.17098,527.445,-9999.0,19.2,82.3
201209260830,201209260900,-3.23315,0.0,91.8,4.457,22.55,2.98251,6.34547,2.60571,3.99326,633.532,-9999.0,19.19,83.7
201209260900,201209260930,-9999.0,1.0,226.7,5.711,23.43,3.09143,8.5203,2.6972,8.19171,728.419,-9999.0,19.19,80.2
201209260930,201209261000,-9999.0,1.0,252.7,6.91,24.11,3.17629,8.74344,2.76898,8.84446,810.481,-9999.0,19.19,77.0
201209261000,201209261030,-5.98557,0.0,240.1,7.524,24.34,3.20494,9.2798,2.79458,8.53497,878.315,-9999.0,19.19,75.3
201209261030,201209261100,-3.03333,0.0,171.7,7.646,24.34,3.20464,6.32707,2.79636,6.66421,930.759,-9999.0,19.2,74.9
201209261100,201209261130,-2.26616,0.0,130.6,6.752,23.87,3.14529,5.51119,2.74929,5.36447,966.918,-9999.0,19.22,77.2
201209261130,201209261200,-5.027,0.0,175.6,6.968,23.96,3.15628,8.28077,2.76035,6.7805,986.171,-9999.0,19.25,76.6
201209261200,201209261230,-7.85478,0.0,311.3,8.192,24.65,3.24286,11.1789,2.83413,10.1852,988.19,-9999.0,19.27,73.6
201209261230,201209261300,-6.76252,0.0,234.9,9.915,25.32,3.32751,10.155,2.90644,8.40928,972.939,-9999.0,19.29,69.3
201209261300,201209261330,-0.221674,0.0,110.5,9.09,24.76,3.25616,3.55606,2.84935,4.67009,940.68,-9999.0,19.32,70.9
201209261330,201209261400,-3.97554,0.0,167.5,9.34,24.76,3.25586,7.30943,2.85119,6.53855,891.966,-9999.0,19.35,70.1
201209261400,201209261430,-3.16589,0.0,168.5,10.938,25.23,3.31514,6.54756,2.90271,6.49312,827.628,-9999.0,19.38,65.95
201209261430,201209261500,-3.5796,0.0,134.5,11.424,25.26,3.31865,6.96385,2.90782,5.41079,748.769,-9999.0,19.41,64.5
201209261500,201209261530,-2.21746,0.0,111.7,11.41,25.07,3.29421,5.58168,2.88957,4.65104,656.737,-9999.0,19.43,64.14
201209261530,201209261600,-1.84482,0.0,89.4,11.255,24.91,3.27363,5.19211,2.87448,3.85834,553.107,-9999.0,19.46,64.29
201209261600,201209261630,-1.22566,0.0,88.0,11.491,24.9,3.27205,4.57142,2.87529,3.79872,439.653,-9999.0,19.48,63.52
201209261630,201209261700,-0.932216,0.0,83.4,11.246,24.72,3.24898,4.259,2.85802,3.63256,318.315,-9999.0,19.51,63.91
201209261700,201209261730,-9999.0,1.0,51.21,11.147,24.53,3.2247,2.89799,2.83966,2.351,191.17,-9999.0,19.53,63.82
201209261730,201209261800,-9999.0,1.0,9.39,11.153,24.12,3.17282,-0.226685,2.79794,0.463102,60.5078,-9999.0,19.55,62.9
201209261800,201209261830,1.08404,0.0,0.234,10.635,23.75,3.12618,2.14192,2.76049,0.011728,0.0,-9999.0,19.56,63.83
201209261830,201209261900,5.31933,0.0,0.0,10.317,23.59,3.10592,-2.11021,2.74525,0.0,0.0,-9999.0,19.57,64.57
201209261900,201209261930,2.78011,0.0,0.0,10.37,23.6,3.10687,0.429548,2.74797,0.0,0.0,-9999.0,19.59,64.41
201209261930,201209262000,2.37294,0.0,0.0,10.304,23.48,3.09163,0.823978,2.73692,0.0,0.0,-9999.0,19.59,64.38
201209262000,201209262030,7.86741,0.0,0.0,10.942,23.64,3.11129,-4.65463,2.75555,0.0,0.0,-9999.0,19.59,62.54
201209262030,201209262100,3.29514,0.0,0.0,11.744,23.66,3.11349,-0.080797,2.75935,0.0,0.0,-9999.0,19.59,59.84
201209262100,201209262130,4.49876,0.0,0.0,11.985,23.71,3.11944,-1.27979,2.76635,0.0,0.0,-9999.0,19.59,59.14
201209262130,201209262200,6.96309,0.0,0.0,12.444,23.87,3.13915,-3.72826,2.78513,0.0,0.0,-9999.0,19.59,57.98
201209262200,201209262230,4.58388,0.0,0.0,11.434,23.55,3.09891,-1.38222,2.75262,0.0,0.0,-9999.0,19.58,60.64
201209262230,201209262300,-9999.0,1.0,0.07,9.982,23.33,3.07124,0.236198,2.73078,0.003497,0.0,-9999.0,19.58,65.18
201209262300,201209262330,7.20418,0.0,0.024,8.639,23.46,3.08712,-4.01266,2.7463,0.001198,0.0,-9999.0,19.57,70.1
201209262330,201209270000,1.07336,0.0,0.0,6.844,23.45,3.08559,2.11666,2.74688,0.0,0.0,-9999.0,19.56,76.3
201209270000,201209270030,2.37269,0.0,0.001,5.984,23.63,3.10772,0.835213,2.76784,5e-05,0.0,-9999.0,19.56,79.5
201209270030,201209270100,2.13537,0.0,0.0,5.468,23.57,3.09995,1.06593,2.76165,0.0,0.0,-9999.0,19.55,81.2
201209270100,201209270130,1.93872,0.0,0.0,5.628,23.7,3.11587,1.27536,2.77587,0.0,0.0,-9999.0,19.55,80.8
201209270130,201209270200,1.68189,0.0,0.0,5.093,23.39,3.07698,1.5001,2.74286,0.0,0.0,-9999.0,19.55,82.3
201209270200,201209270230,2.57205,0.0,0.0,3.417,23.22,3.05558,0.592141,2.72493,0.0,0.0,-9999.0,19.55,88.0
201209270230,201209270300,3.4088,0.0,0.0,2.046,22.73,2.9947,-0.294941,2.67297,0.0,0.0,-9999.0,19.55,92.6
201209270300,201209270330,-9999.0,1.0,0.009,1.335,21.83,2.88407,0.345294,2.57807,0.000448,0.0,-9999.0,19.56,94.9
201209270330,201209270400,5.45997,0.0,0.038,0.751,21.11,2.79643,-2.51118,2.50294,0.001891,0.0,-9999.0,19.56,97.0
201209270400,201209270430,4.22532,0.0,0.099,0.363,20.54,2.7276,-1.33444,2.44402,0.004924,0.0,-9999.0,19.57,98.5
201209270430,201209270500,3.93797,0.0,0.134,0.26,20.14,2.67956,-1.08776,2.40304,0.006661,0.0,-9999.0,19.56,98.9
201209270500,201209270530,-9999.0,1.0,0.233,0.485,19.78,2.63653,0.015489,2.36639,0.011577,0.0,-9999.0,19.56,97.9
201209270530,201209270600,-9999.0,1.0,1.278,0.356,19.19,2.56667,-0.156638,2.30649,0.063365,0.0,-9999.0,19.55,98.4
201209270600,201209270630,4.21143,0.0,11.59,0.022,19.02,2.54649,-1.47466,2.2896,0.564934,30.2448,-9999.0,19.55,99.9
201209270630,201209270700,-9999.0,1.0,63.31,0.89,19.31,2.5803,3.51096,2.31945,2.84905,154.681,-9999.0,19.53,96.0289
201209270700,201209270730,-9999.0,1.0,169.7,1.611,20.38,2.70693,7.92057,2.42953,6.59898,282.923,-9999.0,19.52,93.2728
201209270730,201209270800,-8.1079,0.0,278.4,1.619,21.53,2.84517,11.0955,2.54938,9.5088,405.855,-9999.0,19.5,93.7
201209270800,201209270830,-5.31849,0.0,317.2,6.388,22.95,3.01877,8.44954,2.69938,10.3844,521.375,-9999.0,19.48,77.2
201209270830,201209270900,-5.77303,0.0,174.6,8.871,23.57,3.09533,8.96663,2.76571,6.74566,627.505,-9999.0,19.47,69.5
201209270900,201209270930,-0.824485,0.0,182.3,8.43,23.56,3.0938,4.01659,2.76489,6.9748,722.43,-9999.0,19.46,71.0
201209270930,201209271000,-5.66507,0.0,191.4,8.279,23.55,3.09227,8.85568,2.76408,7.2402,804.526,-9999.0,19.45,71.5
201209271000,201209271030,-0.35243,0.0,187.3,9.136,23.87,3.13184,3.57512,2.79854,7.12065,872.387,-9999.0,19.46,69.15
201209271030,201209271100,-2.54667,0.0,295.6,9.964,24.31,3.18658,5.81369,2.84599,9.90934,924.853,-9999.0,19.46,67.23
201209271100,201209271130,-13.2676,0.0,601.2,13.449,25.79,3.37329,16.6852,3.00632,13.6952,961.026,-9999.0,19.47,59.5
201209271130,201209271200,-11.7112,0.0,564.8,14.726,26.61,3.47777,15.2122,3.09605,12.8159,980.287,-9999.0,19.48,57.75
201209271200,201209271230,-8.47406,0.0,649.9,16.625,27.32,3.56884,12.0473,3.17418,12.8337,982.306,-9999.0,19.5,54.25
201209271230,201209271300,-10.6304,0.0,746.0,17.909,27.97,3.65267,14.2698,3.24603,12.9515,967.049,-9999.0,19.52,52.55
201209271300,201209271330,-7.75147,0.0,448.9,18.289,28.19,3.68092,11.4129,3.27047,10.3946,934.778,-9999.0,19.55,52.16
201209271330,201209271400,-6.5895,0.0,403.2,16.982,27.85,3.63642,10.2155,3.23296,10.2346,886.043,-9999.0,19.59,54.69
201209271400,201209271430,-3.64258,0.0,435.4,16.816,28.08,3.66594,7.28936,3.25848,10.6988,821.68,-9999.0,19.64,55.73
201209271430,201209271500,-9.24108,0.0,417.1,15.413,27.81,3.63055,12.8574,3.22875,10.8712,742.789,-9999.0,19.68,58.78
201209271500,201209271530,-6.17446,0.0,325.2,13.824,27.47,3.58621,9.75328,3.19141,9.79493,650.72,-9999.0,19.73,62.29
201209271530,201209271600,-2.71615,0.0,256.9,12.694,26.93,3.51626,6.23709,3.13225,8.59952,547.048,-9999.0,19.78,64.26
201209271600,201209271630,-0.613239,0.0,159.0,9.657,26.19,3.42111,4.05605,3.05159,6.25639,433.548,-9999.0,19.82,71.6
201209271630,201209271700,-1.70374,0.0,89.5,7.26,25.01,3.27101,5.02393,2.92394,3.86098,312.161,-9999.0,19.86,77.1
201209271700,201209271730,1.36904,0.0,37.14,5.393,24.44,3.199,1.89082,2.8629,1.72729,184.965,-9999.0,19.89,82.4
201209271730,201209271800,2.71249,0.0,10.46,3.87,23.83,3.12247,0.483169,2.79794,0.50651,54.6662,-9999.0,19.92,86.9
201209271800,201209271830,3.64814,0.0,0.395,3.374,23.01,3.02053,-0.537635,2.71118,0.019424,0.0,-9999.0,19.95,88.0
201209271830,201209271900,-9999.0,1.0,0.066,2.333,22.04,2.90129,0.372511,2.60948,0.003246,0.0,-9999.0,19.97,91.2
201209271900,201209271930,-9999.0,1.0,0.054,1.622,21.56,2.8427,0.179025,2.55972,0.002655,0.0,-9999.0,19.98,93.7
201209271930,201209272000,-9999.0,1.0,0.034,1.502,21.38,2.81845,0.205061,2.54133,0.001671,0.0,-9999.0,20.0,94.1
201209272000,201209272030,-9999.0,1.0,0.05,1.092,20.96,2.76546,0.16885,2.49817,0.002456,0.0,-9999.0,20.0,95.6
201209272030,201209272100,-9999.0,1.0,0.031,0.757,20.69,2.73074,0.144409,2.47068,0.001522,0.0,-9999.0,19.99,96.9
201209272100,201209272130,-9999.0,1.0,0.028,0.611,20.72,2.73193,0.091025,2.4741,0.001374,0.0,-9999.0,19.99,97.5
201209272130,201209272200,-9999.0,1.0,0.033,0.316,20.6,2.71524,-0.05745,2.46209,0.001619,0.0,-9999.0,19.98,98.7
201209272200,201209272230,-9999.0,1.0,0.024,0.0,20.55,2.70691,-0.176472,2.4573,0.001177,0.0,-9999.0,19.96,100.0
201209272230,201209272300,-9999.0,1.0,0.022,0.845,20.22,2.66543,0.139718,2.42383,0.001079,0.0,-9999.0,19.95,96.4348
201209272300,201209272330,-9999.0,1.0,0.016,1.293,20.33,2.67609,0.088041,2.43543,0.000784,0.0,-9999.0,19.93,94.5829
201209272330,201209280000,-9999.0,1.0,0.012,1.25,20.37,2.67847,0.089817,2.43987,0.000588,0.0,-9999.0,19.91,94.7773
201209280000,201209280030,-9999.0,1.0,0.003,1.761,20.67,2.71164,0.150864,2.47098,0.000147,0.0,-9999.0,19.89,92.7777
201209280030,201209280100,-9999.0,1.0,0.007,1.703,20.43,2.68084,0.133167,2.4467,0.000343,0.0,-9999.0,19.87,92.9118
201209280100,201209280130,-9999.0,1.0,0.01,1.383,20.24,2.65608,0.106008,2.42762,0.000489,0.0,-9999.0,19.86,94.1723
201209280130,201209280200,-9999.0,1.0,0.015,1.216,19.92,2.61618,0.046937,2.39535,0.000734,0.0,-9999.0,19.84,94.7772
201209280200,201209280230,-9999.0,1.0,0.019,0.971,19.85,2.60568,0.036839,2.38859,0.000929,0.0,-9999.0,19.82,95.8087
201209280230,201209280300,-9999.0,1.0,0.017,1.409,19.33,2.54289,0.045798,2.33629,0.000831,0.0,-9999.0,19.8,93.7211
201209280300,201209280330,-9999.0,1.0,0.036,1.039,19.05,2.50829,-0.127326,2.30846,0.001759,0.0,-9999.0,19.78,95.2895
201209280330,201209280400,-9999.0,1.0,0.06,1.331,18.73,2.46929,-0.241019,2.27673,0.00293,0.0,-9999.0,19.75,93.8416
201209280400,201209280430,-9999.0,1.0,0.104,1.568,18.18,2.40439,0.01634,2.22227,0.005077,0.0,-9999.0,19.73,92.49
201209280430,201209280500,-9999.0,1.0,0.18,1.111,17.98,2.37961,-0.13056,2.20282,0.008782,0.0,-9999.0,19.7,94.6119
201209280500,201209280530,-9999.0,1.0,0.129,1.167,18.15,2.39673,-0.043439,2.22008,0.006292,0.0,-9999.0,19.68,94.3998
201209280530,201209280600,-9999.0,1.0,0.624,1.005,18.12,2.3912,-0.04835,2.2175,0.030401,0.0,-9999.0,19.65,95.167
201209280600,201209280630,-1.94003,0.0,18.28,0.606,18.62,2.44581,4.56329,2.26766,0.866887,26.158,-9999.0,19.63,97.1774
201209280630,201209280700,-9999.0,1.0,63.51,0.771,19.08,2.49618,3.05938,2.31411,2.82156,148.452,-9999.0,19.6,96.5108
201209280700,201209280730,-9999.0,1.0,67.37,1.56,19.16,2.50312,3.06507,2.32252,2.97633,276.74,-9999.0,19.57,92.9744
201209280730,201209280800,-9999.0,1.0,98.6,1.329,19.36,2.52384,5.90327,2.34302,4.17528,399.716,-9999.0,19.54,94.0885
201209280800,201209280830,-9999.0,1.0,181.2,2.295,20.82,2.691,6.99151,2.49172,6.91807,515.277,-9999.0,19.52,90.67
201209280830,201209280900,-9999.0,1.0,362.5,4.364,23.14,2.96445,10.7331,2.73266,11.3886,621.446,-9999.0,19.5,84.6
201209280900,201209280930,-12.205,0.0,421.0,11.424,24.96,3.18341,15.4365,2.92541,12.1766,716.405,-9999.0,19.49,63.86
201209280930,201209281000,-14.5109,0.0,514.2,13.222,26.01,3.31026,17.8439,3.03798,13.1169,798.53,-9999.0,19.47,60.7
201209281000,201209281030,-11.7035,0.0,385.8,12.319,26.33,3.34706,15.0656,3.07257,11.3639,866.415,-9999.0,19.47,64.07
201209281030,201209281100,-8.50163,0.0,309.4,11.178,26.29,3.33909,11.8571,3.06842,10.0691,918.9,-9999.0,19.48,67.32
201209281100,201209281130,-2.24115,0.0,139.5,10.206,25.93,3.29147,5.55836,3.02991,5.58962,955.086,-9999.0,19.5,69.52
201209281130,201209281200,-6.44146,0.0,251.7,9.48,25.7,3.26011,9.73335,3.00544,8.86759,974.354,-9999.0,19.53,71.3
201209281200,201209281230,-10.218,0.0,353.1,11.959,26.58,3.36609,13.5942,3.10011,10.8405,976.374,-9999.0,19.56,65.63
201209281230,201209281300,-4.45043,0.0,356.1,13.869,26.93,3.4066,7.85856,3.138,10.5353,961.112,-9999.0,19.59,60.95
201209281300,201209281330,-7.41247,0.0,309.7,13.227,26.78,3.38487,10.8031,3.12195,9.75943,928.828,-9999.0,19.63,62.43
201209281330,201209281400,-7.32098,0.0,303.2,11.674,26.45,3.3409,10.6764,3.08658,9.86703,880.077,-9999.0,19.67,66.19
201209281400,201209281430,-9.21673,0.0,396.6,12.98,27.31,3.44469,12.6543,3.17944,11.4455,815.69,-9999.0,19.71,64.26
201209281430,201209281500,-5.87473,0.0,260.5,12.806,27.07,3.41172,9.28591,3.15364,8.75075,736.77,-9999.0,19.75,64.24
201209281500,201209281530,-5.53224,0.0,210.1,13.084,26.86,3.38258,8.92005,3.13114,7.47724,644.668,-9999.0,19.79,63.01
201209281530,201209281600,-9999.0,1.0,135.6,11.299,26.38,3.32022,5.69255,3.07968,5.40608,540.96,-9999.0,19.83,67.14
201209281600,201209281630,-9999.0,1.0,186.2,11.464,26.59,3.3431,6.95773,3.10238,6.95425,427.419,-9999.0,19.87,67.07
201209281630,201209281700,-9999.0,1.0,69.18,11.826,26.63,3.345,4.14815,3.10683,3.00955,305.988,-9999.0,19.91,66.11
201209281700,201209281730,-9999.0,1.0,56.67,10.108,25.26,3.17425,2.83064,2.96059,2.52613,178.746,-9999.0,19.94,68.59
201209281730,201209281800,-9999.0,1.0,7.39,9.327,24.56,3.08665,-0.299392,2.8866,0.35313,49.1217,-9999.0,19.97,69.78
201209281800,201209281830,2.02138,0.0,0.247,7.677,23.82,2.99504,1.05348,2.8089,0.011922,0.0,-9999.0,19.99,74.0
201209281830,201209281900,-9999.0,1.0,0.0,6.562,23.25,2.92449,0.020153,2.74948,0.0,0.0,-9999.0,20.01,77.0
201209281900,201209281930,-9999.0,1.0,0.001,5.31,22.48,2.83099,0.185399,2.66965,4.8e-05,0.0,-9999.0,20.02,80.5
201209281930,201209282000,-9999.0,1.0,0.007,4.787,21.91,2.76178,0.209709,2.61105,0.000338,0.0,-9999.0,20.02,81.8
201209282000,201209282030,-9999.0,1.0,0.01,3.73,21.21,2.67816,0.101621,2.53952,0.000482,0.0,-9999.0,20.02,85.2
201209282030,201209282100,-9999.0,1.0,0.005,3.142,20.91,2.64122,0.161817,2.50922,0.000241,0.0,-9999.0,20.02,87.3
201209282100,201209282130,-9999.0,1.0,0.003,3.622,21.18,2.66982,0.149797,2.5371,0.000145,0.0,-9999.0,20.01,85.6
201209282130,201209282200,0.2695,0.0,0.003,5.145,21.63,2.71926,2.57718,2.58349,0.000144,0.0,-9999.0,20.0,80.1
201209282200,201209282230,1.96485,0.0,0.002,5.766,21.63,2.71678,0.879552,2.5838,9.6e-05,0.0,-9999.0,19.98,77.7
201209282230,201209282300,-9999.0,1.0,0.129,4.456,20.65,2.6019,0.092272,2.48411,0.006206,0.0,-9999.0,19.96,81.7
201209282300,201209282330,-9999.0,1.0,0.243,3.161,19.78,2.50109,0.019581,2.39658,0.011683,0.0,-9999.0,19.94,86.3
201209282330,201209290000,-9999.0,1.0,0.314,3.154,19.28,2.44284,-0.010475,2.34685,0.015089,0.0,-9999.0,19.92,85.9
201209290000,201209290030,-9999.0,1.0,0.205,3.429,19.0,2.40947,-0.153116,2.3193,0.009849,0.0,-9999.0,19.89,84.4
201209290030,201209290100,-1.97884,0.0,0.104,5.468,19.78,2.4942,4.63588,2.40485,0.005008,0.0,-9999.0,19.87,76.3
201209290100,201209290130,0.563936,0.0,0.069,6.377,19.92,2.5076,2.10422,2.42641,0.00333,0.0,-9999.0,19.84,72.6
201209290130,201209290200,0.854725,0.0,0.055,6.908,20.02,2.51652,1.82075,2.44393,0.002661,0.0,-9999.0,19.8,70.5
201209290200,201209290230,0.926068,0.0,0.05,7.823,19.98,2.50971,1.74347,2.44743,0.002424,0.0,-9999.0,19.77,66.51
201209290230,201209290300,3.15098,0.0,0.12,8.366,19.9,2.49844,-0.491149,2.44698,0.00583,0.0,-9999.0,19.73,64.01
201209290300,201209290330,1.25852,0.0,0.217,9.49,20.43,2.5556,1.44926,2.50719,0.010565,0.0,-9999.0,19.7,60.49
201209290330,201209290400,2.04575,0.0,0.137,8.829,19.99,2.50388,0.618283,2.47093,0.006685,0.0,-9999.0,19.66,62.23
201209290400,201209290430,2.76277,0.0,0.143,7.364,19.01,2.39285,-0.193031,2.38217,0.006994,0.0,-9999.0,19.62,66.52
201209290430,201209290500,2.26581,0.0,0.103,6.756,18.69,2.35551,0.2719,2.35876,0.005049,0.0,-9999.0,19.58,68.66
201209290500,201209290530,-9999.0,1.0,0.171,7.303,18.66,2.35005,-0.464935,2.36366,0.008399,0.0,-9999.0,19.54,66.06
201209290530,201209290600,-9999.0,1.0,1.091,7.466,18.64,2.34568,-0.344692,2.36954,0.05363,0.0,-9999.0,19.5,65.26
201209290600,201209290630,-0.371587,0.0,22.98,9.661,19.7,2.46008,2.99764,2.48013,1.09531,24.9812,-9999.0,19.46,57.92
201209290630,201209290700,-3.63869,0.0,128.5,12.53,21.33,2.64041,6.41604,2.64742,5.20972,146.552,-9999.0,19.42,50.64
201209290700,201209290730,-0.936142,0.0,102.6,14.954,22.88,2.81513,3.85803,2.80811,4.2549,274.738,-9999.0,19.38,46.4
201209290730,201209290800,-9999.0,1.0,218.5,16.887,23.92,2.93316,6.10632,2.91856,7.47901,397.54,-9999.0,19.34,43.15
201209290800,201209290830,-9999.0,1.0,216.3,16.97,25.47,3.11267,6.84316,3.08039,7.42624,512.855,-9999.0,19.31,47.92
201209290830,201209290900,-9999.0,1.0,275.0,19.341,26.25,3.20249,4.79089,3.1648,8.40158,618.711,-9999.0,19.28,43.32
201209290900,201209290930,-7.70425,0.0,449.1,25.249,28.33,3.44985,11.1363,3.38054,9.66479,713.297,-9999.0,19.27,34.49
201209290930,201209291000,-5.20383,0.0,298.1,28.632,29.35,3.57091,8.73073,3.4888,7.41366,794.995,-9999.0,19.26,29.97
201209291000,201209291030,-5.49506,0.0,293.4,29.356,29.54,3.59081,9.03728,3.51257,7.25061,862.405,-9999.0,19.26,28.98
201209291030,201209291100,-6.20959,0.0,270.2,29.202,29.7,3.60702,9.76422,3.53318,6.98351,914.376,-9999.0,19.28,30.0
201209291100,201209291130,-6.06163,0.0,745.0,31.92,30.87,3.74737,9.72523,3.65535,9.5784,950.018,-9999.0,19.3,28.44
201209291130,201209291200,-4.49706,0.0,756.0,36.888,32.33,3.92467,8.29715,3.80616,8.21712,968.72,-9999.0,19.34,23.87
201209291200,201209291230,-4.60451,0.0,692.5,39.474,33.09,4.01568,8.47402,3.88584,7.41958,970.164,-9999.0,19.38,21.94
201209291230,201209291300,-2.64972,0.0,480.5,37.548,32.23,3.90488,6.43406,3.80293,7.18493,954.323,-9999.0,19.43,22.07
201209291300,201209291330,-2.33565,0.0,777.0,42.006,33.64,4.07679,6.25121,3.94678,6.98678,921.47,-9999.0,19.49,19.45
201209291330,201209291400,-3.14043,0.0,466.2,39.248,33.16,4.01307,7.0071,3.90198,6.78882,872.167,-9999.0,19.55,22.69
201209291400,201209291430,-4.08956,0.0,306.9,28.425,30.29,3.65527,7.68001,3.6221,7.60609,807.256,-9999.0,19.62,34.13
201209291430,201209291500,-2.18835,0.0,224.3,24.09,29.14,3.51206,5.66655,3.51383,6.94639,727.849,-9999.0,19.69,40.36
201209291500,201209291530,-1.08096,0.0,143.9,20.81,28.35,3.41355,4.48133,3.44168,5.39291,635.305,-9999.0,19.75,46.07
201209291530,201209291600,-9999.0,1.0,124.6,17.686,27.64,3.32537,4.83359,3.378,4.99318,531.206,-9999.0,19.81,52.23
201209291600,201209291630,-9999.0,1.0,216.5,16.43,27.67,3.3258,7.51515,3.38607,7.60021,417.334,-9999.0,19.86,55.7
201209291630,201209291700,-0.63185,0.0,100.2,14.047,27.13,3.2585,3.90845,3.33954,4.31665,295.637,-9999.0,19.91,60.91
201209291700,201209291730,1.44558,0.0,41.66,11.516,26.37,3.16573,1.75661,3.27253,2.00428,168.198,-9999.0,19.94,66.49
201209291730,201209291800,1.48719,0.0,8.73,10.005,25.75,3.09012,1.65398,3.21945,0.445751,40.3417,-9999.0,19.98,69.8
201209291800,201209291830,3.55323,0.0,0.171,9.064,25.48,3.05573,-0.440035,3.19984,0.008877,0.0,-9999.0,20.0,72.2
201209291830,201209291900,4.94659,0.0,0.001,8.433,25.2,3.02033,-1.86225,3.17949,5.2e-05,0.0,-9999.0,20.03,73.7
201209291900,201209291930,2.45923,0.0,0.0,7.135,24.79,2.97009,0.584138,3.14722,0.0,0.0,-9999.0,20.05,77.2
201209291930,201209292000,2.32768,0.0,0.009,5.474,24.22,2.90181,0.659865,3.10039,0.00047,0.0,-9999.0,20.07,81.9
201209292000,201209292030,3.51174,0.0,0.007,4.307,23.92,2.86479,-0.554669,3.07897,0.000366,0.0,-9999.0,20.08,85.5
201209292030,201209292100,2.49591,0.0,0.005,3.929,23.83,2.85181,0.450322,3.0771,0.000262,0.0,-9999.0,20.09,86.7
201209292100,201209292130,2.11987,0.0,0.049,2.794,23.24,2.78226,0.769035,3.02943,0.002576,0.0,-9999.0,20.1,90.2
201209292130,201209292200,3.23944,0.0,0.051,1.897,22.88,2.73909,-0.386343,3.00319,0.002686,0.0,-9999.0,20.11,93.2
201209292200,201209292230,2.59978,0.0,0.077,1.366,22.53,2.69728,0.218532,2.97811,0.004064,0.0,-9999.0,20.11,95.0
201209292230,201209292300,-9999.0,1.0,0.138,1.22,22.05,2.64128,0.067191,2.94151,0.007297,0.0,-9999.0,20.11,95.4
201209292300,201209292330,-9999.0,1.0,0.172,0.974,21.49,2.57691,-0.141117,2.89805,0.009113,0.0,-9999.0,20.11,96.2
201209292330,201209300000,-9999.0,1.0,0.146,0.533,21.34,2.55796,-0.132098,2.89172,0.007752,0.0,-9999.0,20.11,97.9
201209300000,201209300030,-9999.0,1.0,0.137,0.276,21.16,2.53579,-0.3277,2.88279,0.007289,0.0,-9999.0,20.1,98.9
201209300030,201209300100,-9999.0,1.0,0.061,0.843,21.55,2.57607,-0.074664,2.92475,0.003252,0.0,-9999.0,20.1,96.7231
201209300100,201209300130,2.37217,0.0,0.023,1.483,21.79,2.59996,0.364023,2.95319,0.001229,0.0,-9999.0,20.09,94.3216
201209300130,201209300200,-9999.0,1.0,0.015,1.843,21.84,2.60295,0.037773,2.96465,0.000803,0.0,-9999.0,20.08,92.964
201209300200,201209300230,-0.04861,0.0,0.186,0.534,20.61,2.46635,2.67233,2.8631,0.009975,0.0,-9999.0,20.06,97.8
201209300230,201209300300,-9999.0,1.0,0.213,0.023,20.03,2.40157,-0.429494,2.81953,0.011445,0.0,-9999.0,20.05,99.9
201209300300,201209300330,-9999.0,1.0,0.138,1.109,19.92,2.38748,-0.264271,2.8174,0.007431,0.0,-9999.0,20.04,95.236
201209300330,201209300400,3.07698,0.0,0.142,1.406,19.8,2.37237,-0.533391,2.81446,0.007661,0.0,-9999.0,20.02,93.9149
201209300400,201209300430,4.88858,0.0,0.315,1.409,19.29,2.31598,-2.39323,2.7777,0.017024,0.0,-9999.0,20.01,93.7043
201209300430,201209300500,2.02344,0.0,0.317,1.11,18.99,2.28213,0.442774,2.75941,0.017166,0.0,-9999.0,19.99,94.9448
201209300500,201209300530,1.14317,0.0,0.271,0.901,19.09,2.29042,1.32997,2.77577,0.014705,0.0,-9999.0,19.96,95.926
201209300530,201209300600,3.71306,0.0,0.507,1.208,18.99,2.2777,-1.251,2.77488,0.027553,0.0,-9999.0,19.94,94.5011
201209300600,201209300630,-9999.0,1.0,7.58,1.268,18.73,2.2483,-0.502856,2.76031,0.407393,21.2863,-9999.0,19.92,94.1331
201209300630,201209300700,-9999.0,1.0,30.39,1.369,18.47,2.21906,-0.21519,2.74587,1.57056,140.306,-9999.0,19.89,93.5638
201209300700,201209300730,-9999.0,1.0,63.17,0.918,18.32,2.20135,3.3647,2.74094,3.09135,268.526,-9999.0,19.86,95.6428
201209300730,201209300800,-9999.0,1.0,70.1,0.659,18.98,2.2678,2.53716,2.80498,3.39663,391.361,-9999.0,19.83,96.9989
201209300800,201209300830,-9999.0,1.0,84.7,0.656,19.61,2.33165,5.95969,2.86624,4.01338,506.707,-9999.0,19.8,97.1249
201209300830,201209300900,-9999.0,1.0,293.6,0.0,20.92,2.46855,13.3219,2.9849,10.4172,612.592,-9999.0,19.78,100.0
201209300900,201209300930,-13.2897,0.0,311.6,1.939,22.3,2.6153,16.0355,3.10887,10.8291,707.204,-9999.0,19.76,92.8
201209300930,201209301000,-11.049,0.0,497.3,5.381,23.66,2.76212,13.9162,3.23033,14.185,788.923,-9999.0,19.74,81.6
201209301000,201209301030,-8.18153,0.0,440.9,8.688,24.95,2.90312,11.1639,3.34497,13.3072,856.352,-9999.0,19.73,72.5
201209301030,201209301100,-9.71453,0.0,311.5,9.08,25.15,2.92271,12.7127,3.36775,10.8498,908.337,-9999.0,19.73,71.6
201209301100,201209301130,-4.5352,0.0,257.6,8.38,25.03,2.90639,7.51983,3.36381,9.59499,943.988,-9999.0,19.74,73.6
201209301130,201209301200,-4.69382,0.0,193.6,8.367,24.94,2.89346,7.6677,3.36242,7.86041,962.695,-9999.0,19.77,73.5
201209301200,201209301230,-4.4622,0.0,163.9,8.259,24.66,2.85938,7.40807,3.34542,6.95011,964.139,-9999.0,19.79,73.4
201209301230,201209301300,-9999.0,1.0,69.0,7.838,24.23,2.80882,3.35027,3.31624,3.40246,948.295,-9999.0,19.82,74.1
201209301300,201209301330,-9999.0,1.0,107.1,6.028,23.43,2.71792,4.83852,3.25691,4.96613,915.433,-9999.0,19.85,79.1
201209301330,201209301400,-2.67699,0.0,91.8,3.385,22.39,2.60199,5.40999,3.17828,4.37007,866.116,-9999.0,19.89,87.5
201209301400,201209301430,-5.34277,0.0,211.4,4.01,22.51,2.6124,8.08424,3.19496,8.41717,801.188,-9999.0,19.91,85.3
201209301430,201209301500,-3.00693,0.0,150.4,5.63,22.7,2.63039,5.76316,3.21726,6.54528,721.759,-9999.0,19.93,79.6
201209301500,201209301530,0.348739,0.0,33.22,5.458,22.03,2.55553,2.34492,3.16966,1.75983,629.19,-9999.0,19.95,79.4
201209301530,201209301600,2.145,0.0,23.67,3.224,20.58,2.39888,0.416706,3.05903,1.27869,525.063,-9999.0,19.96,86.7
201209301600,201209301630,4.47607,0.0,20.94,3.084,19.86,2.32117,-1.97781,3.00802,1.13909,411.16,-9999.0,19.97,86.7
201209301630,201209301700,-9999.0,1.0,12.37,2.806,19.47,2.27843,-0.129674,2.984,0.685298,289.431,-9999.0,19.97,87.6
201209301700,201209301730,-9999.0,1.0,4.763,2.216,18.97,2.22472,-0.423193,2.95125,0.268319,161.958,-9999.0,19.96,89.9
201209301730,201209301800,2.55415,0.0,1.752,1.723,18.67,2.19185,-0.159497,2.93482,0.099474,35.6033,-9999.0,19.95,92.0
201209301800,201209301830,-9999.0,1.0,0.23,1.466,18.69,2.19171,-0.474737,2.94423,0.013123,0.0,-9999.0,19.93,93.2
201209301830,201209301900,2.82255,0.0,0.157,0.574,18.48,2.16819,-0.443506,2.9352,0.008976,0.0,-9999.0,19.9,97.3
201209301900,201209301930,-9999.0,1.0,0.171,0.377,18.23,2.14074,-0.468706,2.92304,0.009795,0.0,-9999.0,19.87,98.2
201209301930,201209302000,-9999.0,1.0,0.183,0.207,18.03,2.11847,-0.47408,2.91497,0.010501,0.0,-9999.0,19.84,99.0
201209302000,201209302030,-9999.0,1.0,0.231,0.02,17.79,2.09231,-0.490159,2.90379,0.013279,0.0,-9999.0,19.81,99.9
201209302030,201209302100,-9999.0,1.0,0.205,1.656,17.53,2.06631,-0.34467,2.8911,0.011807,0.0,-9999.0,19.77,91.7379
201209302100,201209302130,-9999.0,1.0,0.18,1.672,17.17,2.03052,-0.589436,2.87055,0.010387,0.0,-9999.0,19.74,91.4643
201209302130,201209302200,-9999.0,1.0,0.265,1.483,16.78,1.992,-0.605669,2.84772,0.015318,0.0,-9999.0,19.7,92.2405
201209302200,201209302230,-9999.0,1.0,0.252,1.334,16.61,1.97527,-0.613293,2.84245,0.014594,0.0,-9999.0,19.66,92.9464
201209302230,201209302300,5.16575,0.0,0.188,1.423,16.64,1.97816,-2.94378,2.85305,0.010909,0.0,-9999.0,19.63,92.4862
201209302300,201209302330,-9999.0,1.0,0.167,1.344,16.55,1.96929,-0.277003,2.85418,0.009709,0.0,-9999.0,19.59,92.8635
201209302330,201210010000,-9999.0,1.0,0.287,1.561,16.51,1.96532,-0.172477,2.85927,0.016712,0.0,-9999.0,19.55,91.6895
201210010000,201210010030,-9999.0,1.0,0.291,1.315,16.08,1.92337,-0.879921,2.8337,0.016976,0.0,-9999.0,19.51,92.8059
201210010030,201210010100,-9999.0,1.0,0.236,1.286,15.91,1.90685,-0.91997,2.83163,0.013806,0.0,-9999.0,19.47,92.8909
201210010100,201210010130,-9999.0,1.0,0.239,1.62,15.59,1.87593,-0.947232,2.81773,0.014018,0.0,-9999.0,19.43,90.8554
201210010130,201210010200,-9999.0,1.0,0.299,1.421,15.31,1.84902,-0.970974,2.80695,0.017582,0.0,-9999.0,19.38,91.8333
201210010200,201210010230,-9999.0,1.0,0.286,1.973,14.95,1.81465,-0.361218,2.78983,0.016862,0.0,-9999.0,19.34,88.3952
201210010230,201210010300,-9999.0,1.0,0.253,1.477,14.6,1.78147,-0.390878,2.77345,0.014957,0.0,-9999.0,19.29,91.1131
201210010300,201210010330,-9999.0,1.0,0.327,1.758,14.43,1.76542,-0.540812,2.77131,0.019379,0.0,-9999.0,19.25,89.3064
201210010330,201210010400,-9999.0,1.0,0.321,1.466,14.07,1.73165,0.201268,2.75409,0.019073,0.0,-9999.0,19.2,90.8755
201210010400,201210010430,-9999.0,1.0,0.264,0.94,14.08,1.73254,-0.138229,2.76621,0.015729,0.0,-9999.0,19.15,94.1533
201210010430,201210010500,-9999.0,1.0,0.33,1.258,13.95,1.72037,0.19196,2.76721,0.01971,0.0,-9999.0,19.1,92.1101
201210010500,201210010530,-9999.0,1.0,0.323,1.524,13.63,1.69064,0.165082,2.75311,0.019342,0.0,-9999.0,19.05,90.2347
201210010530,201210010600,-9999.0,1.0,0.58,1.618,13.16,1.64735,0.782838,2.72701,0.034801,0.0,-9999.0,18.99,89.3116
201210010600,201210010630,-9999.0,1.0,10.27,0.835,12.89,1.62267,0.306414,2.7168,0.604705,17.8621,-9999.0,18.94,94.3872
201210010630,201210010700,-9999.0,2.0,67.78,0.674,13.21,1.65185,2.0248,2.75364,3.5527,134.053,-9999.0,18.88,95.5632
201210010700,201210010730,-9999.0,2.0,145.2,0.597,14.44,1.766,4.43277,2.86272,6.62664,262.302,-9999.0,18.83,96.3744
201210010730,201210010800,-9999.0,1.0,225.7,0.306,15.69,1.88494,12.8412,2.97277,9.07825,385.164,-9999.0,18.77,98.2831
201210010800,201210010830,-9999.0,1.0,217.8,1.299,16.72,1.98505,11.8447,3.06491,8.87119,500.537,-9999.0,18.72,93.1791
201210010830,201210010900,-9999.0,1.0,263.9,1.512,17.25,2.03726,12.4187,3.11761,10.0565,606.445,-9999.0,18.67,92.3233
201210010900,201210010930,-9999.0,2.0,493.6,0.569,18.93,2.20592,10.4375,3.25915,14.2118,701.078,-9999.0,18.63,97.4
201210010930,201210011000,-9999.0,1.0,547.8,3.718,20.94,2.41348,13.7528,3.42425,14.9088,782.816,-9999.0,18.6,85.0
201210011000,201210011030,-9999.0,1.0,605.9,8.062,23.05,2.6375,12.5898,3.59442,15.5728,850.26,-9999.0,18.58,71.4
201210011030,201210011100,-9999.0,1.0,653.1,12.551,24.84,2.83201,12.5478,3.73827,15.2713,902.256,-9999.0,18.58,60.01
201210011100,201210011130,-9.93609,0.0,687.5,17.445,25.91,2.95004,13.0066,3.82764,14.0514,937.915,-9999.0,18.59,47.84
201210011130,201210011200,-5.95581,0.0,573.2,18.435,26.83,3.0525,9.11136,3.90535,12.9187,956.627,-9999.0,18.62,47.79
201210011200,201210011230,-6.47313,0.0,784.0,19.359,27.36,3.1119,9.67811,3.95441,14.038,958.071,-9999.0,18.66,46.85
201210011230,201210011300,-7.93968,0.0,454.2,17.867,27.02,3.07363,11.1142,3.94079,11.9228,942.223,-9999.0,18.72,49.96
201210011300,201210011330,-9999.0,1.0,695.8,18.77,26.127,2.97384,10.2758,3.88712,13.7207,909.354,-9999.0,18.77,-9999.0
201210011330,201210011400,-9999.0,1.0,632.3,18.604,27.47,3.12404,11.1651,3.99481,13.3453,860.026,-9999.0,18.83,49.25
201210011400,201210011430,-6.74683,0.0,551.2,17.594,26.97,3.0678,9.91906,3.96978,12.9667,795.083,-9999.0,18.9,50.58
201210011430,201210011500,-2.84036,0.0,494.0,15.688,26.23,2.98507,5.94538,3.92733,12.8659,715.637,-9999.0,18.98,53.97
201210011500,201210011530,-5.21789,0.0,394.5,13.231,25.12,2.86214,8.22187,3.85767,12.1063,623.047,-9999.0,19.04,58.54
201210011530,201210011600,-4.34924,0.0,343.1,11.613,24.62,2.80718,7.30816,3.83213,11.5432,518.896,-9999.0,19.11,62.51
201210011600,201210011630,1.85246,0.0,265.6,11.127,24.28,2.76995,1.07607,3.81823,10.045,404.968,-9999.0,19.16,63.34
201210011630,201210011700,-2.22512,0.0,109.9,9.549,23.45,2.67976,5.07853,3.76819,5.47848,283.211,-9999.0,19.21,66.93
201210011700,201210011730,0.335944,0.0,28.96,6.608,21.86,2.5095,2.37346,3.66113,1.71786,155.709,-9999.0,19.25,74.8
201210011730,201210011800,6.06227,0.0,9.11,4.238,20.75,2.39263,-3.45272,3.58889,0.568104,31.1348,-9999.0,19.29,82.7
201210011800,201210011830,-9999.0,1.0,0.412,2.815,19.65,2.27856,-0.411779,3.51673,0.026323,0.0,-9999.0,19.32,87.7
201210011830,201210011900,-9999.0,1.0,0.182,2.037,18.94,2.20588,-0.460819,3.47378,0.011663,0.0,-9999.0,19.34,90.7
201210011900,201210011930,-9999.0,1.0,0.176,1.144,19.02,2.21397,-0.651135,3.49115,0.011306,0.0,-9999.0,19.34,94.8
201210011930,201210012000,1.75438,0.0,0.149,0.872,18.87,2.19865,0.688511,3.49093,0.009595,0.0,-9999.0,19.34,96.0
201210012000,201210012030,-9999.0,1.0,0.142,0.634,18.37,2.14798,-0.502138,3.46386,0.009167,0.0,-9999.0,19.34,97.0
201210012030,201210012100,-9999.0,1.0,0.213,0.347,17.83,2.09372,-0.630812,3.43358,0.01378,0.0,-9999.0,19.33,98.3
201210012100,201210012130,-9999.0,1.0,0.25,0.06,17.49,2.05978,-0.651319,3.41861,0.016211,0.0,-9999.0,19.31,99.7
201210012130,201210012200,-9999.0,1.0,0.244,1.544,17.18,2.029,-0.60621,3.4059,0.01586,0.0,-9999.0,19.29,92.1262
201210012200,201210012230,-9999.0,1.0,0.162,1.393,17.46,2.05669,-0.368307,3.43887,0.010558,0.0,-9999.0,19.27,93.0198
201210012230,201210012300,-9999.0,1.0,0.172,1.067,17.56,2.06658,-0.437541,3.45789,0.011236,0.0,-9999.0,19.25,94.688
201210012300,201210012330,-9999.0,1.0,0.104,1.124,17.69,2.07948,-0.467233,3.47921,0.006811,0.0,-9999.0,19.23,94.4466
201210012330,201210020000,-9999.0,1.0,0.129,1.129,17.65,2.07544,-0.470232,3.48741,0.008468,0.0,-9999.0,19.2,94.4081
201210020000,201210020030,-9999.0,1.0,0.144,1.107,17.6,2.07041,-0.432302,3.49485,0.009474,0.0,-9999.0,19.18,94.5024
201210020030,201210020100,-9999.0,1.0,0.167,1.316,17.36,2.04651,-0.453091,3.48761,0.011013,0.0,-9999.0,19.15,93.3631
201210020100,201210020130,-9999.0,1.0,0.189,1.129,17.06,2.01679,-0.636271,3.4757,0.012492,0.0,-9999.0,19.13,94.1972
201210020130,201210020200,-9999.0,1.0,0.127,1.144,16.89,2.0,-0.533169,3.47383,0.008415,0.0,-9999.0,19.1,94.0559
201210020200,201210020230,-9999.0,1.0,0.175,1.164,16.75,1.98619,-0.494998,3.47427,0.011621,0.0,-9999.0,19.08,93.9003
201210020230,201210020300,-9999.0,1.0,0.194,1.091,16.64,1.97536,-0.492277,3.47703,0.012912,0.0,-9999.0,19.05,94.2421
201210020300,201210020330,-9999.0,1.0,0.188,1.34,16.29,1.94115,-0.151375,3.46111,0.012542,0.0,-9999.0,19.02,92.7664
201210020330,201210020400,-9999.0,1.0,0.236,0.899,15.9,1.90329,-0.396158,3.44199,0.015779,0.0,-9999.0,18.99,95.0248
201210020400,201210020430,-9999.0,1.0,0.197,1.094,15.62,1.87626,-1.0387,3.43139,0.013203,0.0,-9999.0,18.96,93.8351
201210020430,201210020500,-9999.0,1.0,0.301,1.201,15.44,1.85894,-0.672141,3.4286,0.020215,0.0,-9999.0,18.93,93.156
201210020500,201210020530,-9999.0,1.0,0.272,1.49,15.17,1.8331,-0.595823,3.41871,0.018311,0.0,-9999.0,18.89,91.362
201210020530,201210020600,-9999.0,1.0,0.34,1.509,14.65,1.78376,-0.226331,3.38903,0.022936,0.0,-9999.0,18.86,90.9523
201210020600,201210020630,-9999.0,1.0,7.96,0.601,14.8,1.79788,-0.321939,3.4122,0.526871,16.9104,-9999.0,18.82,96.4338
201210020630,201210020700,-9999.0,1.0,37.82,0.596,15.56,1.87026,-0.163593,3.4833,2.31733,132.134,-9999.0,18.78,96.6294
201210020700,201210020730,-9999.0,1.0,113.1,0.339,15.98,1.91068,4.71618,3.52746,5.82598,260.262,-9999.0,18.74,98.1362
201210020730,201210020800,-9999.0,2.0,83.9,0.602,16.64,1.97486,4.05946,3.59011,4.61575,382.93,-9999.0,18.7,96.8229
201210020800,201210020830,-2.61929,0.0,147.1,0.069,17.06,2.01608,4.91478,3.6339,7.08227,498.039,-9999.0,18.66,99.6436
201210020830,201210020900,-9999.0,1.0,227.1,0.0,17.79,2.08846,11.9125,3.70134,9.44128,603.619,-9999.0,18.63,100.0
201210020900,201210020930,-9999.0,1.0,480.8,0.0,19.56,2.26759,13.4979,3.84696,13.9465,697.864,-9999.0,18.61,100.0
201210020930,201210021000,-13.8373,0.0,566.6,1.802,20.65,2.38027,16.4579,3.93966,14.9094,779.161,-9999.0,18.58,92.6
201210021000,201210021030,-11.2698,0.0,498.1,5.359,21.65,2.48513,13.9822,4.02472,14.1521,846.119,-9999.0,18.57,79.3
201210021030,201210021100,-9.87664,0.0,586.7,7.855,22.68,2.59457,12.684,4.11108,15.0997,897.593,-9999.0,18.57,71.5
201210021100,201210021130,-6.12723,0.0,669.1,11.242,23.87,2.72272,9.04477,4.20796,15.5206,932.702,-9999.0,18.58,62.04
201210021130,201210021200,-13.911,0.0,664.0,13.87,24.69,2.81201,16.9049,4.2774,14.8369,950.845,-9999.0,18.6,55.41
201210021200,201210021230,-16.5762,0.0,508.0,14.102,24.99,2.84482,19.5986,4.30962,13.4445,951.712,-9999.0,18.63,55.47
201210021230,201210021300,-14.3353,0.0,375.0,12.242,24.01,2.73771,17.2678,4.2511,12.1198,935.287,-9999.0,18.68,59.01
201210021300,201210021330,-14.365,0.0,583.2,13.358,24.49,2.78993,17.3426,4.29626,14.305,901.852,-9999.0,18.72,56.54
201210021330,201210021400,-12.1743,0.0,653.7,14.896,25.09,2.85559,15.2081,4.34962,14.5145,851.98,-9999.0,18.77,53.24
201210021400,201210021430,-11.8376,0.0,592.3,16.572,25.41,2.89075,14.9018,4.38304,13.6915,786.523,-9999.0,18.83,48.96
201210021430,201210021500,-6.85249,0.0,353.6,14.501,24.7,2.81267,9.85163,4.34413,11.485,706.601,-9999.0,18.88,53.41
201210021500,201210021530,-4.83568,0.0,193.8,12.975,24.02,2.73845,7.77265,4.30702,8.42731,613.581,-9999.0,18.93,56.58
201210021530,201210021600,-0.9031,0.0,132.5,9.671,23.23,2.65294,3.76786,4.26171,6.6878,509.057,-9999.0,18.98,66.06
201210021600,201210021630,-1.07744,0.0,94.1,7.447,22.27,2.5501,3.85451,4.20367,5.18365,394.815,-9999.0,19.03,72.3
201210021630,201210021700,0.125425,0.0,44.53,6.538,21.75,2.49488,2.60456,4.17704,2.78179,272.81,-9999.0,19.07,74.9
201210021700,201210021730,2.48261,0.0,49.34,5.1,21.0,2.41592,0.179327,4.13337,3.04842,145.131,-9999.0,19.1,79.5
201210021730,201210021800,3.17319,0.0,11.84,4.149,20.5,2.36369,-0.556303,4.10775,0.814003,24.2474,-9999.0,19.12,82.8
201210021800,201210021830,3.99096,0.0,0.584,3.31,19.83,2.29431,-1.43451,4.06932,0.041624,0.0,-9999.0,19.14,85.7
201210021830,201210021900,8.96593,0.0,0.144,2.409,19.09,2.21847,-6.47607,4.02529,0.0103,0.0,-9999.0,19.15,89.1
201210021900,201210021930,-9999.0,1.0,0.255,1.553,18.26,2.13442,-0.438889,3.97401,0.018272,0.0,-9999.0,19.15,92.6
201210021930,201210022000,-9999.0,1.0,0.274,1.035,17.42,2.05049,-0.369601,3.92139,0.019675,0.0,-9999.0,19.15,94.8
201210022000,201210022030,-9999.0,1.0,0.307,0.748,16.84,1.99322,-0.712568,3.88821,0.02209,0.0,-9999.0,19.14,96.1
201210022030,201210022100,-9999.0,1.0,0.304,0.319,16.5,1.95989,-0.175455,3.8733,0.021921,0.0,-9999.0,19.13,98.3
201210022100,201210022130,-9999.0,1.0,0.304,0.184,16.14,1.92482,-0.18067,3.85675,0.021968,0.0,-9999.0,19.1,99.0
201210022130,201210022200,-9999.0,1.0,0.317,0.054,15.75,1.8871,-0.510462,3.83774,0.022956,0.0,-9999.0,19.08,99.7
201210022200,201210022230,-9999.0,1.0,0.316,1.729,15.63,1.87551,-0.430664,3.83971,0.022932,0.0,-9999.0,19.05,90.268
201210022230,201210022300,-9999.0,1.0,0.309,1.363,15.31,1.84483,-0.475341,3.82602,0.022473,0.0,-9999.0,19.01,92.1673
201210022300,201210022330,-9999.0,1.0,0.317,1.533,15.19,1.83334,-0.485438,3.82794,0.023103,0.0,-9999.0,18.98,91.12
201210022330,201210030000,-9999.0,1.0,0.321,1.341,14.65,1.78214,-0.118205,3.79678,0.023444,0.0,-9999.0,18.94,91.9591
201210030000,201210030030,-9999.0,1.0,0.321,1.118,14.46,1.76422,-0.251681,3.79309,0.023494,0.0,-9999.0,18.89,93.2165
201210030030,201210030100,-9999.0,1.0,0.305,0.91,14.69,1.78582,0.067732,3.81129,0.022417,0.0,-9999.0,18.85,94.557
201210030100,201210030130,-9999.0,1.0,0.225,1.517,14.63,1.78012,-0.428471,3.80641,0.01661,0.0,-9999.0,18.8,90.8913
201210030130,201210030200,-9999.0,1.0,0.119,1.876,13.79,1.70163,0.288761,3.73598,0.008824,0.0,-9999.0,18.75,88.1073
201210030200,201210030230,-9999.0,1.0,0.33,1.4,13.6,1.68403,0.621086,3.71843,0.024554,0.0,-9999.0,18.7,91.014
201210030230,201210030300,-9999.0,1.0,0.309,1.185,13.71,1.69415,0.631163,3.72644,0.023087,0.0,-9999.0,18.65,92.4463
201210030300,201210030330,3.63327,0.0,0.265,1.486,13.9,1.7117,-1.59728,3.74182,0.019884,0.0,-9999.0,18.6,90.6472
201210030330,201210030400,-9999.0,1.0,0.313,1.856,13.44,1.66918,1.4981,3.69934,0.023577,0.0,-9999.0,18.55,87.9637
201210030400,201210030430,-9999.0,1.0,0.322,1.24,12.68,1.59988,0.784688,3.62795,0.024352,0.0,-9999.0,18.5,91.546
201210030430,201210030500,-9999.0,1.0,0.208,0.966,13.71,1.69397,1.05572,3.7208,0.0158,0.0,-9999.0,18.45,93.8466
201210030500,201210030530,-9999.0,1.0,0.167,1.431,14.16,1.73571,0.658164,3.76175,0.012738,0.0,-9999.0,18.41,91.1422
201210030530,201210030600,-9999.0,1.0,0.358,1.782,13.69,1.69204,1.576,3.71607,0.027399,0.0,-9999.0,18.35,88.6268
201210030600,201210030630,-9999.0,1.0,6.551,1.657,13.44,1.66897,1.78453,3.69036,0.492786,13.8833,-9999.0,18.3,89.2552
201210030630,201210030700,-9999.0,1.0,27.02,1.312,13.37,1.6625,1.40702,3.68167,1.9074,125.874,-9999.0,18.25,91.4524
201210030700,201210030730,-9999.0,1.0,50.21,1.121,13.66,1.68914,-0.012714,3.70876,3.31174,254.019,-9999.0,18.21,92.8347
201210030730,201210030800,-9999.0,1.0,131.9,0.973,14.69,1.78519,4.62738,3.81172,7.02498,376.704,-9999.0,18.16,94.182
201210030800,201210030830,-9999.0,1.0,304.5,2.242,16.86,1.99397,11.3308,4.03545,11.5233,491.828,-9999.0,18.12,88.3321
201210030830,201210030900,-9999.0,1.0,265.1,1.46,18.63,2.17025,11.7801,4.22472,10.7586,597.422,-9999.0,18.08,93.2
201210030900,201210030930,-11.3389,0.0,489.5,6.573,20.35,2.34628,13.9613,4.41523,14.1521,691.68,-9999.0,18.05,72.5
201210030930,201210031000,-7.89239,0.0,569.7,10.031,21.81,2.49908,10.65,4.58413,14.9341,772.988,-9999.0,18.02,61.63
201210031000,201210031030,-10.5261,0.0,525.6,11.965,22.73,2.59683,13.3697,4.6989,14.1366,839.956,-9999.0,18.0,56.72
201210031030,201210031100,-8.2856,0.0,539.1,12.848,23.13,2.63964,11.167,4.75848,14.0818,891.437,-9999.0,18.0,54.64
201210031100,201210031130,-7.83075,0.0,747.0,14.664,24.16,2.75089,10.8088,4.89259,15.0723,926.55,-9999.0,18.02,51.34
201210031130,201210031200,-11.2499,0.0,588.4,16.109,24.97,2.83925,14.3043,5.00527,13.7842,944.696,-9999.0,18.05,49.07
201210031200,201210031230,-8.58965,0.0,748.0,17.857,25.44,2.89084,11.6888,5.08064,14.2949,945.563,-9999.0,18.09,45.1
201210031230,201210031300,-6.09817,0.0,618.35,20.922,26.78,3.03937,9.32373,5.26492,12.941,929.136,-9999.0,18.13,40.57
201210031300,201210031330,-6.93164,0.0,602.1,21.134,27.2,3.08626,10.1974,5.34029,12.799,895.697,-9999.0,18.18,41.43
201210031330,201210031400,-10.446,0.0,534.9,20.17,26.71,3.03141,13.6665,5.30155,12.5667,845.817,-9999.0,18.24,42.47
201210031400,201210031430,-5.04323,0.0,352.5,18.518,25.8,2.93028,8.17905,5.20647,11.1568,780.351,-9999.0,18.3,44.27
201210031430,201210031500,-5.84678,0.0,580.5,17.481,26.21,2.97562,9.02182,5.28096,13.4291,700.418,-9999.0,18.35,48.65
201210031500,201210031530,-9999.0,1.0,244.9,12.92,24.31,2.76665,7.68033,5.04957,10.1692,607.387,-9999.0,18.42,57.51
201210031530,201210031600,-9999.0,1.0,400.2,13.339,24.29,2.7644,11.0919,5.06433,12.6163,502.848,-9999.0,18.47,56.08
201210031600,201210031630,-5.46786,0.0,249.6,12.525,23.82,2.71331,8.42115,5.01758,10.3386,388.59,-9999.0,18.52,57.58
201210031630,201210031700,-1.05972,0.0,154.3,10.897,23.17,2.64313,3.95302,4.94425,8.01577,266.569,-9999.0,18.58,61.62
201210031700,201210031730,-0.718024,0.0,82.0,8.783,22.23,2.54263,3.52446,4.82831,5.20503,138.872,-9999.0,18.62,67.25
201210031730,201210031800,1.75988,0.0,11.48,6.5,20.77,2.38892,0.911854,4.6369,0.922304,20.5935,-9999.0,18.66,73.5
201210031800,201210031830,-9999.0,1.0,0.451,4.612,19.53,2.26074,-0.211759,4.47305,0.037939,0.0,-9999.0,18.69,79.7
201210031830,201210031900,-9999.0,1.0,0.263,3.069,18.62,2.16814,-0.210984,4.35286,0.022221,0.0,-9999.0,18.72,85.7
201210031900,201210031930,-9999.0,1.0,0.279,2.259,17.77,2.08282,-0.065289,4.23903,0.023656,0.0,-9999.0,18.73,88.9
201210031930,201210032000,-9999.0,1.0,0.254,1.396,17.45,2.05098,-0.102545,4.19846,0.021616,0.0,-9999.0,18.73,93.0
201210032000,201210032030,-9999.0,1.0,0.28,1.123,16.72,1.97904,0.027348,4.09837,0.023911,0.0,-9999.0,18.73,94.1
201210032030,201210032100,-9999.0,1.0,0.25,0.705,15.91,1.90031,0.391966,3.98535,0.021428,0.0,-9999.0,18.72,96.1
201210032100,201210032130,-9999.0,1.0,0.271,0.304,15.72,1.88197,0.375438,3.95987,0.023309,0.0,-9999.0,18.7,98.3
201210032130,201210032200,-9999.0,1.0,0.261,0.088,15.47,1.85796,0.353556,3.92515,0.022529,0.0,-9999.0,18.68,99.5
201210032200,201210032230,-9999.0,1.0,0.279,0.0,14.82,1.79614,0.57479,3.83148,0.024166,0.0,-9999.0,18.66,100.0
201210032230,201210032300,-9999.0,1.0,0.299,1.5,14.17,1.7351,0.735799,3.73672,0.025988,0.0,-9999.0,18.63,90.7242
201210032300,201210032330,-9999.0,1.0,0.275,1.142,14.16,1.73413,0.735401,3.73451,0.023988,0.0,-9999.0,18.59,92.9344
201210032330,201210040000,-9999.0,1.0,0.25,1.304,13.87,1.70714,1.16085,3.69083,0.021886,0.0,-9999.0,18.56,91.7741
201210040000,201210040030,-9999.0,1.0,0.289,1.514,13.31,1.65553,1.65585,3.60655,0.025384,0.0,-9999.0,18.52,90.0983
201210040030,201210040100,-9999.0,1.0,0.273,1.544,12.93,1.62085,1.50619,3.54809,0.024064,0.0,-9999.0,18.47,89.6438
201210040100,201210040130,-9999.0,1.0,0.283,1.209,12.98,1.62535,1.62783,3.55306,0.02503,0.0,-9999.0,18.43,91.9197
201210040130,201210040200,-9999.0,1.0,0.258,1.428,13.07,1.6335,1.63619,3.56423,0.0229,0.0,-9999.0,18.38,90.5109
201210040200,201210040230,-9999.0,1.0,0.184,1.651,12.81,1.60985,1.40836,3.52232,0.016393,0.0,-9999.0,18.33,88.8442
201210040230,201210040300,0.04666,0.0,0.203,1.655,12.47,1.57915,1.88639,3.46769,0.018147,0.0,-9999.0,18.28,88.5606
201210040300,201210040330,-9999.0,1.0,0.248,1.945,12.1,1.54601,1.0272,3.4079,0.022241,0.0,-9999.0,18.23,86.23
201210040330,201210040400,-9999.0,1.0,0.29,1.737,11.69,1.50963,0.716271,3.34145,0.026091,0.0,-9999.0,18.18,87.3605
201210040400,201210040430,-9999.0,1.0,0.172,1.303,11.67,1.50783,0.714979,3.33421,0.015535,0.0,-9999.0,18.13,90.5083
201210040430,201210040500,-9999.0,1.0,0.116,1.638,11.95,1.53256,1.01551,3.37358,0.010515,0.0,-9999.0,18.08,88.2865
201210040500,201210040530,-9999.0,1.0,0.173,1.879,11.77,1.51658,0.724509,3.3415,0.015731,0.0,-9999.0,18.02,86.4015
201210040530,201210040600,-9999.0,1.0,0.396,1.856,11.14,1.46128,1.91798,3.23857,0.036094,0.0,-9999.0,17.96,85.9944
201210040600,201210040630,-9999.0,1.0,6.119,1.339,11.16,1.46298,0.90031,3.23685,0.545991,11.1536,-9999.0,17.91,89.9114
201210040630,201210040700,-9999.0,1.0,32.05,1.444,11.72,1.51205,0.419483,3.3213,2.58452,119.613,-9999.0,17.86,89.5192
201210040700,201210040730,-9999.0,2.0,110.1,1.179,12.14,1.54926,4.50751,3.38542,6.86534,247.77,-9999.0,17.81,91.6761
201210040730,201210040800,-9999.0,2.0,217.3,0.602,13.26,1.65033,8.39261,3.56845,10.3443,370.465,-9999.0,17.75,96.0481
201210040800,201210040830,-9999.0,2.0,307.6,1.291,14.95,1.80752,10.2607,3.85886,12.219,485.6,-9999.0,17.7,92.4057
201210040830,201210040900,-9.20074,0.0,263.0,2.418,16.24,1.93105,11.475,4.09122,11.3984,591.204,-9999.0,17.66,86.9052
201210040900,201210040930,-9999.0,1.0,480.7,1.768,18.89,2.19385,14.4709,4.59201,14.4995,685.47,-9999.0,17.62,91.9
201210040930,201210041000,-9999.0,1.0,551.7,5.334,20.88,2.39845,12.5514,4.99148,15.1466,766.786,-9999.0,17.58,78.4
201210041000,201210041030,-9.57694,0.0,373.0,7.561,21.88,2.50338,12.3731,5.20578,13.2705,833.76,-9999.0,17.56,71.2
201210041030,201210041100,-8.89384,0.0,249.5,7.582,21.7,2.48431,11.6738,5.18107,11.174,885.245,-9999.0,17.56,70.8
201210041100,201210041130,-9.55803,0.0,640.9,9.691,22.95,2.61707,12.4559,5.45628,15.8199,920.362,-9999.0,17.57,65.41
201210041130,201210041200,-10.9837,0.0,509.7,10.866,23.65,2.69227,13.9481,5.62166,14.5894,938.509,-9999.0,17.6,62.82
201210041200,201210041230,-6.76405,0.0,507.2,13.087,24.29,2.76153,9.78952,5.77811,13.997,939.376,-9999.0,17.63,56.91
201210041230,201210041300,-8.89011,0.0,587.2,14.953,25.1,2.84991,11.9929,5.97654,14.0704,922.948,-9999.0,17.67,53.09
201210041300,201210041330,-7.02137,0.0,249.2,12.972,24.12,2.74293,10.0322,5.77482,10.7783,889.506,-9999.0,17.72,56.85
201210041330,201210041400,-9.63082,0.0,576.2,14.169,24.82,2.8191,12.7085,5.9508,14.2191,839.622,-9999.0,17.78,54.8
201210041400,201210041430,-7.17775,0.0,329.9,14.09,25.09,2.84859,10.2818,6.03159,11.9299,774.15,-9999.0,17.83,55.77
201210041430,201210041500,-5.95449,0.0,374.5,11.942,24.21,2.75249,8.97593,5.84671,12.9679,694.21,-9999.0,17.89,60.49
201210041500,201210041530,-7.1291,0.0,421.2,11.965,24.39,2.77199,10.1683,5.90585,13.5126,601.169,-9999.0,17.95,60.84
201210041530,201210041600,-3.46637,0.0,302.5,10.144,23.65,2.69172,6.4363,5.75033,12.3044,496.621,-9999.0,18.01,65.29
201210041600,201210041630,-3.94324,0.0,217.4,9.121,23.08,2.63034,6.86008,5.6331,10.6022,382.353,-9999.0,18.07,67.7
201210041630,201210041700,-2.16324,0.0,149.2,8.378,22.64,2.58322,5.03931,5.545,8.64219,260.32,-9999.0,18.13,69.53
201210041700,201210041730,-0.539987,0.0,70.9,7.101,21.97,2.512,3.35371,5.40216,5.23849,132.612,-9999.0,18.18,73.1
201210041730,201210041800,4.90054,0.0,9.02,4.587,20.6,2.36834,-2.2145,5.09666,0.853605,17.2372,-9999.0,18.22,81.1
201210041800,201210041830,2.95904,0.0,0.395,2.604,19.2,2.22433,-0.402691,4.78666,0.039012,0.0,-9999.0,18.26,88.3
201210041830,201210041900,-9999.0,1.0,0.235,1.535,18.07,2.11027,-0.190917,4.53982,0.023299,0.0,-9999.0,18.28,92.6
201210041900,201210041930,-9999.0,1.0,0.23,0.927,17.62,2.06539,-0.065447,4.44484,0.022874,0.0,-9999.0,18.3,95.4
201210041930,201210042000,-9999.0,1.0,0.212,0.669,16.79,1.98354,0.125908,4.26529,0.02115,0.0,-9999.0,18.32,96.5
201210042000,201210042030,-9999.0,1.0,0.18,0.168,16.41,1.94643,0.471098,4.18473,0.018015,0.0,-9999.0,18.32,99.1
201210042030,201210042100,-9999.0,1.0,0.125,1.511,16.39,1.94443,0.40306,4.18302,0.012552,0.0,-9999.0,18.31,91.8967
201210042100,201210042130,-9999.0,1.0,0.113,1.974,16.19,1.92499,0.379865,4.14121,0.011382,0.0,-9999.0,18.31,89.2763
201210042130,201210042200,-9999.0,1.0,0.146,2.007,15.71,1.87868,0.400043,4.03684,0.014748,0.0,-9999.0,18.29,88.7593
201210042200,201210042230,-9999.0,1.0,0.237,2.028,15.06,1.81665,0.450359,3.89481,0.024003,0.0,-9999.0,18.27,88.1549
201210042230,201210042300,-9999.0,1.0,0.225,1.261,14.61,1.77414,0.71754,3.79662,0.022857,0.0,-9999.0,18.26,92.4192
201210042300,201210042330,-9999.0,1.0,0.173,1.263,14.68,1.78068,0.724334,3.81193,0.017632,0.0,-9999.0,18.23,92.4411
201210042330,201210050000,-9999.0,1.0,0.198,1.163,14.66,1.77875,0.723032,3.80751,0.020238,0.0,-9999.0,18.2,93.0307
201210050000,201210050030,-9999.0,1.0,0.194,1.607,14.57,1.77025,0.715434,3.78744,0.019889,0.0,-9999.0,18.18,90.317
201210050030,201210050100,-9999.0,1.0,0.252,1.863,14.11,1.72724,1.10335,3.68402,0.025825,0.0,-9999.0,18.14,88.4312
201210050100,201210050130,-9999.0,1.0,0.288,1.38,13.78,1.69662,1.17739,3.61024,0.029507,0.0,-9999.0,18.11,91.2439
201210050130,201210050200,-9999.0,1.0,0.228,1.125,14.12,1.72808,1.10522,3.6829,0.023364,0.0,-9999.0,18.07,93.022
201210050200,201210050230,-9999.0,1.0,0.178,1.598,13.93,1.71041,1.19176,3.63971,0.018243,0.0,-9999.0,18.04,89.9632
201210050230,201210050300,-9999.0,1.0,0.275,2.064,12.95,1.62053,1.53201,3.42734,0.028168,0.0,-9999.0,18.0,86.1817
201210050300,201210050330,-9999.0,1.0,0.272,1.312,12.82,1.60872,1.52096,3.3984,0.027859,0.0,-9999.0,17.96,91.1423
201210050330,201210050400,-9999.0,1.0,0.066,1.954,12.67,1.59514,1.41944,3.3654,0.006766,0.0,-9999.0,17.92,86.6718
201210050400,201210050430,-9999.0,1.0,0.109,1.973,12.75,1.60231,1.42697,3.38082,0.011171,0.0,-9999.0,17.88,86.615
201210050430,201210050500,-9999.0,1.0,0.295,2.019,11.93,1.52892,0.75916,3.20902,0.030203,0.0,-9999.0,17.83,85.5412
201210050500,201210050530,-9999.0,1.0,0.33,1.526,11.45,1.48659,0.721431,3.10997,0.033777,0.0,-9999.0,17.78,88.7216
201210050530,201210050600,-9999.0,1.0,0.367,1.529,11.85,1.52176,0.753026,3.19011,0.037554,0.0,-9999.0,17.74,88.997
201210050600,201210050630,-9999.0,1.0,4.458,1.3,12.19,1.55191,0.760914,3.2587,0.447244,10.4072,-9999.0,17.7,90.8476
201210050630,201210050700,2.96198,0.0,23.41,1.09,13.13,1.63656,-0.945043,3.45386,2.15399,117.689,-9999.0,17.65,92.7891
201210050700,201210050730,-9999.0,1.0,52.43,1.591,12.97,1.62198,-1.6302,3.41861,4.2811,245.705,-9999.0,17.6,89.3614
201210050730,201210050800,-9999.0,2.0,121.4,0.637,13.95,1.71178,5.15482,3.62621,7.82097,368.188,-9999.0,17.56,96.0065
201210050800,201210050830,-10.2873,0.0,230.0,0.383,15.43,1.8509,12.5127,3.95028,11.1218,483.041,-9999.0,17.52,97.8136
201210050830,201210050900,-12.5896,0.0,245.7,0.878,16.92,1.99496,14.9518,4.28794,11.4664,588.3,-9999.0,17.48,95.4453
201210050900,201210050930,-12.7213,0.0,465.4,1.295,18.07,2.10872,15.1903,4.55541,14.6062,682.164,-9999.0,17.45,93.7574
201210050930,201210051000,-9999.0,1.0,532.1,11.341,23.853,2.71118,11.6355,6.0021,14.7561,763.027,-9999.0,17.42,-9999.0
201210051000,201210051030,-9999.0,1.0,570.1,5.48,21.17,2.42574,12.2487,5.30792,15.4739,829.504,-9999.0,17.41,78.2
201210051030,201210051100,-9999.0,1.0,617.8,9.743,22.81,2.599,13.0973,5.72249,15.7955,880.459,-9999.0,17.41,64.93
201210051100,201210051130,-9999.0,1.0,674.5,13.269,24.13,2.74095,11.9213,6.06287,14.9532,915.02,-9999.0,17.43,55.89
201210051130,201210051200,-9999.0,1.0,677.9,15.031,24.84,2.81814,11.9219,6.24652,14.3521,932.595,-9999.0,17.46,52.11
201210051200,201210051230,-7.50179,0.0,686.5,17.856,25.32,2.87064,10.6597,6.37009,13.4333,932.884,-9999.0,17.5,44.71
201210051230,201210051300,-3.43362,0.0,695.6,20.895,26.59,3.01085,6.714,6.70765,12.4846,915.882,-9999.0,17.55,39.98
201210051300,201210051330,-5.83328,0.0,646.4,21.243,27.27,3.08659,9.17976,6.88809,12.2024,881.879,-9999.0,17.6,41.37
201210051330,201210051400,-2.36281,0.0,485.4,18.741,26.99,3.05524,5.68314,6.80666,12.1715,831.458,-9999.0,17.66,47.42
201210051400,201210051430,-6.46094,0.0,588.0,19.563,27.29,3.08867,9.81089,6.88346,12.4559,765.481,-9999.0,17.72,46.07
201210051430,201210051500,-5.14853,0.0,511.4,20.001,27.2,3.07853,8.49059,6.85388,11.9465,685.077,-9999.0,17.79,44.57
201210051500,201210051530,-5.65803,0.0,440.8,17.939,26.27,2.97497,8.91144,6.5973,12.066,591.622,-9999.0,17.86,47.49
201210051530,201210051600,-1.26075,0.0,367.1,16.322,25.3,2.86793,4.4218,6.33373,11.8437,486.715,-9999.0,17.93,49.4
201210051600,201210051630,-1.15091,0.0,275.1,16.403,25.09,2.84484,4.29255,6.27377,10.6914,372.15,-9999.0,17.99,48.51
201210051630,201210051700,4.61173,0.0,177.1,15.047,24.76,2.8087,-1.501,6.18258,9.02104,249.889,-9999.0,18.05,51.83
201210051700,201210051730,-9999.0,1.0,69.49,11.296,23.11,2.63022,3.54147,5.75087,5.25702,122.023,-9999.0,18.1,60.07
201210051730,201210051800,6.38446,0.0,12.78,8.135,21.04,2.41124,-3.62681,5.22682,1.23057,12.2263,-9999.0,18.15,67.38
201210051800,201210051830,2.36582,0.0,0.407,5.599,19.56,2.25831,0.252878,4.86323,0.04154,0.0,-9999.0,18.19,75.4
201210051830,201210051900,-9999.0,1.0,0.251,3.834,18.06,2.1067,0.416611,4.50567,0.025635,0.0,-9999.0,18.23,81.5
201210051900,201210051930,-9999.0,1.0,0.275,2.596,16.76,1.97824,0.658822,4.20474,0.02808,0.0,-9999.0,18.25,86.4
201210051930,201210052000,-9999.0,1.0,0.284,1.653,16.33,1.93635,0.631597,4.10575,0.028995,0.0,-9999.0,18.26,91.1
201210052000,201210052030,-9999.0,1.0,0.286,1.077,15.8,1.88517,0.712505,3.98574,0.029196,0.0,-9999.0,18.26,94.0
201210052030,201210052100,-9999.0,1.0,0.316,0.708,15.2,1.82785,0.476607,3.85214,0.032251,0.0,-9999.0,18.25,95.9
201210052100,201210052130,-9999.0,1.0,0.329,0.641,14.43,1.75526,0.794914,3.68427,0.033573,0.0,-9999.0,18.23,96.1
201210052130,201210052200,-9999.0,1.0,0.328,0.541,13.93,1.70872,1.21061,3.57655,0.033468,0.0,-9999.0,18.21,96.6
201210052200,201210052230,-9999.0,1.0,0.323,0.409,13.76,1.69297,1.19575,3.53922,0.032955,0.0,-9999.0,18.19,97.4
201210052230,201210052300,-9999.0,1.0,0.315,0.157,13.74,1.69108,1.19443,3.53345,0.032137,0.0,-9999.0,18.15,99.0
201210052300,201210052330,-9999.0,1.0,0.314,0.091,13.21,1.64247,1.6911,3.42181,0.032032,0.0,-9999.0,18.12,99.4
201210052330,201210060000,-9999.0,1.0,0.327,1.287,13.33,1.65338,1.70234,3.44508,0.033353,0.0,-9999.0,18.08,91.5914
201210060000,201210060030,-9999.0,1.0,0.326,2.039,13.18,1.63966,1.68934,3.41266,0.033248,0.0,-9999.0,18.04,86.5512
201210060030,201210060100,-9999.0,1.0,0.326,1.997,12.49,1.57726,1.42259,3.27069,0.033245,0.0,-9999.0,18.0,86.221
201210060100,201210060130,-9999.0,1.0,0.328,1.626,12.13,1.54508,1.07086,3.19714,0.033445,0.0,-9999.0,17.95,88.5095
201210060130,201210060200,-9999.0,1.0,0.327,1.857,12.02,1.53527,1.06154,3.17395,0.03334,0.0,-9999.0,17.91,86.7819
201210060200,201210060230,-0.24159,0.0,0.329,1.877,11.58,1.49641,2.13876,3.08585,0.033541,0.0,-9999.0,17.86,86.243
201210060230,201210060300,-9999.0,1.0,0.321,1.732,11.4,1.4806,1.9792,3.04947,0.032723,0.0,-9999.0,17.81,87.1591
201210060300,201210060330,-9999.0,1.0,0.326,1.948,11.14,1.45791,1.95676,2.99786,0.033229,0.0,-9999.0,17.76,85.2995
201210060330,201210060400,-9999.0,1.0,0.329,1.778,10.65,1.41558,1.91428,2.90279,0.033531,0.0,-9999.0,17.71,86.1382
201210060400,201210060430,-9999.0,1.0,0.32,1.663,10.86,1.43361,1.93306,2.94179,0.032612,0.0,-9999.0,17.66,87.218
201210060430,201210060500,-9999.0,1.0,0.202,1.953,10.68,1.41808,1.91773,2.90639,0.020596,0.0,-9999.0,17.61,84.8076
201210060500,201210060530,-9999.0,1.0,0.071,1.91,10.49,1.40178,1.90156,2.86933,0.007243,0.0,-9999.0,17.55,84.9484
201210060530,201210060600,-9999.0,2.0,0.262,2.225,9.56,1.32325,1.26387,2.69526,0.026701,0.0,-9999.0,17.49,81.34
201210060600,201210060630,-9999.0,2.0,5.511,1.823,9.18,1.2917,1.17707,2.62518,0.547617,8.05345,-9999.0,17.44,84.3173
201210060630,201210060700,-9999.0,1.0,55.03,1.288,9.76,1.3399,0.27127,2.73021,4.42845,111.431,-9999.0,17.38,89.3446
201210060700,201210060730,-9999.0,1.0,137.6,1.023,11.28,1.46979,3.70122,3.01575,8.40747,239.448,-9999.0,17.32,92.3548
201210060730,201210060800,-9999.0,2.0,218.1,0.952,13.27,1.64723,11.3135,3.40875,10.7925,361.931,-9999.0,17.27,93.754
201210060800,201210060830,-9999.0,2.0,305.5,2.641,15.5,1.85532,13.1907,3.87331,12.5306,476.784,-9999.0,17.21,85.0086
201210060830,201210060900,-9999.0,1.0,262.9,0.712,17.32,2.03182,12.6382,4.26956,11.7628,582.044,-9999.0,17.16,96.4
201210060900,201210060930,-9999.0,1.0,469.9,3.741,19.4,2.24028,13.8943,4.74047,14.5793,675.908,-9999.0,17.12,83.4
201210060930,201210061000,-9.56117,0.0,548.0,8.108,21.34,2.44062,12.3677,5.19524,15.2387,756.771,-9999.0,17.09,68.08
201210061000,201210061030,-11.7136,0.0,608.8,11.983,22.64,2.57779,14.6453,5.5066,14.8693,823.248,-9999.0,17.07,56.42
201210061030,201210061100,-5.21748,0.0,658.9,16.004,23.95,2.71822,8.27583,5.82605,13.5601,874.204,-9999.0,17.06,46.22
201210061100,201210061130,-5.59859,0.0,689.1,20.131,24.99,2.83116,8.75806,6.08256,12.1554,908.765,-9999.0,17.08,36.43
201210061130,201210061200,-5.56076,0.0,704.0,21.814,25.72,2.91116,8.79161,6.26307,11.6038,926.34,-9999.0,17.11,34.04
201210061200,201210061230,-5.68101,0.0,707.0,21.792,26.1,2.953,8.94943,6.3553,11.6058,926.629,-9999.0,17.15,35.57
201210061230,201210061300,-5.6092,0.0,692.1,23.331,26.93,3.04499,8.95893,6.56336,11.0387,909.627,-9999.0,17.2,34.31
201210061300,201210061330,-4.56288,0.0,661.1,24.046,27.74,3.13544,7.99211,6.76781,10.7146,875.624,-9999.0,17.25,35.43
201210061330,201210061400,-4.55863,0.0,622.6,22.901,27.52,3.11071,7.96725,6.70563,10.9579,825.203,-9999.0,17.32,37.71
201210061400,201210061430,-5.9914,0.0,566.6,23.881,27.38,3.09497,9.38718,6.66436,10.459,759.225,-9999.0,17.38,34.51
201210061430,201210061500,-5.30938,0.0,498.7,23.206,26.99,3.05137,8.668,6.55901,10.3906,678.821,-9999.0,17.46,34.89
201210061500,201210061530,-4.90891,0.0,418.7,21.061,26.41,2.98685,8.21192,6.40598,10.5858,585.366,-9999.0,17.53,38.86
201210061530,201210061600,-3.02334,0.0,329.7,19.112,25.61,2.89847,6.24942,6.19891,10.407,480.458,-9999.0,17.6,41.83
201210061600,201210061630,-4.03184,0.0,238.2,19.052,25.29,2.86327,7.22761,6.11413,9.3052,365.893,-9999.0,17.67,40.9
201210061630,201210061700,5.31029,0.0,142.1,17.41,24.6,2.78786,-2.18067,5.93799,7.59843,243.632,-9999.0,17.73,43.73
201210061700,201210061730,-0.26537,0.0,56.4,13.603,22.91,2.60565,3.23242,5.52046,4.37411,115.765,-9999.0,17.79,51.33
201210061730,201210061800,3.45274,0.0,6.932,8.197,21.02,2.40622,-0.666532,5.06712,0.682708,9.66394,-9999.0,17.84,67.09
201210061800,201210061830,2.8777,0.0,0.265,4.527,19.47,2.24638,-0.238619,4.70579,0.026942,0.0,-9999.0,17.88,80.0
201210061830,201210061900,4.36865,0.0,0.213,2.885,18.67,2.16527,-1.80478,4.52212,0.021659,0.0,-9999.0,17.91,86.6
201210061900,201210061930,-9999.0,1.0,0.24,2.202,17.8,2.07821,0.415328,4.32608,0.024399,0.0,-9999.0,17.94,89.2
201210061930,201210062000,-9999.0,1.0,0.271,1.648,16.64,1.96409,0.677361,4.07115,0.027543,0.0,-9999.0,17.95,91.3
201210062000,201210062030,-9999.0,1.0,0.283,1.039,16.03,1.90497,0.669747,3.93874,0.028759,0.0,-9999.0,17.95,94.3
201210062030,201210062100,-9999.0,1.0,0.249,0.772,15.8,1.88283,0.7381,3.88808,0.025305,0.0,-9999.0,17.96,95.7
201210062100,201210062130,-9999.0,1.0,0.316,0.728,15.25,1.83031,0.690731,3.77094,0.032101,0.0,-9999.0,17.95,95.8
201210062130,201210062200,-9999.0,1.0,0.327,0.592,14.44,1.75402,0.820018,3.60224,0.033213,0.0,-9999.0,17.94,96.4
201210062200,201210062230,-9999.0,1.0,0.328,0.474,13.83,1.69736,1.22516,3.47708,0.033311,0.0,-9999.0,17.92,97.0
201210062230,201210062300,-9999.0,1.0,0.33,0.323,13.41,1.65876,1.73126,3.39162,0.033511,0.0,-9999.0,17.9,97.9
201210062300,201210062330,-9999.0,1.0,0.329,0.124,13.49,1.66603,1.1836,3.40599,0.033406,0.0,-9999.0,17.87,99.2
201210062330,201210070000,-9999.0,1.0,0.328,1.676,13.58,1.67424,1.20381,3.42235,0.033302,0.0,-9999.0,17.84,89.2261
201210070000,201210070030,-9999.0,1.0,0.325,1.725,13.54,1.67053,1.20065,3.41285,0.032995,0.0,-9999.0,17.81,88.882
201210070030,201210070100,-9999.0,1.0,0.317,1.402,13.57,1.67323,1.20385,3.4122,0.032139,0.0,-9999.0,17.77,90.9839
201210070100,201210070130,-9999.0,1.0,0.308,1.273,13.69,1.68421,1.21527,3.42937,0.031184,0.0,-9999.0,17.74,91.8782
201210070130,201210070200,-9999.0,1.0,0.223,1.091,14.53,1.76207,0.760913,3.59068,0.022556,0.0,-9999.0,17.7,93.4104
201210070200,201210070230,-9999.0,1.0,0.134,1.735,14.75,1.78265,0.644605,3.62802,0.013541,0.0,-9999.0,17.66,89.6615
201210070230,201210070300,-9999.0,1.0,0.15,1.816,14.73,1.78072,0.780321,3.61678,0.015135,0.0,-9999.0,17.62,89.1692
201210070300,201210070330,-9999.0,1.0,0.108,2.405,14.68,1.77598,0.776213,3.59953,0.010884,0.0,-9999.0,17.59,85.6079
201210070330,201210070400,-9999.0,1.0,0.137,2.297,14.53,1.76189,0.762895,3.56232,0.013785,0.0,-9999.0,17.56,86.1199
201210070400,201210070430,-9999.0,1.0,0.161,1.968,14.53,1.76185,0.763391,3.55523,0.016175,0.0,-9999.0,17.53,88.1084
201210070430,201210070500,-9999.0,1.0,0.055,1.668,14.86,1.79276,0.599201,3.61403,0.005521,0.0,-9999.0,17.5,90.1348
201210070500,201210070530,-9999.0,1.0,0.032,1.713,15.24,1.82862,0.697976,3.68306,0.003208,0.0,-9999.0,17.48,90.111
201210070530,201210070600,-9999.0,1.0,0.049,1.726,15.59,1.86188,0.770911,3.74626,0.004905,0.0,-9999.0,17.45,90.2586
201210070600,201210070630,-9999.0,1.0,2.216,2.055,15.97,1.89824,0.719653,3.81574,0.219218,6.03297,-9999.0,17.43,88.6813
201210070630,201210070700,-9999.0,1.0,22.06,2.775,16.03,1.90396,0.891208,3.8201,1.99164,105.178,-9999.0,17.41,84.7715
201210070700,201210070730,-9999.0,2.0,95.6,0.0,16.09,1.90969,4.88883,3.82442,6.53761,233.189,-9999.0,17.39,100.0
201210070730,201210070800,-9999.0,1.0,92.0,0.615,17.38,2.03536,3.92664,4.08143,6.35992,355.667,-9999.0,17.38,96.9
201210070800,201210070830,-9999.0,1.0,128.3,1.382,18.47,2.14369,5.07813,4.30132,7.90771,470.516,-9999.0,17.36,93.5
201210070830,201210070900,-9.73043,0.0,217.6,3.16,19.66,2.26411,12.4051,4.54609,10.5993,575.772,-9999.0,17.36,86.2
201210070900,201210070930,-6.69206,0.0,228.3,4.311,20.84,2.3856,9.4806,4.79245,10.8403,669.632,-9999.0,17.36,82.5
201210070930,201210071000,-7.43705,0.0,139.2,4.81,21.37,2.44079,10.2773,4.8982,8.28768,750.491,-9999.0,17.36,81.1
201210071000,201210071030,-5.97822,0.0,262.1,5.3,21.55,2.45957,8.83651,4.92687,11.5371,816.966,-9999.0,17.38,79.4
201210071030,201210071100,-9.26286,0.0,464.8,7.435,22.85,2.59693,12.2477,5.20436,14.3129,867.919,-9999.0,17.39,73.3
201210071100,201210071130,-11.026,0.0,424.3,8.406,23.4,2.65566,14.065,5.31582,13.89,902.479,-9999.0,17.42,70.8
201210071130,201210071200,-7.04214,0.0,282.2,8.715,23.66,2.68352,10.1072,5.36205,11.8893,920.054,-9999.0,17.45,70.2
201210071200,201210071230,-5.99521,0.0,205.0,8.206,23.46,2.66197,9.04144,5.30478,10.229,920.343,-9999.0,17.49,71.6
201210071230,201210071300,-9.2554,0.0,463.8,9.09,23.97,2.71679,12.352,5.4068,14.27,903.341,-9999.0,17.54,69.49
201210071300,201210071330,-12.1618,0.0,461.0,11.091,25.01,2.82961,15.3607,5.62891,13.8333,869.34,-9999.0,17.6,65.02
201210071330,201210071400,-7.63318,0.0,468.3,10.87,24.88,2.81536,10.8201,5.58619,13.9733,818.92,-9999.0,17.65,65.45
201210071400,201210071430,-9.28528,0.0,406.0,11.325,25.0,2.82837,12.4847,5.60005,13.1868,752.946,-9999.0,17.71,64.26
201210071430,201210071500,-7.51614,0.0,331.1,11.171,25.05,2.83376,10.7212,5.59802,12.2996,672.545,-9999.0,17.77,64.85
201210071500,201210071530,-4.58708,0.0,179.2,10.158,24.5,2.77381,7.739,5.46159,9.45551,579.093,-9999.0,17.83,66.97
201210071530,201210071600,-2.13678,0.0,168.8,8.675,23.98,2.71745,5.23858,5.33335,9.16608,474.19,-9999.0,17.9,70.9
201210071600,201210071630,-3.25242,0.0,131.9,8.047,23.73,2.69044,6.3305,5.26575,7.91965,359.63,-9999.0,17.96,72.6
201210071630,201210071700,-9999.0,1.0,69.89,6.821,22.98,2.61,3.13245,5.08992,5.10813,237.373,-9999.0,18.01,75.7
201210071700,201210071730,-9999.0,1.0,31.98,5.481,22.26,2.53345,0.031544,4.92313,2.69442,109.511,-9999.0,18.06,79.6
201210071730,201210071800,-9999.0,1.0,3.092,4.303,21.38,2.44084,-0.753679,4.72509,0.29477,7.4351,-9999.0,18.11,83.1
201210071800,201210071830,3.94624,0.0,0.038,3.1,20.44,2.3431,-1.18497,4.51815,0.003669,0.0,-9999.0,18.15,87.1
201210071830,201210071900,1.62189,0.0,0.021,2.071,19.38,2.23443,1.03799,4.29086,0.002025,0.0,-9999.0,18.18,90.8
201210071900,201210071930,-9999.0,1.0,0.033,1.265,18.87,2.18272,0.267637,4.1784,0.003177,0.0,-9999.0,18.2,94.2
201210071930,201210072000,-9999.0,1.0,0.034,1.046,18.21,2.11643,0.278238,4.03773,0.003268,0.0,-9999.0,18.22,95.0
201210072000,201210072030,-9999.0,1.0,0.027,0.498,18.08,2.09483,0.328348,4.00307,0.002592,0.0,-9999.0,18.23,97.6
201210072030,201210072100,-9999.0,1.0,0.054,0.264,17.73,2.05172,0.561937,3.92567,0.005175,0.0,-9999.0,18.23,98.7
201210072100,201210072130,-9999.0,1.0,0.072,1.436,17.52,2.02272,0.45197,3.87616,0.006889,0.0,-9999.0,18.23,92.8295
201210072130,201210072200,-9999.0,1.0,0.042,1.475,17.53,2.01529,0.453478,3.8694,0.004013,0.0,-9999.0,18.22,92.6431
201210072200,201210072230,-9999.0,1.0,0.061,1.606,17.28,1.98276,0.528829,3.81272,0.00582,0.0,-9999.0,18.21,91.8583
201210072230,201210072300,1.48944,0.0,0.081,1.715,16.97,1.94481,0.945217,3.74514,0.007716,0.0,-9999.0,18.2,91.1359
201210072300,201210072330,-9999.0,1.0,0.076,1.589,16.53,1.89499,0.953039,3.65381,0.007229,0.0,-9999.0,18.18,91.5528
201210072330,201210080000,-9999.0,1.0,0.068,1.449,16.68,1.90109,0.760189,3.67379,0.006458,0.0,-9999.0,18.16,92.3684
201210080000,201210080030,-9999.0,1.0,0.031,1.739,16.6,1.88554,0.686748,3.65061,0.00294,0.0,-9999.0,18.14,90.7982
201210080030,201210080100,-9999.0,1.0,0.033,1.631,16.61,1.87844,0.754652,3.6443,0.003125,0.0,-9999.0,18.12,91.3766
201210080100,201210080130,-9999.0,1.0,0.006,1.435,16.71,1.87969,0.73187,3.65472,0.000567,0.0,-9999.0,18.1,92.4566
201210080130,201210080200,-9999.0,1.0,0.008,1.185,16.97,1.89574,0.62209,3.69487,0.000755,0.0,-9999.0,18.07,93.8741
201210080200,201210080230,-9999.0,1.0,0.004,1.526,16.79,1.87092,0.730112,3.65307,0.000377,0.0,-9999.0,18.05,92.0226
201210080230,201210080300,-9999.0,1.0,0.009,1.524,16.38,1.82527,0.67635,3.5693,0.000847,0.0,-9999.0,18.03,91.8241
201210080300,201210080330,-9999.0,1.0,0.026,0.833,16.27,1.80735,0.731032,3.54115,0.002444,0.0,-9999.0,18.01,95.4961
201210080330,201210080400,-9999.0,1.0,0.028,1.461,16.41,1.8121,0.975307,3.55865,0.002628,0.0,-9999.0,17.99,92.1723
201210080400,201210080430,-9999.0,1.0,0.084,1.343,16.1,1.7763,0.74676,3.49436,0.00787,0.0,-9999.0,17.96,92.6627
201210080430,201210080500,-9999.0,1.0,0.227,1.682,15.8,1.74178,0.723046,3.43254,0.021222,0.0,-9999.0,17.93,90.6353
201210080500,201210080530,-9999.0,1.0,0.216,0.645,15.86,1.73937,0.678724,3.43552,0.020164,0.0,-9999.0,17.91,96.4225
201210080530,201210080600,-9999.0,1.0,0.13,0.955,16.78,1.81329,0.660087,3.59329,0.012122,0.0,-9999.0,17.89,95.0025
201210080600,201210080630,1.19867,0.0,4.736,1.646,16.87,1.81321,1.14066,3.60132,0.431953,5.47909,-9999.0,17.87,91.4384
201210080630,201210080700,-0.50066,0.0,31.94,0.9,16.06,1.73364,2.75669,3.44771,2.59675,103.264,-9999.0,17.84,95.0708
201210080700,201210080730,-2.41574,0.0,112.4,0.729,17.01,1.80933,4.74794,3.60993,6.93176,231.115,-9999.0,17.82,96.2428
201210080730,201210080800,-6.34419,0.0,192.1,0.732,17.89,1.87936,8.74605,3.76129,9.56134,353.362,-9999.0,17.79,96.4291
201210080800,201210080830,-8.85321,0.0,283.6,2.046,19.01,1.97155,11.3463,3.95865,11.5576,467.912,-9999.0,17.77,90.6956
201210080830,201210080900,-9.15568,0.0,252.4,1.426,20.26,2.07649,11.7517,4.18302,10.9519,572.807,-9999.0,17.76,94.0
201210080900,201210080930,-9.23224,0.0,439.8,4.901,21.59,2.18987,11.9381,4.42568,13.6859,666.251,-9999.0,17.74,81.0
201210080930,201210081000,-9.3392,0.0,520.2,7.124,22.71,2.28445,12.1354,4.63054,14.4314,746.645,-9999.0,17.73,74.2
201210081000,201210081030,-7.2838,0.0,575.1,9.479,23.52,2.35012,10.1416,4.77636,14.8512,812.614,-9999.0,17.74,67.31
201210081030,201210081100,-7.40963,0.0,604.5,11.759,24.41,2.42338,10.3358,4.93846,14.3185,863.029,-9999.0,17.75,61.56
201210081100,201210081130,-5.76991,0.0,649.7,14.669,25.73,2.53784,8.80305,5.18664,13.3758,897.027,-9999.0,17.77,55.67
201210081130,201210081200,-7.4221,0.0,663.2,16.566,26.4,2.59011,10.5025,5.30633,12.6824,914.027,-9999.0,17.8,51.88
201210081200,201210081230,-5.94838,0.0,553.8,17.345,26.96,2.63159,9.06567,5.40396,11.8975,913.739,-9999.0,17.84,51.25
201210081230,201210081300,-5.24628,0.0,423.5,17.777,27.03,2.62581,8.35596,5.40331,10.9566,896.165,-9999.0,17.89,50.24
201210081300,201210081330,-3.25808,0.0,255.8,17.514,27.01,2.61138,6.35204,5.38465,9.28815,861.609,-9999.0,17.94,50.92
201210081330,201210081400,-9999.0,1.0,652.8,21.585,28.62,2.75265,8.02319,5.69168,10.7996,810.66,-9999.0,18.0,44.93
201210081400,201210081430,-9999.0,1.0,518.4,21.51,28.86,2.76239,9.09818,5.72406,10.3305,744.19,-9999.0,18.05,45.88
201210081430,201210081500,-5.44526,0.0,464.2,16.768,27.4,2.61056,8.5319,5.4176,11.5332,663.338,-9999.0,18.11,54.07
201210081500,201210081530,-5.37684,0.0,385.5,14.782,26.61,2.52404,8.37996,5.24764,11.4979,569.485,-9999.0,18.18,57.59
201210081530,201210081600,-3.42011,0.0,297.6,13.025,25.83,2.43971,6.3413,5.08189,10.9072,464.239,-9999.0,18.24,60.87
201210081600,201210081630,-3.28486,0.0,217.0,11.954,25.34,2.383,6.15004,4.9739,9.67402,349.399,-9999.0,18.3,63.03
201210081630,201210081700,-1.29324,0.0,117.0,10.226,24.48,2.29366,4.07092,4.79691,6.95529,226.932,-9999.0,18.35,66.71
201210081700,201210081730,2.30601,0.0,29.73,7.855,23.09,2.15903,0.339689,4.52397,2.36858,98.9313,-9999.0,18.4,72.2
201210081730,201210081800,2.77673,0.0,6.497,5.96,21.81,2.03709,-0.252033,4.27716,0.567901,4.28501,-9999.0,18.44,77.2
201210081800,201210081830,3.44101,0.0,0.168,4.524,20.81,1.94172,-1.01226,4.08583,0.015067,0.0,-9999.0,18.47,81.6
201210081830,201210081900,-9999.0,1.0,0.072,3.543,20.05,1.8683,-0.15042,3.94046,0.00645,0.0,-9999.0,18.49,84.9
201210081900,201210081930,-9999.0,1.0,0.105,2.305,18.83,1.75865,-0.105656,3.71782,0.00939,0.0,-9999.0,18.52,89.4
201210081930,201210082000,-9999.0,1.0,0.094,1.208,18.42,1.71662,-0.20584,3.6381,0.008393,0.0,-9999.0,18.53,94.3
201210082000,201210082030,-9999.0,1.0,0.097,0.68,17.98,1.67276,-0.082323,3.55424,0.008647,0.0,-9999.0,18.53,96.7
201210082030,201210082100,-9999.0,1.0,0.133,0.26,17.48,1.6248,0.113003,3.46137,0.011835,0.0,-9999.0,18.52,98.7
201210082100,201210082130,-9999.0,1.0,0.121,2.077,17.09,1.58609,-0.012432,3.38795,0.010751,0.0,-9999.0,18.51,89.3468
201210082130,201210082200,-9999.0,1.0,0.168,1.812,16.45,1.52879,0.52337,3.27453,0.0149,0.0,-9999.0,18.5,90.3205
201210082200,201210082230,-9999.0,1.0,0.16,1.613,15.8,1.47181,0.275626,3.16139,0.014168,0.0,-9999.0,18.48,91.0196
201210082230,201210082300,-9999.0,1.0,0.162,0.926,15.25,1.4233,0.197015,3.06602,0.014322,0.0,-9999.0,18.45,94.6564
201210082300,201210082330,-9999.0,1.0,0.154,1.296,15.03,1.39969,0.038437,3.02388,0.013594,0.0,-9999.0,18.43,92.417
201210082330,201210090000,-9999.0,1.0,0.155,1.765,14.66,1.36547,0.172535,2.95873,0.01366,0.0,-9999.0,18.4,89.4232
201210090000,201210090030,-9999.0,1.0,0.128,1.232,14.69,1.36036,0.192109,2.95623,0.011264,0.0,-9999.0,18.36,92.6334
201210090030,201210090100,-9999.0,1.0,0.047,1.49,15.07,1.38033,0.01026,2.99856,0.004117,0.0,-9999.0,18.32,91.3024
201210090100,201210090130,-9999.0,1.0,0.039,2.008,14.78,1.35219,0.091848,2.93696,0.003399,0.0,-9999.0,18.28,88.0608
201210090130,201210090200,-9999.0,1.0,0.054,1.837,14.23,1.30615,0.128253,2.83668,0.004682,0.0,-9999.0,18.25,88.685
201210090200,201210090230,-9999.0,1.0,0.072,1.706,14.03,1.28514,0.239526,2.79051,0.00621,0.0,-9999.0,18.2,89.3542
201210090230,201210090300,-9999.0,1.0,0.093,1.706,13.87,1.26709,0.23468,2.75074,0.00798,0.0,-9999.0,18.16,89.2423
201210090300,201210090330,-9999.0,1.0,0.079,1.25,14.02,1.27039,0.275077,2.75707,0.006744,0.0,-9999.0,18.12,92.1911
201210090330,201210090400,-9999.0,1.0,0.048,1.359,14.31,1.28321,0.107753,2.7839,0.004077,0.0,-9999.0,18.08,91.6728
201210090400,201210090430,-9999.0,1.0,0.028,1.241,14.55,1.29249,0.090452,2.80309,0.002366,0.0,-9999.0,18.04,92.5093
201210090430,201210090500,-9999.0,1.0,0.028,1.461,14.51,1.28253,0.105017,2.78078,0.002354,0.0,-9999.0,18.0,91.1631
201210090500,201210090530,-9999.0,1.0,0.018,1.526,14.33,1.26315,0.08242,2.73815,0.001505,0.0,-9999.0,17.95,90.6603
201210090530,201210090600,-9999.0,1.0,0.051,1.363,14.49,1.26676,0.085583,2.74509,0.004242,0.0,-9999.0,17.92,91.7436
201210090600,201210090630,-9999.0,1.0,1.665,1.507,14.94,1.28982,-0.010096,2.79391,0.136828,3.83352,-9999.0,17.88,91.1335
201210090630,201210090700,-9999.0,1.0,10.08,1.342,15.12,1.29455,-0.067857,2.80322,0.796567,97.0255,-9999.0,17.84,92.1918
201210090700,201210090730,-9999.0,1.0,40.54,1.19,15.66,1.32348,0.198909,2.86461,2.8464,224.86,-9999.0,17.81,93.3157
201210090730,201210090800,-9999.0,1.0,54.67,1.237,16.37,1.36393,0.920519,2.95072,3.64041,347.091,-9999.0,17.78,93.3599
201210090800,201210090830,-9999.0,1.0,84.5,1.413,17.3,1.41956,1.1576,3.06941,5.09783,461.627,-9999.0,17.75,92.8456
201210090830,201210090900,-9999.0,2.0,139.6,1.734,18.63,1.50336,4.45729,3.24852,7.20109,566.508,-9999.0,17.73,91.9283
201210090900,201210090930,-9999.0,1.0,148.8,2.562,19.86,1.58091,3.47227,3.41403,7.46985,659.94,-9999.0,17.72,88.9515
201210090930,201210091000,-9999.0,1.0,202.5,1.327,21.1,1.6597,11.1669,3.58201,8.93853,740.324,-9999.0,17.71,94.7
201210091000,201210091030,-10.7106,0.0,228.7,5.269,22.02,1.71578,12.8596,3.70111,9.51765,806.285,-9999.0,17.7,80.1
201210091030,201210091100,-2.57683,0.0,149.0,6.652,22.5,1.74001,4.7481,3.7518,7.38714,856.694,-9999.0,17.71,75.6
201210091100,201210091130,-9.52695,0.0,547.8,9.086,23.66,1.81326,11.7686,3.9075,13.7591,890.688,-9999.0,17.72,68.93
201210091130,201210091200,-7.00959,0.0,490.0,9.679,24.31,1.84939,9.28475,3.98352,13.2128,907.686,-9999.0,17.74,68.17
201210091200,201210091230,-7.68639,0.0,533.5,9.453,24.33,1.83955,9.95012,3.96102,13.5777,907.397,-9999.0,17.77,68.95
201210091230,201210091300,-9.67107,0.0,678.1,11.911,25.33,1.90053,11.9922,4.09012,13.9986,889.826,-9999.0,17.81,63.14
201210091300,201210091330,-7.71114,0.0,542.4,12.089,25.68,1.9141,10.0435,4.11766,13.0093,855.274,-9999.0,17.85,63.36
201210091330,201210091400,-12.6116,0.0,590.4,11.688,25.85,1.91445,14.9424,4.11688,13.4591,804.331,-9999.0,17.91,64.93
201210091400,201210091430,-10.376,0.0,645.6,12.193,26.27,1.93264,12.7225,4.15423,13.6611,737.87,-9999.0,17.96,64.31
201210091430,201210091500,-8.15923,0.0,431.1,10.512,25.31,1.85213,10.426,3.98059,12.2886,657.028,-9999.0,18.02,67.43
201210091500,201210091530,-6.28981,0.0,287.4,9.917,24.87,1.80949,8.5133,3.88794,10.3428,563.187,-9999.0,18.09,68.46
201210091530,201210091600,-9999.0,1.0,81.6,7.137,23.46,1.70052,1.24668,3.65362,4.62982,457.954,-9999.0,18.15,75.3
201210091600,201210091630,-9999.0,1.0,87.5,5.625,22.85,1.6482,1.04926,3.54043,4.85858,343.13,-9999.0,18.21,79.8
201210091630,201210091700,-9999.0,1.0,48.77,4.223,21.17,1.52584,-0.784945,3.27766,3.02442,220.677,-9999.0,18.27,83.2
201210091700,201210091730,2.22811,0.0,10.55,2.619,19.57,1.4125,-0.407076,3.03426,0.740774,92.6932,-9999.0,18.31,88.5
201210091730,201210091800,3.03906,0.0,2.53,1.576,18.5,1.33588,-1.29825,2.86936,0.181901,2.8471,-9999.0,18.35,92.6
201210091800,201210091830,2.42853,0.0,0.104,1.133,17.97,1.29433,-0.732191,2.77945,0.0075,0.0,-9999.0,18.38,94.5
201210091830,201210091900,3.31479,0.0,0.007,0.605,17.63,1.26503,-1.65036,2.71573,0.000502,0.0,-9999.0,18.4,97.0
201210091900,201210091930,2.17636,0.0,0.025,0.2,17.51,1.24935,-0.529686,2.68111,0.001781,0.0,-9999.0,18.4,99.0
201210091930,201210092000,3.75411,0.0,0.014,1.754,17.23,1.22424,-2.13509,2.62638,0.000991,0.0,-9999.0,18.4,91.0795
201210092000,201210092030,1.09103,0.0,0.001,1.712,17.32,1.22128,0.523535,2.61893,7e-05,0.0,-9999.0,18.39,91.3466
201210092030,201210092100,3.13439,0.0,0.006,1.847,17.33,1.21355,-1.52929,2.60129,0.00042,0.0,-9999.0,18.37,90.6682
201210092100,201210092130,2.35738,0.0,0.006,1.714,17.02,1.18716,-0.781349,2.54388,0.000417,0.0,-9999.0,18.36,91.1686
201210092130,201210092200,1.62483,0.0,0.005,1.608,16.87,1.17031,-0.067877,2.50683,0.000345,0.0,-9999.0,18.34,91.6366
201210092200,201210092230,-9999.0,1.0,0.002,1.632,16.66,1.15019,-0.189027,2.46282,0.000137,0.0,-9999.0,18.32,91.3986
201210092230,201210092300,-9999.0,1.0,0.005,1.575,16.22,1.11734,-0.272123,2.39174,0.000341,0.0,-9999.0,18.29,91.4588
201210092300,201210092330,-9999.0,1.0,0.002,1.593,16.01,1.09777,-0.317509,2.34897,0.000135,0.0,-9999.0,18.27,91.2496
201210092330,201210100000,-9999.0,1.0,0.001,1.554,15.91,1.08447,-0.2993,2.31955,6.7e-05,0.0,-9999.0,18.24,91.4058
201210100000,201210100030,0.76524,0.0,0.002,1.344,16.01,1.08218,0.691777,2.31355,0.000134,0.0,-9999.0,18.22,92.616
201210100030,201210100100,6.45791,0.0,0.0,1.772,15.96,1.07167,-5.01337,2.29007,0.0,0.0,-9999.0,18.19,90.2342
201210100100,201210100130,-0.244471,0.0,0.013,1.439,15.31,1.02907,1.64209,2.19842,0.000857,0.0,-9999.0,18.16,91.7322
201210100130,201210100200,-0.702835,0.0,0.005,1.261,15.45,1.02896,2.09913,2.19706,0.000328,0.0,-9999.0,18.13,92.8167
201210100200,201210100230,-9999.0,1.0,0.004,2.087,14.87,0.991038,-0.380575,2.11543,0.00026,0.0,-9999.0,18.1,87.6613
201210100230,201210100300,-9999.0,1.0,0.032,1.408,14.4,0.959531,-0.282577,2.04747,0.002068,0.0,-9999.0,18.07,91.4188
201210100300,201210100330,-9999.0,1.0,0.061,1.811,14.32,0.948301,-0.227103,2.02256,0.003915,0.0,-9999.0,18.04,88.9066
201210100330,201210100400,-9999.0,1.0,0.109,1.593,14.07,0.937325,-0.058802,1.97973,0.006946,0.0,-9999.0,18.0,90.0837
201210100400,201210100430,-1.9934,0.0,0.117,1.217,14.07,0.93899,3.2673,1.96371,0.007404,0.0,-9999.0,17.97,92.4216
201210100430,201210100500,-0.50509,0.0,0.015,1.413,14.43,0.958974,1.78966,1.98542,0.000943,0.0,-9999.0,17.93,91.4086
201210100500,201210100530,-2.77542,0.0,0.005,1.191,14.91,0.985349,4.07693,2.0194,0.000312,0.0,-9999.0,17.9,92.9785
201210100530,201210100600,1.96227,0.0,0.07,1.617,14.69,0.975729,-0.68172,1.97973,0.004338,0.0,-9999.0,17.86,90.3318
201210100600,201210100630,4.30477,0.0,3.185,1.676,14.11,0.947688,-3.06408,1.90373,0.193992,2.48205,-9999.0,17.82,89.5917
201210100630,201210100700,-9999.0,1.0,14.42,1.142,14.49,0.96885,-0.264468,1.92623,0.841721,90.7973,-9999.0,17.78,93.0791
201210100700,201210100730,-9999.0,1.0,31.03,1.194,15.0,0.996997,-0.240465,1.9616,1.71212,218.61,-9999.0,17.75,93.0
201210100730,201210100800,-2.66597,0.0,162.7,0.652,15.59,1.02972,3.95732,2.00476,6.52119,340.821,-9999.0,17.71,96.3213
201210100800,201210100830,-8.98699,0.0,255.2,1.253,16.82,1.09732,10.3333,2.11347,8.60896,455.337,-9999.0,17.68,93.461
201210100830,201210100900,-10.9541,0.0,214.5,2.208,17.64,1.14397,12.3445,2.17982,7.72835,560.201,-9999.0,17.65,89.0593
201210100900,201210100930,-11.0978,0.0,305.0,0.021,18.57,1.19754,12.5383,2.25732,9.43974,653.617,-9999.0,17.63,99.9
201210100930,201210101000,-11.8015,0.0,496.5,1.984,19.97,1.27882,13.3177,2.38414,11.909,733.987,-9999.0,17.61,91.5
201210101000,201210101030,-8.58892,0.0,531.6,3.965,21.35,1.36082,10.1804,2.50909,12.2244,799.936,-9999.0,17.6,84.4
201210101030,201210101100,-9.41641,0.0,453.0,6.603,22.65,1.43981,11.0793,2.62539,11.377,850.336,-9999.0,17.6,76.0
201210101100,201210101130,-9.60565,0.0,448.0,8.34,23.1,1.46916,11.2939,2.64961,11.2879,884.325,-9999.0,17.62,70.5
201210101130,201210101200,-10.3608,0.0,468.0,9.826,24.01,1.52655,12.0997,2.72251,11.4812,901.32,-9999.0,17.64,67.1
201210101200,201210101230,-10.1691,0.0,589.5,11.438,24.51,1.55961,11.9363,2.75058,12.4797,901.031,-9999.0,17.67,62.83
201210101230,201210101300,-6.87203,0.0,211.0,12.321,24.98,1.5911,8.66597,2.77473,7.28989,883.463,-9999.0,17.71,61.07
201210101300,201210101330,-3.91115,0.0,189.1,10.982,24.48,1.56315,5.67859,2.69583,6.8144,848.917,-9999.0,17.75,64.25
201210101330,201210101400,-2.17777,0.0,79.9,8.882,23.53,1.50789,3.89407,2.57179,3.58121,797.983,-9999.0,17.79,69.39
201210101400,201210101430,-9999.0,1.0,199.2,8.158,23.19,1.48985,5.82335,2.51238,7.02468,731.533,-9999.0,17.85,71.3
201210101430,201210101500,-9999.0,1.0,339.8,12.124,25.28,1.62063,6.52911,2.70044,9.50969,650.705,-9999.0,17.89,62.37
201210101500,201210101530,-5.45165,0.0,434.7,13.934,26.09,1.67395,7.31156,2.75666,10.6326,556.88,-9999.0,17.93,58.78
201210101530,201210101600,-6.43725,0.0,338.2,13.279,25.73,1.65425,8.27827,2.69275,9.37555,451.665,-9999.0,17.97,59.87
201210101600,201210101630,-1.26655,0.0,237.7,10.721,24.84,1.60157,3.05946,2.57691,7.70508,336.86,-9999.0,18.01,65.84
201210101630,201210101700,-9999.0,1.0,134.7,8.518,23.79,1.53937,3.72466,2.44811,5.20563,214.428,-9999.0,18.05,71.1
201210101700,201210101730,-9999.0,1.0,45.68,6.352,22.57,1.46738,-1.29649,2.30643,2.11352,86.4657,-9999.0,18.1,76.8
201210101730,201210101800,-9999.0,1.0,3.652,3.903,20.99,1.37475,-0.989185,2.13563,0.185878,1.70286,-9999.0,18.13,84.3
201210101800,201210101830,-0.39798,0.0,0.051,1.955,19.92,1.31368,1.92523,2.01652,0.002598,0.0,-9999.0,18.16,91.6
201210101830,201210101900,5.08709,0.0,0.016,0.81,19.37,1.28363,-3.58881,1.94655,0.000808,0.0,-9999.0,18.19,96.4
201210101900,201210101930,-9999.0,1.0,0.009,0.281,18.74,1.2491,-0.504683,1.8711,0.000451,0.0,-9999.0,18.21,98.7
201210101930,201210102000,-9999.0,1.0,0.01,0.021,18.26,1.22344,-0.53891,1.81004,0.000496,0.0,-9999.0,18.22,99.9
201210102000,201210102030,-9999.0,1.0,0.003,1.376,18.1,1.21627,-0.699595,1.77688,0.000148,0.0,-9999.0,18.23,93.3752
201210102030,201210102100,-9999.0,1.0,0.0,1.413,18.36,1.23334,-0.754165,1.77883,0.0,0.0,-9999.0,18.23,93.3082
201210102100,201210102130,-9999.0,1.0,0.002,1.521,18.07,1.21862,-0.699698,1.73521,9.7e-05,0.0,-9999.0,18.23,92.6632
201210102130,201210102200,-9999.0,1.0,0.001,1.775,17.41,1.18269,-0.666522,1.66256,4.8e-05,0.0,-9999.0,18.22,91.076
201210102200,201210102230,-9999.0,1.0,0.0,1.641,17.0,1.16125,-0.51862,1.61127,0.0,0.0,-9999.0,18.21,91.5331
201210102230,201210102300,-9999.0,1.0,0.003,1.101,17.11,1.16946,-0.618839,1.60122,0.000141,0.0,-9999.0,18.2,94.3582
201210102300,201210102330,-9999.0,1.0,0.002,1.202,16.84,1.156,-0.3825,1.56181,9.3e-05,0.0,-9999.0,18.19,93.7335
201210102330,201210110000,-9999.0,1.0,0.002,1.685,16.47,1.13688,-0.257975,1.51547,9.2e-05,0.0,-9999.0,18.17,91.009
201210110000,201210110030,-9999.0,1.0,0.003,1.184,16.35,1.13197,-0.427647,1.48845,0.000137,0.0,-9999.0,18.15,93.6324
201210110030,201210110100,-9999.0,1.0,0.001,1.479,15.92,1.10954,-0.390565,1.46409,4.6e-05,0.0,-9999.0,18.13,91.8279
201210110100,201210110130,-9999.0,1.0,0.0,1.262,16.21,1.12777,-0.388854,1.49336,0.0,0.0,-9999.0,18.11,93.1519
201210110130,201210110200,-9999.0,1.0,0.0,1.536,16.43,1.14214,-0.182094,1.51791,0.0,0.0,-9999.0,18.09,91.781
201210110200,201210110230,-9999.0,1.0,0.0,1.613,16.39,1.14174,-0.183524,1.52263,0.0,0.0,-9999.0,18.07,91.3514
201210110230,201210110300,-9999.0,1.0,0.0,1.484,16.07,1.12539,-0.37865,1.50529,0.0,0.0,-9999.0,18.05,91.8784
201210110300,201210110330,-9999.0,1.0,0.003,1.908,15.69,1.10569,-0.355485,1.48278,0.000137,0.0,-9999.0,18.03,89.2994
201210110330,201210110400,-9999.0,1.0,0.005,1.615,15.08,1.07317,-0.465714,1.44174,0.000229,0.0,-9999.0,18.01,90.5807
201210110400,201210110430,-9999.0,1.0,0.064,1.94,14.59,1.0476,-0.380208,1.40969,0.002936,0.0,-9999.0,17.98,88.3245
201210110430,201210110500,-9999.0,1.0,0.058,1.879,14.29,1.03268,-0.59578,1.39219,0.002662,0.0,-9999.0,17.95,88.4711
201210110500,201210110530,-9999.0,1.0,0.142,1.925,13.87,1.01122,-0.408484,1.3649,0.006521,0.0,-9999.0,17.93,87.8625
201210110530,201210110600,-9999.0,1.0,0.17,1.837,13.55,0.995342,-0.424622,1.34516,0.007812,0.0,-9999.0,17.9,88.1703
201210110600,201210110630,-9999.0,1.0,3.042,1.601,13.62,1.00079,-0.420326,1.35608,0.138995,1.41318,-9999.0,17.87,89.7358
201210110630,201210110700,-9999.0,1.0,35.02,1.099,13.53,0.997483,-0.122662,1.35423,1.49581,84.5817,-9999.0,17.83,92.9156
201210110700,201210110730,-9999.0,1.0,112.1,0.507,14.43,1.04892,3.74951,1.4335,4.13403,212.368,-9999.0,17.8,96.9195
201210110730,201210110800,-9999.0,1.0,193.9,0.511,15.46,1.10884,9.39263,1.52726,6.24312,334.552,-9999.0,17.76,97.0926
201210110800,201210110830,-9999.0,1.0,278.5,1.834,16.95,1.19701,11.2034,1.66667,7.92386,449.044,-9999.0,17.72,90.5084
201210110830,201210110900,-9999.0,1.0,241.0,0.538,18.66,1.30103,9.80028,1.83484,7.22669,553.885,-9999.0,17.69,97.5
201210110900,201210110930,-9999.0,1.0,434.1,3.004,20.18,1.39633,12.2728,1.9941,10.1647,647.282,-9999.0,17.66,87.3
201210110930,201210111000,-11.3849,0.0,508.5,5.857,21.96,1.51049,13.0501,2.18909,10.9729,727.635,-9999.0,17.64,77.8
201210111000,201210111030,-11.2398,0.0,508.7,7.474,22.75,1.5635,12.9499,2.2876,10.9663,793.57,-9999.0,17.62,73.0
201210111030,201210111100,-11.0291,0.0,454.8,8.985,23.48,1.61325,12.7809,2.38288,10.3831,843.96,-9999.0,17.62,68.94
201210111100,201210111130,-9.86225,0.0,326.7,9.54,23.81,1.63736,11.6334,2.43601,8.69199,877.941,-9999.0,17.63,67.67
201210111130,201210111200,-4.5368,0.0,419.0,10.9,24.37,1.67674,6.34034,2.51679,9.94864,894.933,-9999.0,17.66,64.28
201210111200,201210111230,-12.6543,0.0,435.9,13.178,25.06,1.7251,14.4976,2.61524,10.1439,894.644,-9999.0,17.69,58.56
201210111230,201210111300,-11.574,0.0,400.1,14.122,25.88,1.78265,13.4645,2.73257,9.70045,877.08,-9999.0,17.73,57.7
201210111300,201210111330,-9.4028,0.0,374.6,11.126,24.68,1.70531,11.2266,2.6058,9.36068,842.541,-9999.0,17.77,64.21
201210111330,201210111400,-7.25371,0.0,307.5,11.214,24.63,1.7047,9.07564,2.61741,8.37047,791.618,-9999.0,17.82,63.82
201210111400,201210111430,-5.87437,0.0,247.7,10.12,23.87,1.65701,7.65445,2.54213,7.32856,725.182,-9999.0,17.87,65.83
201210111430,201210111500,-10.0852,0.0,219.3,9.861,23.65,1.6451,11.8538,2.53176,6.76769,644.37,-9999.0,17.92,66.26
201210111500,201210111530,-9999.0,1.0,89.3,8.982,22.97,1.60295,1.54576,2.46467,3.44141,550.566,-9999.0,17.97,67.98
201210111530,201210111600,-9999.0,1.0,90.9,7.147,22.26,1.55907,0.873731,2.39338,3.49291,445.373,-9999.0,18.02,73.4
201210111600,201210111630,-9999.0,1.0,59.07,5.982,21.87,1.53616,-0.61054,2.3603,2.41825,330.592,-9999.0,18.07,77.2
201210111630,201210111700,0.932119,0.0,29.5,4.688,21.39,1.50749,0.713336,2.31576,1.2863,208.186,-9999.0,18.11,81.6
201210111700,201210111730,3.42515,0.0,11.11,3.375,20.96,1.48213,-1.80286,2.27676,0.505077,80.251,-9999.0,18.14,86.4
201210111730,201210111800,-9999.0,1.0,0.728,2.621,20.45,1.45172,-0.697144,2.22762,0.033925,0.840697,-9999.0,18.17,89.1
201210111800,201210111830,-9999.0,1.0,0.0,2.144,19.94,1.42145,-0.492245,2.17808,0.0,0.0,-9999.0,18.19,90.8
201210111830,201210111900,-9999.0,1.0,0.001,1.696,19.67,1.40651,-0.555132,2.157,4.7e-05,0.0,-9999.0,18.21,92.6
201210111900,201210111930,-9999.0,1.0,0.0,1.525,19.56,1.40172,-0.560442,2.15489,0.0,0.0,-9999.0,18.22,93.3
201210111930,201210112000,-9999.0,1.0,0.001,1.361,19.51,1.40073,-0.568982,2.1599,4.7e-05,0.0,-9999.0,18.23,94.0
201210112000,201210112030,-9999.0,1.0,0.018,1.168,19.35,1.39274,-0.527544,2.15127,0.000843,0.0,-9999.0,18.24,94.8
201210112030,201210112100,-9999.0,1.0,0.006,0.71,19.16,1.38285,-0.443791,2.13869,0.000281,0.0,-9999.0,18.24,96.8
201210112100,201210112130,-8.99048,0.0,0.011,1.77,18.88,1.36727,10.5035,2.1147,0.000516,0.0,-9999.0,18.25,91.886
201210112130,201210112200,-9999.0,1.0,0.011,1.787,18.81,1.36496,-0.567823,2.11636,0.000516,0.0,-9999.0,18.25,91.773
201210112200,201210112230,-9999.0,1.0,0.001,1.684,18.66,1.35758,-0.575363,2.1079,4.7e-05,0.0,-9999.0,18.25,92.176
201210112230,201210112300,-9999.0,1.0,0.0,1.677,18.38,1.342,-0.631064,2.08297,0.0,0.0,-9999.0,18.24,92.071
201210112300,201210112330,-9999.0,1.0,0.0,1.245,18.34,1.34155,-0.632515,2.08776,0.0,0.0,-9999.0,18.24,94.0956
201210112330,201210120000,4.93625,0.0,0.0,1.351,18.23,1.33668,-3.45537,2.08363,0.0,0.0,-9999.0,18.23,93.5523
201210120000,201210120030,-0.744551,0.0,0.0,1.315,18.29,1.34252,2.22951,2.10092,0.0,0.0,-9999.0,18.22,93.7452
201210120030,201210120100,2.79732,0.0,0.039,1.299,18.33,1.34711,-1.30938,2.11578,0.001836,0.0,-9999.0,18.22,93.8377
201210120100,201210120130,0.34211,0.0,0.086,0.992,18.51,1.3606,1.15658,2.14896,0.004052,0.0,-9999.0,18.21,95.3484
201210120130,201210120200,-9999.0,1.0,0.051,0.75,18.59,1.36778,-0.467675,2.16945,0.002405,0.0,-9999.0,18.2,96.4997
201210120200,201210120230,1.99966,0.0,0.0,0.639,18.64,1.37306,-0.492204,2.18614,0.0,0.0,-9999.0,18.19,97.0253
201210120230,201210120300,0.997912,0.0,0.0,0.595,18.68,1.37772,0.512542,2.20161,0.0,0.0,-9999.0,18.18,97.2386
201210120300,201210120330,1.29631,0.0,0.0,0.611,18.58,1.3734,0.209347,2.19821,0.0,0.0,-9999.0,18.18,97.1446
201210120330,201210120400,0.7329,0.0,0.0,0.504,18.57,1.37485,0.772969,2.20688,0.0,0.0,-9999.0,18.17,97.6426
201210120400,201210120430,1.10478,0.0,0.0,0.439,18.72,1.38658,0.410221,2.23753,0.0,0.0,-9999.0,18.16,97.9664
201210120430,201210120500,-9999.0,1.0,0.005,0.0,18.72,1.38868,-0.348006,2.2477,0.000237,0.0,-9999.0,18.16,100.0
201210120500,201210120530,-9999.0,1.0,0.0,0.0,18.16,1.35478,-0.388097,2.18018,0.0,0.0,-9999.0,18.16,100.0
201210120530,201210120600,-0.314519,0.0,0.0,0.0,17.95,1.34338,1.78893,2.16077,0.0,0.0,-9999.0,18.16,100.0
201210120600,201210120630,0.343518,0.0,0.46,0.0,17.59,1.32244,1.11164,2.12055,0.021788,1.17318,-9999.0,18.15,100.0
201210120630,201210120700,-1.19814,0.0,4.953,0.0,17.72,1.33272,2.66126,2.1475,0.232112,82.7065,-9999.0,18.15,100.0
201210120700,201210120730,0.435219,0.0,13.52,0.0,17.73,1.33537,1.0292,2.15802,0.620682,210.308,-9999.0,18.14,100.0
201210120730,201210120800,-9999.0,1.0,26.65,0.0,17.57,1.32714,-0.176503,2.14471,1.18598,332.238,-9999.0,18.13,100.0
201210120800,201210120830,-9999.0,1.0,50.14,0.0,17.76,1.3413,-0.578861,2.18053,2.11434,446.411,-9999.0,18.12,100.0
201210120830,201210120900,-9999.0,2.0,85.1,0.0,18.1,1.36522,3.82762,2.23855,3.32769,550.872,-9999.0,18.11,100.0
201210120900,201210120930,-9999.0,1.0,140.8,0.0,18.89,1.41871,6.45867,2.36467,4.93267,643.834,-9999.0,18.1,100.0
201210120930,201210121000,2.08427,0.0,304.0,0.0,19.91,1.48829,-0.493789,2.5314,8.15889,723.707,-9999.0,18.09,100.0
201210121000,201210121030,-9999.0,1.0,440.1,0.0,20.78,1.54893,11.5857,2.68148,9.87979,789.125,-9999.0,18.09,100.0
201210121030,201210121100,-9999.0,1.0,329.6,1.708,21.16,1.57701,7.95252,2.75622,8.5243,838.967,-9999.0,18.09,93.2
201210121100,201210121130,-5.35054,0.0,548.2,4.168,22.38,1.6631,7.08393,2.97544,10.877,872.381,-9999.0,18.1,84.6
201210121130,201210121200,-9999.0,1.0,156.4,6.681,22.37,1.66488,3.21741,2.98825,5.32164,888.796,-9999.0,18.12,75.3
201210121200,201210121230,-9999.0,1.0,585.6,8.447,22.78,1.69586,9.8328,3.07486,11.1547,887.93,-9999.0,18.14,69.54
201210121230,201210121300,-0.855259,0.0,287.1,10.006,23.27,1.73269,2.64232,3.17786,7.87554,869.798,-9999.0,18.17,64.97
201210121300,201210121330,-9999.0,1.0,484.8,10.814,23.53,1.75356,10.2511,3.24112,10.2815,834.71,-9999.0,18.2,62.73
201210121330,201210121400,-9999.0,1.0,402.8,10.726,23.65,1.76463,9.28833,3.27942,9.42169,783.268,-9999.0,18.23,63.3
201210121400,201210121430,-9999.0,1.0,308.9,9.594,22.99,1.72064,5.9191,3.17354,8.19663,716.35,-9999.0,18.26,65.84
201210121430,201210121500,-0.12246,0.0,396.3,10.155,23.42,1.75353,1.92178,3.26878,9.33436,635.102,-9999.0,18.3,64.77
201210121500,201210121530,1.17105,0.0,347.2,9.814,23.38,1.75327,0.62687,3.27719,8.7215,540.915,-9999.0,18.34,65.87
201210121530,201210121600,-0.565707,0.0,291.7,8.989,23.05,1.73247,2.34553,3.23086,7.92611,435.399,-9999.0,18.37,68.11
201210121600,201210121630,-0.393095,0.0,219.3,7.914,22.46,1.69339,2.13986,3.13578,6.67442,320.361,-9999.0,18.4,70.9
201210121630,201210121700,-9999.0,1.0,98.9,6.942,22.03,1.66569,1.09095,3.07059,3.7667,197.768,-9999.0,18.44,73.8
201210121700,201210121730,-9999.0,1.0,23.91,4.794,20.89,1.58878,-1.0057,2.87674,1.08083,69.7178,-9999.0,18.47,80.6
201210121730,201210121800,-9999.0,1.0,1.369,2.74,19.48,1.49453,-0.535673,2.64118,0.06561,0.0742034,-9999.0,18.49,87.9
201210121800,201210121830,-9999.0,1.0,0.0,1.646,18.76,1.44808,-0.531646,2.52926,0.0,0.0,-9999.0,18.5,92.4
201210121830,201210121900,-9999.0,1.0,0.001,1.051,18.29,1.41869,-0.566364,2.46043,4.8e-05,0.0,-9999.0,18.51,95.0
201210121900,201210121930,-9999.0,1.0,0.002,0.358,17.4,1.36168,-0.307851,2.3233,9.6e-05,0.0,-9999.0,18.51,98.2
201210121930,201210122000,-9999.0,1.0,0.005,0.0,16.98,1.33604,-0.34189,2.26411,0.000241,0.0,-9999.0,18.5,100.0
201210122000,201210122030,-9999.0,1.0,0.001,0.0,16.68,1.31834,-0.198783,2.22431,4.8e-05,0.0,-9999.0,18.49,100.0
201210122030,201210122100,-9999.0,1.0,0.001,1.698,16.32,1.29679,-0.233024,2.17501,4.8e-05,0.0,-9999.0,18.47,-9999.0
201210122100,201210122130,-9999.0,1.0,0.001,1.698,16.37,1.30191,-0.229527,2.19072,4.8e-05,0.0,-9999.0,18.45,-9999.0
201210122130,201210122200,-9999.0,1.0,0.001,1.697,16.03,1.28169,-0.247795,2.14433,4.8e-05,0.0,-9999.0,18.42,-9999.0
201210122200,201210122230,-9999.0,1.0,0.003,1.696,15.55,1.25253,-0.273814,2.07619,0.000145,0.0,-9999.0,18.39,-9999.0
201210122230,201210122300,-9999.0,1.0,0.0,0.0,15.4,1.24469,-0.488031,2.05977,0.0,0.0,-9999.0,18.36,100.0
201210122300,201210122330,-9999.0,1.0,0.001,1.703,15.08,1.22596,-0.298529,2.01686,4.8e-05,0.0,-9999.0,18.33,-9999.0
201210122330,201210130000,-9999.0,1.0,0.003,1.704,14.82,1.21111,-0.31225,1.98329,0.000145,0.0,-9999.0,18.29,-9999.0
201210130000,201210130030,-9999.0,1.0,0.003,0.0,14.63,1.20075,-0.504418,1.96045,0.000145,0.0,-9999.0,18.25,100.0
201210130030,201210130100,-9999.0,1.0,0.0,1.701,14.32,1.18281,-0.338533,1.93244,0.0,0.0,-9999.0,18.21,-9999.0
201210130100,201210130130,-9999.0,1.0,0.001,0.0,14.31,1.18386,-0.720584,1.95003,4.9e-05,0.0,-9999.0,18.17,100.0
201210130130,201210130200,-9999.0,1.0,0.0,0.0,14.34,1.18745,-0.71828,1.97387,0.0,0.0,-9999.0,18.13,100.0
201210130200,201210130230,-9999.0,1.0,0.001,0.0,14.51,1.19995,-0.747741,2.02027,4.9e-05,0.0,-9999.0,18.09,100.0
201210130230,201210130300,-9999.0,1.0,0.0,1.691,14.23,1.18384,-0.35724,1.9945,0.0,0.0,-9999.0,18.04,-9999.0
201210130300,201210130330,-9999.0,1.0,0.0,1.686,14.68,1.21425,-0.243307,2.0875,0.0,0.0,-9999.0,18.0,-9999.0
201210130330,201210130400,-9999.0,1.0,0.0,1.683,14.63,1.21276,-0.245419,2.09898,0.0,0.0,-9999.0,17.95,-9999.0
201210130400,201210130430,-9999.0,1.0,0.0,1.68,14.6,1.21255,-0.246424,2.11367,0.0,0.0,-9999.0,17.91,-9999.0
201210130430,201210130500,-11.7825,0.0,0.0,1.675,15.13,1.24852,13.1326,2.22573,0.0,0.0,-9999.0,17.87,-9999.0
201210130500,201210130530,-9999.0,1.0,0.0,1.67,15.53,1.27641,-0.193298,2.31871,0.0,0.0,-9999.0,17.83,-9999.0
201210130530,201210130600,-9999.0,1.0,0.054,1.669,15.59,1.28215,-0.189256,2.35154,0.00275,0.0,-9999.0,17.8,-9999.0
201210130600,201210130630,-9999.0,1.0,1.472,1.7,15.45,1.27475,-0.196408,2.34734,0.074998,0.48254,-9999.0,17.76,-9999.0
201210130630,201210130700,-9999.0,1.0,13.96,1.78,15.51,1.28049,-0.159148,2.38022,0.689717,76.5211,-9999.0,17.74,-9999.0
201210130700,201210130730,-9999.0,1.0,43.2,2.017,15.66,1.29218,-0.308275,2.43066,1.98287,204.085,-9999.0,17.71,-9999.0
201210130730,201210130800,-9999.0,1.0,102.5,5.173,15.98,1.31524,1.31355,2.5154,4.09998,325.979,-9999.0,17.68,-9999.0
201210130800,201210130830,-9999.0,1.0,90.7,4.999,16.51,1.35259,1.3367,2.64537,3.73925,440.118,-9999.0,17.66,-9999.0
201210130830,201210130900,-9999.0,1.0,149.0,5.299,17.05,1.39106,3.91591,2.78264,5.43777,544.548,-9999.0,17.64,-9999.0
201210130900,201210130930,-4.41999,0.0,372.2,9.852,18.26,1.47631,5.95346,3.07498,9.3892,637.483,-9999.0,17.62,-9999.0
201210130930,201210131000,1.10534,0.0,529.7,0.0,19.82,1.58832,0.518682,3.47314,10.9866,717.333,-9999.0,17.6,100.0
201210131000,201210131030,-9999.0,1.0,571.2,3.271,21.31,1.69805,8.68592,3.88619,11.3378,782.731,-9999.0,17.59,87.1
201210131030,201210131100,-9999.0,1.0,489.1,7.603,22.79,1.80948,10.3491,4.32829,10.6902,832.559,-9999.0,17.59,72.6
201210131100,201210131130,-9999.0,1.0,294.4,9.729,23.1,1.83512,6.43615,4.45932,8.42302,865.963,-9999.0,17.61,65.59
201210131130,201210131200,3.60219,0.0,587.3,10.519,23.3,1.85265,-1.77177,4.56118,11.4932,882.373,-9999.0,17.63,63.24
201210131200,201210131230,-3.08795,0.0,469.5,11.854,23.99,1.90726,4.9599,4.81261,10.4511,881.507,-9999.0,17.66,60.26
201210131230,201210131300,-1.88312,0.0,375.2,9.945,23.33,1.86003,3.71712,4.65846,9.60027,863.38,-9999.0,17.7,65.31
201210131300,201210131330,-4.07945,0.0,300.1,9.806,22.73,1.81753,5.87906,4.52221,8.60445,828.303,-9999.0,17.74,64.53
201210131330,201210131400,-9999.0,1.0,257.6,9.646,22.31,1.78864,6.29465,4.43895,7.93569,776.876,-9999.0,17.79,64.21
201210131400,201210131430,-9999.0,1.0,396.2,9.562,22.3,1.79036,7.57429,4.47669,9.92392,709.978,-9999.0,17.84,64.5
201210131430,201210131500,-9.5736,0.0,450.9,10.291,23.05,1.84914,11.3947,4.74775,10.5104,628.754,-9999.0,17.89,63.49
201210131500,201210131530,-7.49628,0.0,337.2,9.642,22.61,1.81852,9.29238,4.65355,9.2345,534.595,-9999.0,17.93,64.87
201210131530,201210131600,-5.39239,0.0,334.5,8.989,22.5,1.81274,7.1829,4.66091,9.22185,429.11,-9999.0,17.97,67.03
201210131600,201210131630,0.327561,0.0,98.9,7.32,21.18,1.71672,1.38632,4.2966,4.2305,314.105,-9999.0,18.01,70.9
201210131630,201210131700,3.18709,0.0,40.99,6.334,19.93,1.62724,-1.5454,3.96508,2.03489,191.548,-9999.0,18.05,72.8
201210131700,201210131730,4.45499,0.0,9.95,5.409,18.81,1.54847,-2.87756,3.68109,0.541474,63.5362,-9999.0,18.08,75.1
201210131730,201210131800,-9999.0,1.0,1.155,3.963,17.67,1.46946,-0.426801,3.40108,0.064799,0.0,-9999.0,18.11,80.4
201210131800,201210131830,-9999.0,1.0,0.082,2.853,16.7,1.40354,-0.265936,3.17455,0.004634,0.0,-9999.0,18.12,85.0
201210131830,201210131900,-9999.0,1.0,0.151,2.114,16.03,1.35914,-0.291528,3.02926,0.008565,0.0,-9999.0,18.13,88.4
201210131900,201210131930,-9999.0,1.0,0.14,1.296,15.41,1.31857,-0.245595,2.89867,0.007973,0.0,-9999.0,18.13,92.6
201210131930,201210132000,-9999.0,1.0,0.116,0.568,15.14,1.30202,-0.306042,2.85424,0.006632,0.0,-9999.0,18.11,96.7
201210132000,201210132030,-9999.0,1.0,0.118,0.118,14.77,1.27877,-0.262551,2.7855,0.006773,0.0,-9999.0,18.09,99.3
201210132030,201210132100,-9999.0,1.0,0.124,1.961,14.6,1.26906,-0.200114,2.76464,0.007145,0.0,-9999.0,18.07,88.2042
201210132100,201210132130,-9999.0,1.0,0.125,1.519,14.49,1.26337,-0.429024,2.75784,0.00723,0.0,-9999.0,18.04,90.8005
201210132130,201210132200,-9999.0,1.0,0.017,1.917,14.82,1.28734,-0.247389,2.8581,0.000987,0.0,-9999.0,18.0,88.6335
201210132200,201210132230,-9999.0,1.0,0.038,2.002,14.69,1.28027,-0.193061,2.84603,0.002216,0.0,-9999.0,17.97,88.0253
201210132230,201210132300,-9999.0,1.0,0.073,2.04,14.2,1.24898,-0.287322,2.74535,0.004272,0.0,-9999.0,17.93,87.4087
201210132300,201210132330,-9999.0,1.0,0.062,1.801,13.91,1.23125,-0.193302,2.6938,0.003642,0.0,-9999.0,17.89,88.6725
201210132330,201210140000,-9999.0,1.0,0.181,1.639,13.46,1.20298,-0.092494,2.60419,0.01067,0.0,-9999.0,17.86,89.3837
201210140000,201210140030,-9999.0,1.0,0.111,1.1,13.52,1.20857,-0.220131,2.63594,0.00657,0.0,-9999.0,17.82,92.9059
201210140030,201210140100,-9999.0,1.0,0.089,1.634,13.41,1.20289,-0.094038,2.62699,0.005288,0.0,-9999.0,17.78,89.3805
201210140100,201210140130,-9999.0,1.0,0.041,1.229,13.44,1.20648,-0.091734,2.65157,0.002445,0.0,-9999.0,17.73,92.0275
201210140130,201210140200,-9999.0,1.0,0.036,1.324,13.62,1.22009,-0.22375,2.71313,0.002155,0.0,-9999.0,17.69,91.5109
201210140200,201210140230,-9999.0,1.0,0.05,1.451,13.34,1.20305,-0.064662,2.66176,0.003005,0.0,-9999.0,17.65,90.5286
201210140230,201210140300,-9999.0,1.0,0.065,1.199,13.17,1.19336,-0.02994,2.63721,0.00392,0.0,-9999.0,17.61,92.0859
201210140300,201210140330,-9999.0,1.0,0.062,1.188,13.11,1.19096,0.114524,2.63932,0.003753,0.0,-9999.0,17.56,92.1285
201210140330,201210140400,-9999.0,1.0,0.109,1.644,13.01,1.18591,0.109552,2.63141,0.006622,0.0,-9999.0,17.52,89.0331
201210140400,201210140430,-9999.0,1.0,0.211,1.708,12.59,1.15976,0.008495,2.54529,0.012861,0.0,-9999.0,17.47,88.286
201210140430,201210140500,-9999.0,1.0,0.274,1.236,12.53,1.15734,0.076109,2.5465,0.016759,0.0,-9999.0,17.43,91.49
201210140500,201210140530,-9999.0,1.0,0.215,0.71,12.84,1.17934,0.064602,2.63855,0.0132,0.0,-9999.0,17.39,95.2092
201210140530,201210140600,-9999.0,1.0,0.099,1.328,13.14,1.20086,0.026829,2.73064,0.006103,0.0,-9999.0,17.34,91.2152
201210140600,201210140630,-9999.0,1.0,2.195,1.515,12.77,1.1778,0.02095,2.65337,0.134876,0.101977,-9999.0,17.3,89.7324
201210140630,201210140700,-9999.0,1.0,28.13,1.356,12.66,1.17206,-0.142656,2.6417,1.60008,70.3544,-9999.0,17.26,90.7462
201210140700,201210140730,-9999.0,1.0,101.4,0.91,12.98,1.1949,3.92263,2.73948,4.74711,197.876,-9999.0,17.22,93.9169
201210140730,201210140800,-9999.0,1.0,180.3,0.807,14.47,1.29774,8.17287,3.16154,7.09436,319.729,-9999.0,17.18,95.1034
201210140800,201210140830,-9999.0,1.0,184.6,1.578,15.81,1.39329,8.84952,3.57949,7.21991,433.829,-9999.0,17.14,91.2197
201210140830,201210140900,-7.36908,0.0,191.8,2.149,17.02,1.482,8.8659,3.99039,7.4133,538.225,-9999.0,17.1,88.925
201210140900,201210140930,-10.6581,0.0,414.5,0.534,18.54,1.59581,12.2445,4.54323,11.0966,631.129,-9999.0,17.07,97.5
201210140930,201210141000,-9999.0,1.0,403.1,4.402,20.19,1.72256,10.0008,5.19571,10.9902,710.952,-9999.0,17.04,81.4
201210141000,201210141030,-9999.0,1.0,389.0,6.072,20.74,1.76708,8.47717,5.44991,10.8462,776.328,-9999.0,17.03,75.2
201210141030,201210141100,-7.66671,0.0,289.3,6.507,20.85,1.77789,9.39214,5.53061,9.44403,826.139,-9999.0,17.02,73.6
201210141100,201210141130,-13.3003,0.0,438.8,7.124,21.25,1.81128,15.0504,5.73352,11.4669,859.532,-9999.0,17.03,71.8
201210141130,201210141200,-10.1174,0.0,550.9,8.353,21.96,1.86927,11.9108,6.07663,12.5345,875.936,-9999.0,17.05,68.34
201210141200,201210141230,-6.14803,0.0,516.0,8.85,22.13,1.88511,7.9525,6.19138,12.267,875.07,-9999.0,17.08,66.8
201210141230,201210141300,-3.54844,0.0,165.1,7.908,21.5,1.83792,5.31604,5.95352,6.89465,856.95,-9999.0,17.11,69.17
201210141300,201210141330,-2.65881,0.0,413.5,8.613,22.12,1.8892,4.46443,6.26713,11.2888,821.884,-9999.0,17.16,67.67
201210141330,201210141400,-8.45564,0.0,448.1,9.801,22.56,1.92662,10.2886,6.50873,11.694,770.474,-9999.0,17.21,64.18
201210141400,201210141430,-8.18801,0.0,582.4,11.379,23.39,1.99569,10.0718,6.94355,12.5404,703.599,-9999.0,17.25,60.45
201210141430,201210141500,0.565848,0.0,483.3,11.069,23.43,2.00149,1.3213,7.00743,11.8403,622.402,-9999.0,17.3,61.62
201210141500,201210141530,-4.03419,0.0,365.0,9.387,22.08,1.89578,5.84089,6.40896,10.7899,528.274,-9999.0,17.35,64.68
201210141530,201210141600,3.41398,0.0,294.7,8.778,21.5,1.85218,-1.64126,6.18189,9.76877,422.825,-9999.0,17.4,65.78
201210141600,201210141630,-2.715,0.0,201.3,8.187,21.06,1.81982,4.46218,6.02047,7.94421,307.859,-9999.0,17.45,67.21
201210141630,201210141700,2.87599,0.0,66.0,7.195,20.25,1.75867,-1.17643,5.69762,3.58972,185.343,-9999.0,17.49,69.71
201210141700,201210141730,3.08281,0.0,17.41,5.365,18.94,1.65966,-1.46043,5.17459,1.09795,57.6076,-9999.0,17.52,75.5
201210141730,201210141800,4.04934,0.0,1.021,3.633,17.73,1.56992,-2.49774,4.71781,0.068195,0.0,-9999.0,17.55,82.1
201210141800,201210141830,3.29627,0.0,0.029,2.298,16.68,1.49358,-1.8056,4.3434,0.00195,0.0,-9999.0,17.57,87.9
201210141830,201210141900,-9999.0,1.0,0.061,1.31,15.79,1.43012,-0.312375,4.04272,0.004115,0.0,-9999.0,17.58,92.7
201210141900,201210141930,-9999.0,1.0,0.079,0.735,15.04,1.37762,-0.270697,3.80166,0.005346,0.0,-9999.0,17.59,95.7
201210141930,201210142000,-9999.0,1.0,0.029,0.118,14.86,1.36643,-0.247749,3.76039,0.001969,0.0,-9999.0,17.58,99.3
201210142000,201210142030,-9999.0,1.0,0.035,2.209,14.72,1.35813,-0.162287,3.73265,0.002385,0.0,-9999.0,17.57,86.8163
201210142030,201210142100,-9999.0,1.0,0.087,1.988,14.3,1.32985,-0.362236,3.61001,0.005946,0.0,-9999.0,17.56,87.8078
201210142100,201210142130,-9999.0,1.0,0.072,1.818,13.98,1.30881,-0.155856,3.52217,0.004937,0.0,-9999.0,17.54,88.6157
201210142130,201210142200,-9999.0,1.0,0.08,1.529,13.82,1.29915,-0.176479,3.48759,0.005503,0.0,-9999.0,17.51,90.3263
201210142200,201210142230,1.85924,0.0,0.076,1.519,13.73,1.29444,-0.518224,3.47593,0.005245,0.0,-9999.0,17.48,90.3307
201210142230,201210142300,0.2902,0.0,0.017,1.317,13.94,1.31094,1.06897,3.56403,0.001177,0.0,-9999.0,17.45,91.735
201210142300,201210142330,-9999.0,1.0,0.024,1.647,13.88,1.30834,-0.137814,3.56213,0.001667,0.0,-9999.0,17.42,89.6197
201210142330,201210150000,-9999.0,1.0,0.013,1.459,13.83,1.30643,-0.152154,3.56345,0.000906,0.0,-9999.0,17.39,90.776
201210150000,201210150030,-9999.0,1.0,0.009,1.529,13.87,1.31092,-0.143855,3.59521,0.000629,0.0,-9999.0,17.35,90.3557
201210150030,201210150100,-9999.0,1.0,0.016,1.517,13.56,1.29056,-0.15627,3.50036,0.001118,0.0,-9999.0,17.32,90.2358
201210150100,201210150130,-9999.0,1.0,0.039,1.47,13.28,1.2724,0.00714,3.41812,0.002722,0.0,-9999.0,17.28,90.3654
201210150130,201210150200,-9999.0,1.0,0.02,0.987,13.42,1.28388,-0.01015,3.47393,0.001394,0.0,-9999.0,17.24,93.5895
201210150200,201210150230,-9999.0,1.0,0.006,1.292,13.68,1.30629,-0.131473,3.56934,0.000418,0.0,-9999.0,17.21,91.7484
201210150230,201210150300,-9999.0,1.0,0.044,1.418,13.08,1.26761,0.203353,3.38472,0.003061,0.0,-9999.0,17.17,90.5853
201210150300,201210150330,-9999.0,1.0,0.128,1.087,13.36,1.29134,0.003728,3.48456,0.008895,0.0,-9999.0,17.14,92.9135
201210150330,201210150400,-9999.0,1.0,0.123,0.966,14.17,1.35365,-0.120022,3.76073,0.008539,0.0,-9999.0,17.1,94.0283
201210150400,201210150430,-9999.0,1.0,0.031,0.0,14.57,1.38702,-0.080178,3.90515,0.002151,0.0,-9999.0,17.07,100.0
201210150430,201210150500,-9999.0,1.0,0.003,0.0,14.97,1.4208,-0.162019,4.05143,0.000208,0.0,-9999.0,17.04,100.0
201210150500,201210150530,-9999.0,1.0,0.0,0.0,15.14,1.43775,-0.171439,4.11836,0.0,0.0,-9999.0,17.0,100.0
201210150530,201210150600,-9999.0,1.0,0.003,0.0,14.73,1.4114,-0.051825,3.9843,0.000208,0.0,-9999.0,16.97,100.0
201210150600,201210150630,-9999.0,1.0,0.966,0.0,14.96,1.43281,-0.159737,4.07086,0.066541,0.0,-9999.0,16.94,100.0
201210150630,201210150700,-9999.0,1.0,28.46,0.0,15.21,1.45591,-0.136948,4.16457,1.79055,64.2086,-9999.0,16.92,100.0
201210150700,201210150730,-9999.0,1.0,128.1,0.0,15.56,1.48683,4.95391,4.29365,6.14609,191.682,-9999.0,16.9,100.0
201210150730,201210150800,-9999.0,1.0,208.5,0.0,16.27,1.54591,9.18247,4.55317,8.39664,313.49,-9999.0,16.88,100.0
201210150800,201210150830,-9999.0,1.0,242.2,0.0,17.87,1.67665,9.96861,5.15961,9.13724,427.547,-9999.0,16.86,100.0
201210150830,201210150900,-9999.0,2.0,111.2,0.0,17.79,1.67515,5.97933,5.13047,5.54839,531.903,-9999.0,16.85,100.0
201210150900,201210150930,0.824748,0.0,218.7,0.47,18.56,1.74227,0.95976,5.43414,8.62239,624.773,-9999.0,16.84,97.8
201210150930,201210151000,-9999.0,1.0,254.5,7.471,20.919,1.94314,7.2091,6.42052,9.37709,704.566,-9999.0,16.84,-9999.0
201210151000,201210151030,-9999.0,1.0,478.1,11.291,23.27,2.15083,10.1668,7.49222,12.1669,769.917,-9999.0,16.84,-9999.0
201210151030,201210151100,-9999.0,1.0,542.9,5.456,21.71,2.02193,11.379,6.75715,13.1225,819.709,-9999.0,16.85,79.0
201210151100,201210151130,-10.1753,0.0,644.6,10.098,23.01,2.14053,12.2904,7.3424,13.8647,853.09,-9999.0,16.86,64.09
201210151130,201210151200,-3.48078,0.0,645.4,10.083,23.06,2.15108,5.60773,7.35286,13.8758,869.488,-9999.0,16.89,64.25
201210151200,201210151230,-6.42111,0.0,610.4,10.677,23.3,2.1784,8.57302,7.45138,13.4376,868.623,-9999.0,16.92,62.69
201210151230,201210151300,-5.97317,0.0,493.5,10.761,23.35,2.18907,8.13699,7.46074,12.4592,850.509,-9999.0,16.97,62.51
201210151300,201210151330,-4.35349,0.0,334.0,10.234,22.85,2.15106,6.49097,7.21863,10.6893,815.457,-9999.0,17.02,63.25
201210151330,201210151400,-2.6776,0.0,345.5,10.556,22.84,2.1563,4.8227,7.20188,10.7912,764.066,-9999.0,17.07,62.07
201210151400,201210151430,-5.62664,0.0,189.7,8.483,21.84,2.07421,7.71011,6.75295,7.89296,697.215,-9999.0,17.13,67.61
201210151430,201210151500,0.333048,0.0,117.9,7.084,21.45,2.04588,1.73116,6.5794,5.74664,616.05,-9999.0,17.19,72.3
201210151500,201210151530,5.84483,0.0,120.8,6.597,21.26,2.03502,-3.78602,6.49297,5.84398,521.957,-9999.0,17.24,73.9
201210151530,201210151600,6.24357,0.0,66.3,6.054,21.09,2.02585,-4.18884,6.4164,3.68216,416.547,-9999.0,17.29,75.8
201210151600,201210151630,4.77074,0.0,76.5,6.102,20.56,1.98517,-2.74557,6.19784,4.13067,301.624,-9999.0,17.33,74.8
201210151630,201210151700,-0.297258,0.0,50.13,6.518,19.98,1.94025,2.28914,5.96749,2.90804,179.154,-9999.0,17.37,72.1
201210151700,201210151730,6.3247,0.0,5.883,5.786,19.51,1.90495,-4.35851,5.78655,0.390139,51.9766,-9999.0,17.4,74.5
201210151730,201210151800,5.66939,0.0,0.163,3.702,19.04,1.8697,-3.72907,5.61143,0.011004,0.0,-9999.0,17.43,83.2
201210151800,201210151830,-9999.0,1.0,0.006,0.38,17.5,1.74373,0.096242,5.07035,0.000405,0.0,-9999.0,17.46,98.1
201210151830,201210151900,-9999.0,1.0,0.019,1.993,16.15,1.63601,0.053162,4.63056,0.001281,0.0,-9999.0,17.47,89.1479
201210151900,201210151930,3.15994,0.0,0.002,1.637,15.65,1.59941,-1.43758,4.47963,0.000135,0.0,-9999.0,17.49,90.7982
201210151930,201210152000,-9999.0,1.0,0.001,1.652,15.47,1.58907,0.101057,4.43091,6.7e-05,0.0,-9999.0,17.49,90.6059
201210152000,201210152030,-9999.0,1.0,0.003,1.416,15.36,1.58442,0.066857,4.40438,0.000202,0.0,-9999.0,17.48,91.8876
201210152030,201210152100,-9999.0,1.0,0.001,1.4,15.35,1.58794,0.072483,4.40833,6.7e-05,0.0,-9999.0,17.47,91.9742
201210152100,201210152130,-9999.0,1.0,0.001,1.51,15.18,1.57831,0.017033,4.36479,6.7e-05,0.0,-9999.0,17.45,91.2515
201210152130,201210152200,3.62181,0.0,0.002,1.444,15.05,1.57194,-1.91003,4.3339,0.000134,0.0,-9999.0,17.43,91.5644
201210152200,201210152230,2.08277,0.0,0.0,1.559,14.95,1.56799,-0.371841,4.31235,0.0,0.0,-9999.0,17.41,90.8295
201210152230,201210152300,3.49683,0.0,0.003,1.456,14.9,1.56812,-1.78324,4.30562,0.000201,0.0,-9999.0,17.38,91.4092
201210152300,201210152330,2.5195,0.0,0.003,1.621,14.71,1.55672,-0.813272,4.25929,0.0002,0.0,-9999.0,17.35,90.3198
201210152330,201210160000,1.01751,0.0,0.029,2.101,13.96,1.4996,0.641329,4.05934,0.001935,0.0,-9999.0,17.33,86.8273
201210160000,201210160030,2.02869,0.0,0.045,1.904,13.29,1.44952,-0.411568,3.8893,0.002999,0.0,-9999.0,17.3,87.5325
201210160030,201210160100,1.4878,0.0,0.133,1.551,13.08,1.43655,0.120186,3.84463,0.008853,0.0,-9999.0,17.27,89.7018
201210160100,201210160130,1.58285,0.0,0.226,1.93,12.83,1.42038,0.013081,3.79076,0.015023,0.0,-9999.0,17.24,86.9742
201210160130,201210160200,1.92372,0.0,0.28,2.027,12.32,1.38359,-0.358401,3.6731,0.01859,0.0,-9999.0,17.2,85.8546
201210160200,201210160230,1.097,0.0,0.297,1.974,11.95,1.35804,0.447575,3.5935,0.019698,0.0,-9999.0,17.16,85.8837
201210160230,201210160300,0.482568,0.0,0.278,2.102,11.66,1.33885,1.04686,3.53532,0.01842,0.0,-9999.0,17.12,84.6758
201210160300,201210160330,1.15561,0.0,0.2,2.407,11.78,1.35183,0.387756,3.57618,0.013242,0.0,-9999.0,17.08,82.5963
201210160330,201210160400,0.913251,0.0,0.173,2.336,11.52,1.33493,0.616961,3.52639,0.011443,0.0,-9999.0,17.03,82.8168
201210160400,201210160430,-9999.0,1.0,0.203,2.074,11.09,1.30478,0.35527,3.43838,0.013412,0.0,-9999.0,16.99,84.3015
201210160430,201210160500,-9999.0,1.0,0.24,1.965,10.59,1.26942,0.018423,3.33719,0.015839,0.0,-9999.0,16.94,84.62
201210160500,201210160530,-9999.0,1.0,0.118,1.551,10.46,1.26271,0.312711,3.32123,0.007782,0.0,-9999.0,16.88,87.7576
201210160530,201210160600,-9999.0,1.0,0.115,1.869,10.61,1.27761,0.378438,3.36797,0.007577,0.0,-9999.0,16.83,85.3945
201210160600,201210160630,-9999.0,1.0,1.376,2.101,9.89,1.22548,0.307102,3.22289,0.090202,0.0,-9999.0,16.77,82.7655
201210160630,201210160700,-9999.0,1.0,25.07,1.7,9.3,1.18389,0.761303,3.11083,1.52698,62.4157,-9999.0,16.71,85.4902
201210160700,201210160730,-9999.0,1.0,101.6,0.987,10.08,1.24646,1.51411,3.29134,5.04634,189.668,-9999.0,16.66,92.0079
201210160730,201210160800,-9999.0,2.0,184.7,1.422,11.53,1.36382,4.73913,3.62689,7.64573,311.2,-9999.0,16.6,89.5467
201210160800,201210160830,-9999.0,1.0,267.7,0.124,13.46,1.52592,11.0035,4.09331,9.50333,424.918,-9999.0,16.54,99.2
201210160830,201210160900,-9999.0,1.0,344.7,1.912,15.29,1.68679,15.8485,4.56005,10.8104,528.876,-9999.0,16.48,89.0
201210160900,201210160930,-7.00546,0.0,288.1,4.636,16.75,1.8207,8.99244,4.94868,9.87723,621.295,-9999.0,16.43,75.7
201210160930,201210161000,-11.2357,0.0,497.0,7.092,17.78,1.91905,13.3101,5.23028,12.6712,700.595,-9999.0,16.38,65.17
201210161000,201210161030,-7.52808,0.0,459.7,9.095,18.33,1.97477,9.65291,5.38255,12.2807,765.417,-9999.0,16.34,56.85
201210161030,201210161100,-11.549,0.0,544.8,10.019,19.4,2.08019,13.7662,5.67947,13.1156,814.654,-9999.0,16.31,55.54
201210161100,201210161130,-5.05265,0.0,568.3,10.238,19.88,2.13115,7.31581,5.81189,13.2635,847.463,-9999.0,16.29,55.9
201210161130,201210161200,-8.2581,0.0,639.2,11.177,20.66,2.21164,10.5918,6.02826,13.5584,863.282,-9999.0,16.29,54.12
201210161200,201210161230,-7.80962,0.0,686.4,12.269,21.31,2.28058,10.204,6.20709,13.5662,861.84,-9999.0,16.3,51.61
201210161230,201210161300,-5.97241,0.0,596.0,13.092,21.84,2.33853,8.41807,6.35041,12.7619,843.163,-9999.0,16.32,50.01
201210161300,201210161330,-9.21644,0.0,591.0,13.211,21.86,2.34639,11.6718,6.34712,12.7004,807.57,-9999.0,16.35,49.62
201210161330,201210161400,-5.39133,0.0,487.9,13.077,21.88,2.35425,7.85639,6.3437,11.8992,755.669,-9999.0,16.38,50.19
201210161400,201210161430,-5.44239,0.0,561.8,14.439,22.46,2.41813,7.96357,6.49599,12.2015,688.35,-9999.0,16.42,46.91
201210161430,201210161500,-4.11098,0.0,479.6,14.668,22.43,2.42114,6.63788,6.47675,11.4923,606.763,-9999.0,16.46,45.97
201210161500,201210161530,-4.62144,0.0,380.7,12.942,21.25,2.30908,7.05826,6.14728,10.7836,512.305,-9999.0,16.5,48.77
201210161530,201210161600,-4.27264,0.0,293.2,11.979,20.66,2.2563,6.66823,5.98534,9.66488,406.592,-9999.0,16.55,50.83
201210161600,201210161630,-0.24058,0.0,201.4,11.604,20.33,2.22929,2.6164,5.89509,7.86971,291.433,-9999.0,16.59,51.39
201210161630,201210161700,-0.273643,0.0,112.0,10.454,19.89,2.19146,2.62038,5.77953,5.34625,168.798,-9999.0,16.63,55.0
201210161700,201210161730,2.0148,0.0,23.66,8.136,18.42,2.05375,0.217025,5.41543,1.41909,43.054,-9999.0,16.66,61.62
201210161730,201210161800,-9999.0,1.0,0.736,5.83,16.57,1.88297,-0.505236,4.97999,0.0472,0.0,-9999.0,16.69,69.09
201210161800,201210161830,-9999.0,1.0,0.099,4.428,15.71,1.80756,-0.148135,4.78885,0.006355,0.0,-9999.0,16.71,75.2
201210161830,201210161900,-9999.0,1.0,0.104,3.227,14.93,1.74033,-0.222805,4.62176,0.006668,0.0,-9999.0,16.72,81.0
201210161900,201210161930,-9999.0,1.0,0.158,1.728,13.45,1.6113,0.288595,4.30984,0.010118,0.0,-9999.0,16.73,88.8
201210161930,201210162000,-9999.0,1.0,0.216,1.046,12.53,1.53426,0.622355,4.12694,0.013815,0.0,-9999.0,16.73,92.8
201210162000,201210162030,-9999.0,1.0,0.244,0.34,12.15,1.50495,0.648736,4.05989,0.015588,0.0,-9999.0,16.72,97.6
201210162030,201210162100,-9999.0,1.0,0.248,0.124,11.74,1.47319,0.563736,3.98821,0.015827,0.0,-9999.0,16.7,99.1
201210162100,201210162130,-9999.0,1.0,0.127,1.938,11.68,1.47158,0.56433,3.98819,0.008099,0.0,-9999.0,16.67,85.892
201210162130,201210162200,-9999.0,1.0,0.161,2.143,11.44,1.45449,0.506892,3.95241,0.010256,0.0,-9999.0,16.65,84.1529
201210162200,201210162230,-9999.0,1.0,0.242,2.088,10.95,1.41612,0.532919,3.8681,0.015395,0.0,-9999.0,16.61,84.0468
201210162230,201210162300,-9999.0,1.0,0.202,1.836,10.86,1.41186,0.5286,3.86334,0.012838,0.0,-9999.0,16.58,85.8885
201210162300,201210162330,-9999.0,1.0,0.267,1.957,10.86,1.41524,0.531477,3.87626,0.016948,0.0,-9999.0,16.54,84.9539
201210162330,201210170000,-9999.0,1.0,0.221,2.041,10.76,1.41009,0.568187,3.86985,0.014015,0.0,-9999.0,16.5,84.203
201210170000,201210170030,-9999.0,1.0,0.249,2.067,10.51,1.39219,0.501073,3.83488,0.015772,0.0,-9999.0,16.45,83.7357
201210170030,201210170100,0.63965,0.0,0.229,1.807,10.45,1.3904,1.0171,3.80312,0.014521,0.0,-9999.0,16.41,85.7285
201210170100,201210170130,-9999.0,1.0,0.098,1.885,10.96,1.43735,0.551061,3.87978,0.006223,0.0,-9999.0,16.36,85.605
201210170130,201210170200,-9999.0,1.0,0.158,2.064,10.7,1.41837,0.574794,3.80976,0.010042,0.0,-9999.0,16.32,83.9659
201210170200,201210170230,-9999.0,1.0,0.178,1.899,10.45,1.40028,0.507551,3.74232,0.011324,0.0,-9999.0,16.27,84.9977
201210170230,201210170300,0.025923,0.0,0.085,1.745,10.64,1.41989,1.65746,3.7575,0.005414,0.0,-9999.0,16.22,86.3907
201210170300,201210170330,-0.866218,0.0,0.058,1.785,10.64,1.42322,2.55245,3.73704,0.003699,0.0,-9999.0,16.18,86.0735
201210170330,201210170400,0.699064,0.0,0.064,1.748,10.74,1.43521,0.99814,3.73507,0.004085,0.0,-9999.0,16.13,86.4546
201210170400,201210170430,0.45961,0.0,0.077,1.79,10.68,1.43335,1.23557,3.70347,0.00492,0.0,-9999.0,16.08,86.0772
201210170430,201210170500,0.337276,0.0,0.167,1.708,10.85,1.45151,1.37463,3.71409,0.010679,0.0,-9999.0,16.04,86.8648
201210170500,201210170530,1.139,0.0,0.166,1.712,11.05,1.47244,0.592162,3.72993,0.010625,0.0,-9999.0,15.99,87.0058
201210170530,201210170600,2.07207,0.0,0.057,1.675,11.38,1.50507,-0.310838,3.76917,0.003653,0.0,-9999.0,15.95,87.5605
201210170600,201210170630,0.089111,0.0,1.547,2.321,11.87,1.55248,1.71567,3.83722,0.098801,0.0,-9999.0,15.92,83.3145
201210170630,201210170700,0.771139,0.0,25.35,2.216,11.85,1.55425,1.035,3.81187,1.50977,56.5897,-9999.0,15.88,84.0498
201210170700,201210170730,-2.73083,0.0,69.83,2.795,12.75,1.63984,4.61538,3.95369,3.69004,183.511,-9999.0,15.84,81.0383
201210170730,201210170800,-2.26457,0.0,92.1,0.549,13.7,1.73217,4.23278,4.10462,4.60764,304.988,-9999.0,15.81,96.5
201210170800,201210170830,-8.19356,0.0,190.0,1.39,14.9,1.85088,10.268,4.3016,7.6894,418.654,-9999.0,15.78,91.8
201210170830,201210170900,-10.7839,0.0,198.7,3.048,16.63,2.02581,13.0123,4.59759,7.90802,522.565,-9999.0,15.75,83.9
201210170900,201210170930,-10.5033,0.0,261.3,4.392,17.83,2.15208,12.8412,4.795,9.28151,614.943,-9999.0,15.74,78.5
201210170930,201210171000,-8.91387,0.0,410.3,6.102,19.27,2.30653,11.3838,5.03712,11.6009,694.206,-9999.0,15.72,72.7
201210171000,201210171030,-12.9432,0.0,576.9,8.161,20.66,2.4595,15.5422,5.26924,13.2776,759.0,-9999.0,15.72,66.5
201210171030,201210171100,-9.56163,0.0,487.4,9.23,21.29,2.53286,12.2219,5.35669,12.4569,808.214,-9999.0,15.72,63.55
201210171100,201210171130,-8.53207,0.0,495.5,9.633,21.62,2.57416,11.2267,5.3867,12.5335,841.008,-9999.0,15.74,62.72
201210171130,201210171200,-6.82887,0.0,323.0,9.779,21.51,2.56741,9.51788,5.33383,10.3663,856.82,-9999.0,15.78,61.9
201210171200,201210171230,-8.04458,0.0,438.1,10.794,21.99,2.62556,10.7818,5.39082,11.7588,855.379,-9999.0,15.82,59.16
201210171230,201210171300,-7.68452,0.0,387.2,11.03,22.22,2.65646,10.4473,5.40063,11.1063,836.71,-9999.0,15.88,58.85
201210171300,201210171330,-5.5903,0.0,243.0,10.049,21.64,2.59763,8.30444,5.26107,8.90735,801.133,-9999.0,15.94,61.16
201210171330,201210171400,5.9218,0.0,195.8,9.949,21.74,2.61402,-3.19406,5.24696,7.84643,749.256,-9999.0,15.99,61.78
201210171400,201210171430,-0.327,0.0,113.3,9.454,21.41,2.5828,3.02891,5.15473,5.41974,681.967,-9999.0,16.06,62.94
201210171430,201210171500,4.78265,0.0,289.3,9.736,21.65,2.6147,-2.05429,5.16583,9.79588,600.417,-9999.0,16.12,62.39
201210171500,201210171530,5.11434,0.0,140.3,9.569,21.83,2.64009,-2.36497,5.1657,6.31506,506.002,-9999.0,16.18,63.44
201210171530,201210171600,-9999.0,1.0,135.8,7.601,20.86,2.53765,1.92782,4.96094,6.17592,400.337,-9999.0,16.23,69.18
201210171600,201210171630,-9999.0,1.0,244.8,10.271,21.83,2.65081,6.33833,5.10058,8.91923,285.23,-9999.0,16.29,60.76
201210171630,201210171700,-9999.0,1.0,112.1,10.127,21.7,2.64159,0.630829,5.04518,5.38277,162.65,-9999.0,16.34,61.0
201210171700,201210171730,-9999.0,1.0,20.51,7.54,20.1,2.4691,-0.612768,4.73485,1.2613,38.2486,-9999.0,16.39,67.96
201210171730,201210171800,-9999.0,1.0,0.99,5.064,18.15,2.26239,-0.395051,4.37148,0.064805,0.0,-9999.0,16.43,75.7
201210171800,201210171830,-9999.0,1.0,0.022,3.901,17.02,2.14699,-0.606838,4.15363,0.001446,0.0,-9999.0,16.46,79.9
201210171830,201210171900,-9999.0,1.0,0.007,2.768,16.02,2.04686,-0.541925,3.96139,0.000461,0.0,-9999.0,16.49,84.8
201210171900,201210171930,-9999.0,1.0,0.002,1.414,15.36,1.98294,-0.604559,3.82789,0.000132,0.0,-9999.0,16.52,91.9
201210171930,201210172000,-9999.0,1.0,0.001,0.898,14.89,1.93888,-0.794039,3.72694,6.6e-05,0.0,-9999.0,16.53,94.7
201210172000,201210172030,-9999.0,1.0,0.0,0.178,14.2,1.87291,-0.731316,3.59252,0.0,0.0,-9999.0,16.53,98.9
201210172030,201210172100,1.88012,0.0,0.002,2.245,13.64,1.82056,0.167851,3.48067,0.000132,0.0,-9999.0,16.53,85.627
201210172100,201210172130,-9999.0,1.0,0.007,2.307,13.02,1.76275,0.11964,3.36131,0.000463,0.0,-9999.0,16.52,84.6204
201210172130,201210172200,-9999.0,1.0,0.008,1.931,12.73,1.73774,0.132526,3.29413,0.00053,0.0,-9999.0,16.51,86.8813
201210172200,201210172230,-9999.0,1.0,0.011,2.011,12.37,1.70597,0.289986,3.21717,0.000729,0.0,-9999.0,16.49,86.0146
201210172230,201210172300,-9999.0,1.0,0.01,1.778,12.19,1.69182,0.573545,3.16804,0.000663,0.0,-9999.0,16.47,87.4837
201210172300,201210172330,9.05849,0.0,0.004,1.823,12.06,1.68251,-7.13446,3.12673,0.000266,0.0,-9999.0,16.44,87.0597
201210172330,201210180000,-9999.0,1.0,0.001,1.895,11.62,1.64325,0.804767,3.04035,6.6e-05,0.0,-9999.0,16.41,86.1513
201210180000,201210180030,-9999.0,1.0,0.0,1.972,11.23,1.60904,0.675827,2.96247,0.0,0.0,-9999.0,16.38,85.2132
201210180030,201210180100,-9999.0,1.0,0.0,2.011,10.74,1.56556,0.709591,2.87145,0.0,0.0,-9999.0,16.34,84.4206
201210180100,201210180130,-9999.0,1.0,0.0,1.897,10.56,1.55161,0.350107,2.8255,0.0,0.0,-9999.0,16.31,85.1247
201210180130,201210180200,-9999.0,1.0,0.0,2.016,10.01,1.50302,0.626958,2.7285,0.0,0.0,-9999.0,16.28,83.5951
201210180200,201210180230,-9999.0,1.0,0.087,1.965,9.48,1.45682,1.20646,2.63598,0.005808,0.0,-9999.0,16.23,83.4329
201210180230,201210180300,-9999.0,1.0,0.115,1.83,9.66,1.47629,0.654784,2.64113,0.007684,0.0,-9999.0,16.19,84.7598
201210180300,201210180330,-9999.0,1.0,0.042,1.94,9.73,1.48566,0.663555,2.63112,0.00281,0.0,-9999.0,16.14,83.917
201210180330,201210180400,-9999.0,1.0,0.0,1.789,10.18,1.53073,0.652813,2.67214,0.0,0.0,-9999.0,16.1,85.6104
201210180400,201210180430,-9999.0,1.0,0.0,1.936,9.67,1.48582,0.663792,2.58405,0.0,0.0,-9999.0,16.05,83.8874
201210180430,201210180500,-9999.0,1.0,0.0,1.914,9.07,1.43309,1.09245,2.48575,0.0,0.0,-9999.0,16.0,83.4152
201210180500,201210180530,-9999.0,1.0,0.0,1.774,8.61,1.39376,1.30995,2.40741,0.0,0.0,-9999.0,15.95,84.1403
201210180530,201210180600,-9999.0,1.0,0.001,1.785,8.32,1.37014,1.44383,2.35202,6.7e-05,0.0,-9999.0,15.9,83.7284
201210180600,201210180630,-9999.0,1.0,1.397,1.706,9.2,1.45341,1.12358,2.44573,0.093568,0.0,-9999.0,15.85,85.3423
201210180630,201210180700,-9999.0,1.0,16.68,1.729,9.56,1.48981,1.22024,2.47258,1.06248,51.0477,-9999.0,15.79,85.4997
201210180700,201210180730,-9999.0,1.0,85.7,1.315,9.37,1.47484,1.46086,2.42916,4.45904,177.377,-9999.0,15.74,88.8284
201210180730,201210180800,-9999.0,2.0,165.4,0.895,10.69,1.60358,4.45728,2.57718,7.10302,298.794,-9999.0,15.69,93.0391
201210180800,201210180830,-5.48554,0.0,244.5,0.0,12.57,1.79366,7.51064,2.79833,8.94773,412.405,-9999.0,15.63,100.0
201210180830,201210180900,-12.3923,0.0,332.8,0.0,14.78,2.02769,14.6243,3.06484,10.4519,516.265,-9999.0,15.59,100.0
201210180900,201210180930,-9999.0,1.0,282.1,0.858,17.1,2.28519,11.121,3.34803,9.64431,608.597,-9999.0,15.54,95.6
201210180930,201210181000,-9999.0,1.0,466.0,3.934,18.82,2.48465,14.1299,3.55114,12.0492,687.822,-9999.0,15.51,81.9
201210181000,201210181030,-9.09568,0.0,521.9,6.14,19.91,2.61599,11.8275,3.66825,12.5596,752.583,-9999.0,15.48,73.6
201210181030,201210181100,-9.37843,0.0,606.7,9.647,21.02,2.7522,12.2225,3.78664,13.2115,801.774,-9999.0,15.46,61.27
201210181100,201210181130,-5.17954,0.0,636.7,11.978,22.08,2.88484,8.13188,3.89676,12.8274,834.551,-9999.0,15.46,54.93
201210181130,201210181200,-8.34389,0.0,601.6,13.535,22.76,2.97309,11.3677,3.95451,12.1676,850.355,-9999.0,15.48,51.13
201210181200,201210181230,-8.98232,0.0,676.2,14.864,23.52,3.07221,12.0859,4.02161,12.1847,848.915,-9999.0,15.52,48.74
201210181230,201210181300,-8.92676,0.0,624.6,16.971,24.07,3.14631,12.0897,4.0596,11.3369,830.255,-9999.0,15.56,43.38
201210181300,201210181330,-6.7053,0.0,621.1,18.271,24.55,3.21229,9.9208,4.08732,10.9628,794.696,-9999.0,15.62,40.77
201210181330,201210181400,-7.0767,0.0,563.3,18.714,25.38,3.32312,10.38,4.15962,10.5556,742.844,-9999.0,15.67,42.26
201210181400,201210181430,4.92286,0.0,499.1,17.976,25.57,3.35348,-1.59556,4.14755,10.3557,675.588,-9999.0,15.73,45.16
201210181430,201210181500,-6.70133,0.0,448.2,17.787,25.75,3.3827,10.0517,4.13379,10.0416,594.078,-9999.0,15.8,46.31
201210181500,201210181530,-9999.0,1.0,375.9,14.991,24.32,3.2072,8.04522,3.91565,9.99144,499.71,-9999.0,15.87,50.73
201210181530,201210181600,-9999.0,1.0,284.4,13.919,23.52,3.11247,6.21363,3.78027,9.04694,394.096,-9999.0,15.94,52.0
201210181600,201210181630,-2.9812,0.0,183.1,12.006,22.99,3.05191,6.06943,3.68034,7.38933,279.046,-9999.0,16.01,57.25
201210181630,201210181700,-0.97191,0.0,82.1,9.988,22.23,2.96301,3.98871,3.55374,4.35509,156.526,-9999.0,16.07,62.76
201210181700,201210181730,-9999.0,1.0,20.93,6.61,20.15,2.71396,0.317323,3.27118,1.33789,33.723,-9999.0,16.13,72.0
201210181730,201210181800,-9999.0,1.0,0.683,4.242,18.27,2.49487,0.213399,3.01979,0.046875,0.0,-9999.0,16.19,79.8
201210181800,201210181830,-9999.0,1.0,0.017,2.671,16.64,2.31017,-0.305827,2.80412,0.001171,0.0,-9999.0,16.23,85.9
201210181830,201210181900,-9999.0,1.0,0.016,1.496,15.49,2.18383,-0.335563,2.64814,0.001103,0.0,-9999.0,16.27,91.5
201210181900,201210181930,-9999.0,1.0,0.007,0.365,15.3,2.16647,-0.207905,2.60159,0.000483,0.0,-9999.0,16.3,97.9
201210181930,201210182000,-9999.0,1.0,0.009,0.131,14.42,2.07241,-0.702131,2.48043,0.000622,0.0,-9999.0,16.31,99.2
201210182000,201210182030,-9999.0,1.0,0.036,2.203,13.48,1.97321,-0.108357,2.35566,0.002488,0.0,-9999.0,16.32,85.7475
201210182030,201210182100,6.79583,0.0,0.02,2.01,13.01,1.92597,-4.6512,2.28297,0.001384,0.0,-9999.0,16.33,86.5959
201210182100,201210182130,-9999.0,1.0,0.013,2.047,12.57,1.88228,0.301351,2.21462,0.0009,0.0,-9999.0,16.32,85.9473
201210182130,201210182200,-9999.0,1.0,0.009,2.09,11.93,1.81777,0.935659,2.1272,0.000624,0.0,-9999.0,16.31,85.0369
201210182200,201210182230,-9999.0,1.0,0.03,2.271,11.42,1.76755,0.775493,2.05455,0.002081,0.0,-9999.0,16.29,83.1803
201210182230,201210182300,-9999.0,1.0,0.035,2.128,11.1,1.73745,0.799781,2.00188,0.00243,0.0,-9999.0,16.27,83.9027
201210182300,201210182330,-9999.0,1.0,0.01,2.321,10.93,1.72296,0.78679,1.96449,0.000695,0.0,-9999.0,16.24,82.2408
201210182330,201210190000,-9999.0,1.0,0.006,2.142,10.79,1.71158,0.812078,1.93036,0.000417,0.0,-9999.0,16.21,83.4558
201210190000,201210190030,-9999.0,1.0,0.007,2.064,10.51,1.68581,0.74118,1.88335,0.000488,0.0,-9999.0,16.17,83.7563
201210190030,201210190100,-9999.0,1.0,0.002,1.583,12.16,1.86204,0.323727,2.04586,0.00014,0.0,-9999.0,16.13,88.8362
201210190100,201210190130,-9999.0,1.0,0.031,0.091,10.82,1.72391,0.788004,1.92287,0.002183,0.0,-9999.0,16.09,99.3
201210190130,201210190200,-9999.0,1.0,0.017,2.109,9.55,1.597,1.33931,1.80817,0.001204,0.0,-9999.0,16.04,82.3005
201210190200,201210190230,-9999.0,1.0,0.001,2.18,10.15,1.66083,0.438731,1.86949,7.1e-05,0.0,-9999.0,16.0,82.4287
201210190230,201210190300,-9999.0,1.0,0.004,2.178,9.47,1.59462,1.33729,1.81031,0.000286,0.0,-9999.0,15.95,81.6256
201210190300,201210190330,-9999.0,1.0,0.009,1.96,8.91,1.54134,1.23513,1.76266,0.000648,0.0,-9999.0,15.9,82.8322
201210190330,201210190400,-9999.0,1.0,0.0,1.479,10.54,1.71006,0.508956,1.92171,0.0,0.0,-9999.0,15.85,88.3875
201210190400,201210190430,-1.10162,0.0,0.0,1.537,11.71,1.83682,3.16855,2.0402,0.0,0.0,-9999.0,15.8,88.8336
201210190430,201210190500,-9999.0,1.0,0.0,2.033,11.05,1.76971,0.829941,1.9812,0.0,0.0,-9999.0,15.75,84.5708
201210190500,201210190530,-9999.0,1.0,0.018,1.809,10.87,1.7538,0.815722,1.96891,0.001324,0.0,-9999.0,15.7,86.1002
201210190530,201210190600,-9999.0,1.0,0.006,1.579,11.66,1.84116,0.856382,2.05141,0.000444,0.0,-9999.0,15.65,88.4923
201210190600,201210190630,-9999.0,1.0,1.531,1.767,11.77,1.85628,0.869957,2.06763,0.113116,0.0,-9999.0,15.6,87.2096
201210190630,201210190700,-9999.0,1.0,22.99,1.861,10.6,1.73453,0.188887,1.95802,1.57082,45.8266,-9999.0,15.55,85.4448
201210190700,201210190730,-9999.0,2.0,94.7,1.393,10.76,1.75448,4.50072,1.97877,5.13242,171.268,-9999.0,15.51,89.2174
201210190730,201210190800,-9999.0,2.0,172.1,1.067,11.5,1.83678,5.23297,2.05696,7.63209,292.621,-9999.0,15.47,92.1399
201210190800,201210190830,-13.0762,0.0,244.0,0.357,14.0,2.11846,15.3916,2.31499,9.26295,406.172,-9999.0,15.44,97.7647
201210190830,201210190900,-15.5693,0.0,341.2,1.191,16.6,2.42799,18.1492,2.59194,10.8389,509.977,-9999.0,15.4,93.7
201210190900,201210190930,-10.7226,0.0,284.1,4.6,18.87,2.71156,13.5388,2.84098,10.0129,602.26,-9999.0,15.37,78.9
201210190930,201210191000,-9.64242,0.0,492.6,7.044,20.03,2.86318,12.5829,2.97402,12.4869,681.443,-9999.0,15.34,69.94
201210191000,201210191030,-9.71873,0.0,541.6,9.127,20.91,2.98143,12.7553,3.0779,12.8922,746.171,-9999.0,15.32,63.11
201210191030,201210191100,-7.90245,0.0,563.9,10.9,21.95,3.12247,11.0525,3.20044,12.8516,795.335,-9999.0,15.31,58.66
201210191100,201210191130,-9.71661,0.0,635.7,12.672,22.92,3.25644,12.9735,3.31639,12.8682,828.095,-9999.0,15.32,54.69
201210191130,201210191200,-11.2291,0.0,585.8,14.529,23.88,3.39102,14.5925,3.43224,12.1764,843.891,-9999.0,15.34,50.97
201210191200,201210191230,-10.7957,0.0,657.7,18.333,25.67,3.6414,14.3547,3.64284,11.6763,842.452,-9999.0,15.39,44.4
201210191230,201210191300,-9.44901,0.0,564.4,20.827,27.02,3.83535,13.1577,3.80548,10.7808,823.802,-9999.0,15.44,41.67
201210191300,201210191330,-9.05444,0.0,452.8,19.322,26.32,3.74413,12.6932,3.73524,10.483,788.261,-9999.0,15.5,43.61
201210191330,201210191400,-9.26737,0.0,460.5,20.359,26.78,3.81484,12.9607,3.79722,10.3848,736.437,-9999.0,15.57,42.17
201210191400,201210191430,-6.70527,0.0,553.9,23.161,27.81,3.96657,10.5148,3.92499,10.4105,669.216,-9999.0,15.64,38.06
201210191430,201210191500,-7.85882,0.0,452.5,24.391,28.38,4.0544,11.7353,4.00053,9.73415,587.749,-9999.0,15.72,36.9
201210191500,201210191530,-4.9389,0.0,358.1,21.466,27.06,3.87387,8.67813,3.85808,9.5565,493.43,-9999.0,15.8,40.02
201210191530,201210191600,-9999.0,1.0,262.0,18.758,26.25,3.76635,9.96826,3.77415,8.87371,387.873,-9999.0,15.88,45.03
201210191600,201210191630,-9999.0,1.0,153.2,16.406,25.3,3.63981,6.38253,3.67384,7.03582,272.883,-9999.0,15.96,49.14
201210191630,201210191700,0.852545,0.0,30.93,12.212,23.36,3.37812,2.50253,3.45952,2.22446,150.428,-9999.0,16.04,57.48
201210191700,201210191730,1.4432,0.0,7.36,9.331,21.32,3.10816,1.69765,3.23458,0.590411,29.5137,-9999.0,16.11,63.22
201210191730,201210191800,1.94428,0.0,0.333,7.822,20.21,2.96619,1.08245,3.11627,0.027711,0.0,-9999.0,16.17,66.99
201210191800,201210191830,-9999.0,1.0,0.0,6.623,19.34,2.85722,-0.9351,3.0253,0.0,0.0,-9999.0,16.23,70.5
201210191830,201210191900,-9999.0,1.0,0.003,4.342,17.65,2.64453,-1.2461,2.84237,0.000252,0.0,-9999.0,16.28,78.5
201210191900,201210191930,-9999.0,1.0,0.004,2.692,16.43,2.49542,-1.26275,2.71314,0.000338,0.0,-9999.0,16.31,85.6
201210191930,201210192000,-9999.0,1.0,0.001,1.501,16.1,2.45857,-1.11874,2.68309,8.5e-05,0.0,-9999.0,16.34,91.8
201210192000,201210192030,-9999.0,1.0,0.003,0.983,15.44,2.38121,-0.918575,2.61642,0.000256,0.0,-9999.0,16.36,94.4
201210192030,201210192100,-9999.0,1.0,0.004,0.636,15.11,2.34476,-0.488524,2.58626,0.000343,0.0,-9999.0,16.37,96.3
201210192100,201210192130,-9999.0,1.0,0.0,0.254,14.88,2.3206,-0.449776,2.56709,0.0,0.0,-9999.0,16.38,98.5
201210192130,201210192200,-9999.0,1.0,0.01,0.211,14.24,2.2469,-0.637608,2.50265,0.000865,0.0,-9999.0,16.37,98.7
201210192200,201210192230,-9999.0,1.0,0.004,0.227,14.24,2.25063,-0.634259,2.50869,0.000347,0.0,-9999.0,16.36,98.6
201210192230,201210192300,-9999.0,1.0,0.0,2.334,15.8,2.4458,-1.13439,2.68856,0.0,0.0,-9999.0,16.35,87.0
201210192300,201210192330,-9999.0,1.0,0.001,1.873,14.97,2.34711,-0.476944,2.60196,8.8e-05,0.0,-9999.0,16.34,89.0
201210192330,201210200000,-9999.0,1.0,0.0,1.647,14.77,2.32644,-0.506983,2.58583,0.0,0.0,-9999.0,16.32,90.2
201210200000,201210200030,-9999.0,1.0,0.0,1.286,14.08,2.24619,-0.453722,2.51504,0.0,0.0,-9999.0,16.3,92.0
201210200030,201210200100,-9999.0,1.0,0.001,1.155,14.26,2.27175,-0.615429,2.54111,8.9e-05,0.0,-9999.0,16.27,92.9
201210200100,201210200130,-9999.0,1.0,0.003,1.491,14.21,2.2694,-0.617289,2.54156,0.000268,0.0,-9999.0,16.25,90.8
201210200130,201210200200,-9999.0,1.0,0.011,0.709,12.78,2.10134,0.19765,2.38857,0.000986,0.0,-9999.0,16.22,95.2
201210200200,201210200230,1.13057,0.0,0.002,0.101,12.46,2.06701,1.14477,2.35892,0.00018,0.0,-9999.0,16.19,99.3
201210200230,201210200300,-5.85904,0.0,0.0,0.136,13.1,2.14635,8.2035,2.4354,0.0,0.0,-9999.0,16.16,99.1
201210200300,201210200330,-9999.0,1.0,0.0,0.821,13.23,2.16545,0.010956,2.45564,0.0,0.0,-9999.0,16.14,94.6
201210200330,201210200400,-9999.0,1.0,0.003,0.41,12.11,2.03597,0.696547,2.3369,0.000274,0.0,-9999.0,16.1,97.1
201210200400,201210200430,-9999.0,1.0,0.002,0.238,11.96,2.0217,1.02154,2.3258,0.000183,0.0,-9999.0,16.07,98.3
201210200430,201210200500,-9999.0,1.0,0.089,0.161,11.35,1.95399,0.948524,2.26399,0.00818,0.0,-9999.0,16.03,98.8
201210200500,201210200530,-9999.0,1.0,0.133,1.945,11.59,1.98502,1.01564,2.29573,0.012274,0.0,-9999.0,15.99,85.7572
201210200530,201210200600,-9999.0,1.0,0.079,2.029,11.95,2.0304,1.02959,2.34101,0.007323,0.0,-9999.0,15.95,85.4902
201210200600,201210200630,-9999.0,1.0,1.994,2.062,12.78,2.13238,0.225938,2.43944,0.183802,0.0,-9999.0,15.92,86.0386
201210200630,201210200700,-1.50463,0.0,24.82,0.597,13.33,2.20236,3.89869,2.50739,2.05665,40.9051,-9999.0,15.88,96.1
201210200700,201210200730,-2.98053,0.0,88.1,0.69,13.71,2.25242,5.4178,2.55656,5.68567,165.186,-9999.0,15.84,95.6
201210200730,201210200800,-5.65306,0.0,148.1,2.303,15.59,2.49189,8.29378,2.78017,7.91388,286.47,-9999.0,15.81,87.0
201210200800,201210200830,-6.90458,0.0,241.9,3.736,16.98,2.67606,9.69909,2.9505,10.1879,399.957,-9999.0,15.77,80.7
201210200830,201210200900,-9.49199,0.0,330.4,6.396,18.89,2.93543,12.4994,3.18618,11.6055,503.704,-9999.0,15.74,70.7
201210200900,201210200930,-10.1303,0.0,283.9,8.338,20.2,3.11981,13.2867,3.35268,10.9544,595.935,-9999.0,15.72,64.79
201210200930,201210201000,-11.2375,0.0,484.7,9.54,21.2,3.26446,14.5096,3.48303,13.2157,675.074,-9999.0,15.7,62.12
201210201000,201210201030,-8.76441,0.0,544.7,11.019,22.2,3.41143,12.153,3.61463,13.5423,739.765,-9999.0,15.69,58.84
201210201030,201210201100,-5.45325,0.0,583.7,13.245,23.58,3.61573,9.00202,3.79489,13.5273,788.902,-9999.0,15.69,54.49
201210201100,201210201130,-9.67719,0.0,620.2,15.793,24.86,3.80906,13.3758,3.96434,13.436,821.644,-9999.0,15.7,49.74
201210201130,201210201200,-8.24323,0.0,627.4,18.569,25.99,3.9831,12.0755,4.11624,13.1767,837.43,-9999.0,15.73,44.74
201210201200,201210201230,-8.74018,0.0,628.7,22.608,27.51,4.21866,12.7514,4.31898,12.7756,835.992,-9999.0,15.77,38.47
201210201230,201210201300,-1.83828,0.0,615.8,23.885,28.4,4.36124,5.95686,4.44257,12.633,817.352,-9999.0,15.83,38.28
201210201300,201210201330,0.46902,0.0,584.9,24.894,29.07,4.47128,3.73202,4.5386,12.4432,781.831,-9999.0,15.89,38.12
201210201330,201210201400,-6.13311,0.0,541.8,25.678,29.46,4.53873,10.3846,4.59903,12.2093,730.036,-9999.0,15.96,37.59
201210201400,201210201430,-9.07711,0.0,484.7,25.894,29.72,4.58631,13.3642,4.64291,11.92,662.854,-9999.0,16.04,38.0
201210201430,201210201500,-6.97406,0.0,416.6,24.119,29.08,4.49404,11.1929,4.57046,11.6394,581.433,-9999.0,16.12,40.08
201210201500,201210201530,-7.00154,0.0,334.7,20.652,27.72,4.29105,11.0689,4.40456,11.1666,487.167,-9999.0,16.2,44.48
201210201530,201210201600,-3.81766,0.0,240.5,18.364,26.12,4.05343,7.70563,4.20743,10.0278,381.669,-9999.0,16.28,45.77
201210201600,201210201630,-3.56624,0.0,149.1,16.532,24.94,3.88169,7.32327,4.06443,8.07692,266.743,-9999.0,16.36,47.64
201210201630,201210201700,-0.253748,0.0,51.0,14.106,23.86,3.72642,3.89137,3.93425,4.00432,144.357,-9999.0,16.44,52.34
201210201700,201210201730,1.93297,0.0,5.624,10.781,22.03,3.46293,1.49941,3.70803,0.554758,25.5989,-9999.0,16.51,59.31
201210201730,201210201800,-9999.0,1.0,0.263,7.785,20.43,3.23753,-0.905419,3.51213,0.026821,0.0,-9999.0,16.57,67.59
201210201800,201210201830,-9999.0,1.0,0.001,6.055,18.97,3.0361,-1.03865,3.33494,0.000103,0.0,-9999.0,16.62,72.4
201210201830,201210201900,-9999.0,1.0,0.0,5.852,18.54,2.98078,-1.30372,3.28803,0.0,0.0,-9999.0,16.67,72.6
201210201900,201210201930,-9999.0,1.0,0.0,5.273,17.9,2.89665,-1.38654,3.21466,0.0,0.0,-9999.0,16.7,74.3
201210201930,201210202000,-9999.0,1.0,0.006,2.961,16.47,2.70589,-1.61346,3.04274,0.000622,0.0,-9999.0,16.72,84.2
201210202000,201210202030,-9999.0,1.0,0.004,1.931,15.73,2.6108,-0.951023,2.95745,0.000416,0.0,-9999.0,16.73,89.2
201210202030,201210202100,-9999.0,1.0,0.006,1.526,15.26,2.55239,-0.575886,2.9057,0.000627,0.0,-9999.0,16.74,91.2
201210202100,201210202130,-9999.0,1.0,0.006,0.961,14.81,2.49697,-0.307837,2.85643,0.000629,0.0,-9999.0,16.73,94.3
201210202130,201210202200,-9999.0,1.0,0.004,0.943,14.8,2.49951,-0.352962,2.86139,0.000421,0.0,-9999.0,16.72,94.4
201210202200,201210202230,-9999.0,1.0,0.003,0.868,14.36,2.44566,-0.530502,2.81325,0.000317,0.0,-9999.0,16.71,94.7
201210202230,201210202300,-9999.0,1.0,0.003,0.688,14.01,2.40382,-0.203483,2.7762,0.000318,0.0,-9999.0,16.69,95.7
201210202300,201210202330,-9999.0,1.0,0.006,0.415,13.38,2.32613,-0.084464,2.70481,0.000639,0.0,-9999.0,16.66,97.3
201210202330,201210210000,-9999.0,1.0,0.001,0.152,13.24,2.31174,0.098882,2.69347,0.000107,0.0,-9999.0,16.64,99.0
201210210000,201210210030,-9999.0,1.0,0.0,1.778,13.43,2.33971,-0.072514,2.72258,0.0,0.0,-9999.0,16.61,88.4638
201210210030,201210210100,-9999.0,1.0,0.002,1.853,13.3,2.32653,-0.024289,2.72943,0.000214,0.0,-9999.0,16.58,87.875
201210210100,201210210130,-9999.0,1.0,0.001,1.908,13.23,2.32107,0.152035,2.74352,0.000107,0.0,-9999.0,16.54,87.4525
201210210130,201210210200,-9999.0,1.0,0.004,1.845,13.02,2.2976,0.338159,2.7399,0.000427,0.0,-9999.0,16.51,87.7
201210210200,201210210230,-9999.0,1.0,0.001,2.044,12.56,2.2423,0.327544,2.70441,0.000106,0.0,-9999.0,16.47,85.9571
201210210230,201210210300,-9999.0,1.0,0.001,2.024,12.5,2.23807,0.36193,2.71887,0.000106,0.0,-9999.0,16.44,86.0373
201210210300,201210210330,-9999.0,1.0,0.001,2.088,12.23,2.20717,0.618517,2.70643,0.000106,0.0,-9999.0,16.4,85.3432
201210210330,201210210400,-9999.0,1.0,0.003,1.638,12.53,2.24869,0.371434,2.76674,0.000318,0.0,-9999.0,16.37,88.7242
201210210400,201210210430,-9999.0,1.0,0.0,1.778,12.92,2.30217,0.379689,2.83954,0.0,0.0,-9999.0,16.32,88.0695
201210210430,201210210500,-9999.0,1.0,0.011,2.027,12.84,2.29532,0.374007,2.85146,0.00116,0.0,-9999.0,16.28,86.3276
201210210500,201210210530,-9999.0,1.0,0.044,1.861,12.36,2.23713,0.451294,2.81044,0.004631,0.0,-9999.0,16.24,87.0487
201210210530,201210210600,-9999.0,1.0,0.107,1.79,12.2,2.22007,0.652107,2.8111,0.011236,0.0,-9999.0,16.2,87.407
201210210600,201210210630,-9999.0,1.0,0.985,1.694,12.57,2.27084,0.353548,2.88227,0.102741,0.0,-9999.0,16.16,88.3693
201210210630,201210210700,-9999.0,1.0,17.96,1.612,12.86,2.31176,0.551634,2.94358,1.70919,39.5508,-9999.0,16.13,89.1445
201210210700,201210210730,-9999.0,1.0,66.76,1.314,13.85,2.44529,5.05647,3.10194,5.09163,163.278,-9999.0,16.09,91.7022
201210210730,201210210800,-9999.0,1.0,133.5,0.018,15.51,2.67342,7.08916,3.35842,8.01849,284.263,-9999.0,16.06,99.9
201210210800,201210210830,-9999.0,1.0,219.5,1.486,17.14,2.90514,10.02,3.61786,10.3626,397.388,-9999.0,16.02,92.4
201210210830,201210210900,-9999.0,1.0,299.5,3.533,18.39,3.08877,12.9445,3.82796,11.8004,500.716,-9999.0,15.99,83.3
201210210900,201210210930,-8.99058,0.0,279.3,5.748,20.25,3.36715,12.3553,4.13397,11.4842,592.481,-9999.0,15.97,75.8
201210210930,201210211000,-9999.0,1.0,451.1,8.908,22.04,3.64295,11.5116,4.43658,13.5501,671.111,-9999.0,15.95,66.4
201210211000,201210211030,-9999.0,1.0,525.7,11.733,23.62,3.8929,11.781,4.71306,14.0713,735.262,-9999.0,15.94,59.78
201210211030,201210211100,-7.7651,0.0,579.8,16.035,25.26,4.15759,11.7431,5.00414,14.2443,783.835,-9999.0,15.94,50.17
201210211100,201210211130,-9.5135,0.0,601.9,19.673,26.56,4.37244,13.654,5.24625,14.226,816.0,-9999.0,15.95,43.39
201210211130,201210211200,-10.4182,0.0,614.0,21.444,27.49,4.53,14.6769,5.43265,14.231,831.206,-9999.0,15.99,41.57
201210211200,201210211230,-5.97446,0.0,608.9,24.821,28.72,4.73872,10.3883,5.67007,14.0782,829.193,-9999.0,16.03,37.04
201210211230,201210211300,-8.87767,0.0,435.1,25.427,29.03,4.79703,13.3349,5.76044,12.8875,809.996,-9999.0,16.09,36.65
201210211300,201210211330,-7.61758,0.0,410.2,24.976,28.91,4.78418,12.0657,5.78084,12.689,773.943,-9999.0,16.16,37.34
201210211330,201210211400,-9.0638,0.0,309.6,22.998,28.33,4.69511,13.4464,5.72489,11.5998,721.65,-9999.0,16.23,40.33
201210211400,201210211430,-5.64614,0.0,275.8,22.328,28.31,4.69869,10.0318,5.76089,11.1164,654.014,-9999.0,16.31,42.0
201210211430,201210211500,-7.97771,0.0,244.3,20.037,27.7,4.60473,12.294,5.69804,10.6262,572.19,-9999.0,16.38,46.07
201210211500,201210211530,-3.57851,0.0,181.9,18.123,27.08,4.50936,7.82408,5.63227,9.28756,477.579,-9999.0,16.46,49.42
201210211530,201210211600,-2.02635,0.0,118.3,14.185,25.39,4.24019,6.07003,5.3846,7.33866,371.8,-9999.0,16.54,56.26
201210211600,201210211630,-0.92484,0.0,72.9,12.711,24.24,4.06111,4.83282,5.22586,5.3099,256.662,-9999.0,16.61,58.02
201210211630,201210211700,-9999.0,1.0,28.78,11.672,23.19,3.89966,2.63899,5.08234,2.51798,134.136,-9999.0,16.68,58.94
201210211700,201210211730,-9999.0,1.0,2.479,10.674,22.2,3.74917,1.89511,4.94748,0.246154,19.5253,-9999.0,16.75,60.13
201210211730,201210211800,-9999.0,1.0,0.093,8.683,21.17,3.59396,-1.47253,4.80445,0.009332,0.0,-9999.0,16.81,65.46
201210211800,201210211830,-9999.0,1.0,0.0,7.357,20.25,3.45731,-1.89137,4.67885,0.0,0.0,-9999.0,16.86,69.03
201210211830,201210211900,-9999.0,1.0,0.0,6.899,19.89,3.40723,-1.64048,4.64757,0.0,0.0,-9999.0,16.9,70.3
201210211900,201210211930,-9999.0,1.0,0.0,6.483,19.55,3.36031,-1.65947,4.61908,0.0,0.0,-9999.0,16.94,71.5
201210211930,201210212000,-9999.0,1.0,0.0,6.072,19.25,3.31957,-1.35737,4.59686,0.0,0.0,-9999.0,16.96,72.8
201210212000,201210212030,-9999.0,1.0,0.0,4.413,18.51,3.2126,-1.55441,4.4981,0.0,0.0,-9999.0,16.98,79.3
201210212030,201210212100,-9999.0,1.0,0.0,3.43,18.11,3.15728,-1.63376,4.45716,0.0,0.0,-9999.0,16.99,83.5
201210212100,201210212130,-9999.0,1.0,0.0,2.647,17.78,3.11258,-1.76283,4.42772,0.0,0.0,-9999.0,17.0,87.0
201210212130,201210212200,-9999.0,1.0,0.0,2.165,17.53,3.07986,-1.74812,4.41167,0.0,0.0,-9999.0,17.0,89.2
201210212200,201210212230,-9999.0,1.0,0.0,2.298,17.62,3.09767,-1.77436,4.45477,0.0,0.0,-9999.0,17.0,88.6
201210212230,201210212300,-9999.0,1.0,0.0,2.342,17.51,3.08572,-1.74288,4.46275,0.0,0.0,-9999.0,16.99,88.3
201210212300,201210212330,-9999.0,1.0,0.0,2.026,17.08,3.02629,-1.72258,4.41381,0.0,0.0,-9999.0,16.99,89.6
201210212330,201210220000,-9999.0,1.0,0.0,0.987,16.37,2.92609,-1.62572,4.31462,0.0,0.0,-9999.0,16.98,94.7
201210220000,201210220030,-9999.0,1.0,0.0,0.45,16.49,2.94786,-1.74878,4.36205,0.0,0.0,-9999.0,16.97,97.6
201210220030,201210220100,-9999.0,1.0,0.0,0.489,16.53,2.95794,-1.74031,4.39541,0.0,0.0,-9999.0,16.96,97.4
201210220100,201210220130,-9999.0,1.0,0.0,0.351,16.24,2.91953,-1.56691,4.36939,0.0,0.0,-9999.0,16.94,98.1
201210220130,201210220200,-9999.0,1.0,0.0,0.109,15.97,2.88414,-1.27427,4.3465,0.0,0.0,-9999.0,16.93,99.4
201210220200,201210220230,-9999.0,1.0,0.0,0.054,15.74,2.85465,-1.29461,4.33041,0.0,0.0,-9999.0,16.91,99.7
201210220230,201210220300,-9999.0,1.0,0.0,0.035,15.59,2.83685,-1.00532,4.32848,0.0,0.0,-9999.0,16.89,99.8
201210220300,201210220330,-9999.0,1.0,0.0,0.09,15.83,2.87589,-1.34623,4.3977,0.0,0.0,-9999.0,16.88,99.5
201210220330,201210220400,-9999.0,1.0,0.0,0.161,15.78,2.87263,-1.27911,4.41396,0.0,0.0,-9999.0,16.86,99.1
201210220400,201210220430,-9999.0,1.0,0.019,2.17,15.14,2.78343,-0.368138,4.321,0.00183,0.0,-9999.0,16.84,87.3917
201210220430,201210220500,-9999.0,1.0,0.158,1.847,14.93,2.75695,-0.254088,4.30685,0.015173,0.0,-9999.0,16.82,89.1218
201210220500,201210220530,-9999.0,1.0,0.176,2.056,14.9,2.75649,-0.254234,4.3258,0.016866,0.0,-9999.0,16.79,87.8711
201210220530,201210220600,-9999.0,1.0,0.011,2.244,14.94,2.76615,-0.245993,4.35779,0.001053,0.0,-9999.0,16.77,86.7929
201210220600,201210220630,-9999.0,1.0,0.651,2.409,14.7,2.7353,-0.377054,4.33721,0.061989,0.0,-9999.0,16.75,85.6051
201210220630,201210220700,-9999.0,1.0,17.7,2.966,14.63,2.72901,-0.150825,4.34828,1.55593,35.042,-9999.0,16.73,82.1909
201210220700,201210220730,-9999.0,1.0,60.35,2.777,14.56,2.72271,4.39233,4.35922,4.46618,157.255,-9999.0,16.7,83.2532
201210220730,201210220800,-9999.0,1.0,142.0,0.198,15.83,2.91244,8.1663,4.62706,8.09312,278.164,-9999.0,16.68,98.9
201210220800,201210220830,-9999.0,1.0,226.3,2.162,17.96,3.2386,8.63982,5.06996,10.4403,391.217,-9999.0,16.66,89.5
201210220830,201210220900,-9999.0,1.0,302.0,4.611,19.93,3.5516,13.0175,5.49216,11.9067,494.48,-9999.0,16.64,80.2
201210220900,201210220930,-9999.0,1.0,282.3,7.668,21.55,3.81728,9.95748,5.85199,11.5679,586.187,-9999.0,16.62,70.2
201210220930,201210221000,-9999.0,1.0,445.4,10.218,22.69,4.00969,11.6206,6.11889,13.7841,664.767,-9999.0,16.6,62.95
201210221000,201210221030,-12.6468,0.0,477.7,12.796,23.75,4.19181,16.6659,6.37287,14.0693,728.877,-9999.0,16.59,56.48
201210221030,201210221100,-8.44336,0.0,546.3,15.134,24.66,4.35111,12.5834,6.59856,14.6276,777.42,-9999.0,16.59,51.26
201210221100,201210221130,-9999.0,1.0,577.6,16.551,25.78,4.54835,12.4317,6.8716,14.8517,809.564,-9999.0,16.6,50.13
201210221130,201210221200,-9999.0,1.0,599.6,17.658,26.55,4.68752,12.8285,7.07293,15.0025,824.761,-9999.0,16.62,49.16
201210221200,201210221230,-12.453,0.0,610.2,19.263,27.33,4.82978,16.9514,7.27851,15.0654,822.749,-9999.0,16.66,47.02
201210221230,201210221300,-9.80813,0.0,637.8,20.842,28.24,4.99627,14.4294,7.51445,15.2373,803.564,-9999.0,16.71,45.64
201210221300,201210221330,-5.23965,0.0,521.7,20.079,28.26,5.00667,9.86897,7.55805,14.4246,767.534,-9999.0,16.76,47.69
201210221330,201210221400,-11.7471,0.0,527.1,20.639,28.57,5.06843,16.422,7.66545,14.4767,715.275,-9999.0,16.82,47.19
201210221400,201210221430,-8.96271,0.0,402.4,19.035,28.18,5.00626,13.5925,7.61888,13.2694,647.681,-9999.0,16.88,50.18
201210221430,201210221500,-5.24398,0.0,207.9,16.66,27.45,4.88415,9.7844,7.49608,9.94132,565.908,-9999.0,16.95,54.5
201210221500,201210221530,-9999.0,1.0,186.8,14.847,26.68,4.75552,8.57531,7.36302,9.39605,471.357,-9999.0,17.02,57.58
201210221530,201210221600,-9999.0,1.0,222.1,14.033,26.51,4.73222,8.64221,7.36249,10.2996,365.645,-9999.0,17.09,59.5
201210221600,201210221630,-9999.0,1.0,86.1,6.744,23.85,4.2785,3.8085,6.80502,5.72319,250.58,-9999.0,17.15,77.2
201210221630,201210221700,3.63128,0.0,30.42,3.214,22.21,4.00688,0.250842,6.47386,2.45353,128.132,-9999.0,17.21,88.0
201210221700,201210221730,3.07279,0.0,6.2,1.009,21.23,3.84896,0.687841,6.28822,0.550673,16.4105,-9999.0,17.27,96.0
201210221730,201210221800,-9999.0,1.0,0.178,0.171,20.67,3.76166,-1.33851,6.19487,0.016191,0.0,-9999.0,17.32,99.3
201210221800,201210221830,-9999.0,1.0,0.0,0.049,20.75,3.77996,-1.32395,6.24348,0.0,0.0,-9999.0,17.36,99.8
201210221830,201210221900,-9999.0,1.0,0.0,0.199,20.98,3.82314,-1.5522,6.326,0.0,0.0,-9999.0,17.4,99.2
201210221900,201210221930,-9999.0,1.0,0.0,0.125,21.03,3.83661,-1.54143,6.36838,0.0,0.0,-9999.0,17.42,99.5
201210221930,201210222000,-9999.0,1.0,0.0,0.05,21.01,3.83847,-1.53966,6.39497,0.0,0.0,-9999.0,17.45,99.8
201210222000,201210222030,-9999.0,1.0,0.0,2.519,20.93,3.83034,-1.54565,6.40782,0.0,0.0,-9999.0,17.47,89.8306
201210222030,201210222100,-9999.0,1.0,0.0,2.377,20.79,3.8122,-1.29729,6.40675,0.0,0.0,-9999.0,17.49,90.3213
201210222100,201210222130,-9999.0,1.0,0.0,2.521,20.76,3.81234,-1.29686,6.43071,0.0,0.0,-9999.0,17.5,89.7154
201210222130,201210222200,-9999.0,1.0,0.0,2.238,20.7,3.80747,-1.30033,6.44767,0.0,0.0,-9999.0,17.52,90.8353
201210222200,201210222230,-9999.0,1.0,0.0,2.375,20.62,3.79925,-1.30639,6.45986,0.0,0.0,-9999.0,17.54,90.2253
201210222230,201210222300,-9999.0,1.0,0.0,2.218,20.55,3.79268,-1.24436,6.47421,0.0,0.0,-9999.0,17.55,90.8322
201210222300,201210222330,-9999.0,1.0,0.0,2.121,20.45,3.78109,-1.25306,6.48139,0.0,0.0,-9999.0,17.56,91.1811
201210222330,201210230000,-9999.0,1.0,0.0,2.25,20.34,3.77452,-1.26308,6.48601,0.0,0.0,-9999.0,17.57,90.5819
201210230000,201210230030,-9999.0,1.0,0.0,2.246,19.91,3.71452,-1.82919,6.41495,0.0,0.0,-9999.0,17.58,90.3455
201210230030,201210230100,-9999.0,1.0,0.0,1.742,19.49,3.65618,-1.25107,6.3106,0.0,0.0,-9999.0,17.59,92.3128
201210230100,201210230130,7.94599,0.0,0.0,1.779,18.88,3.56649,-4.42083,6.16229,0.0,0.0,-9999.0,17.59,91.8458
201210230130,201210230200,-9999.0,1.0,0.0,1.567,18.34,3.48859,-1.35951,6.03112,0.0,0.0,-9999.0,17.6,92.5685
201210230200,201210230230,-9999.0,1.0,0.0,1.592,17.69,3.393,-1.53749,5.87525,0.0,0.0,-9999.0,17.6,92.1348
201210230230,201210230300,1.56552,0.0,0.0,1.445,17.36,3.34968,1.77565,5.79399,0.0,0.0,-9999.0,17.6,92.7113
201210230300,201210230330,1.29683,0.0,0.0,1.32,17.3,3.35014,2.04043,5.77508,0.0,0.0,-9999.0,17.59,93.3201
201210230330,201210230400,3.64011,0.0,0.0,1.487,17.09,3.32615,-0.326042,5.72178,0.0,0.0,-9999.0,17.59,92.3739
201210230400,201210230430,3.75483,0.0,0.0,1.324,16.77,3.28422,-0.472561,5.64351,0.0,0.0,-9999.0,17.58,93.0685
201210230430,201210230500,5.02698,0.0,0.0,1.45,16.58,3.26331,-1.75993,5.59518,0.0,0.0,-9999.0,17.56,92.3146
201210230500,201210230530,6.40239,0.0,0.077,1.601,16.27,3.2229,-3.16612,5.51974,0.007037,0.0,-9999.0,17.54,91.3496
201210230530,201210230600,2.23674,0.0,0.161,1.447,16.19,3.21963,0.998274,5.49671,0.014756,0.0,-9999.0,17.52,92.1388
201210230600,201210230630,4.1906,0.0,0.76,1.467,16.13,3.21954,-0.954314,5.47824,0.069698,0.0,-9999.0,17.5,92.0002
201210230630,201210230700,7.56973,0.0,13.25,1.527,15.79,3.17401,-4.36846,5.3966,1.15638,30.8106,-9999.0,17.47,91.4923
201210230700,201210230730,-9999.0,1.0,55.17,1.081,15.5,3.13657,4.56281,5.32657,4.11859,151.266,-9999.0,17.45,93.8642
201210230730,201210230800,-9999.0,1.0,119.1,1.573,16.04,3.23369,7.81145,5.44335,7.27966,272.095,-9999.0,17.42,91.3763
201210230800,201210230830,-6.26131,0.0,195.2,2.159,16.66,3.34545,9.60307,5.57864,9.81324,385.073,-9999.0,17.4,88.6191
201210230830,201210230900,-9.2605,0.0,281.6,3.398,17.77,3.54161,12.7581,5.82622,11.7815,488.268,-9999.0,17.37,83.3015
201210230900,201210230930,-9999.0,1.0,268.4,2.491,19.48,3.84653,11.6967,6.21399,11.5388,579.913,-9999.0,17.34,89.0
201210230930,201210231000,-9999.0,1.0,429.9,5.704,20.81,4.09283,10.9262,6.51697,13.9669,658.441,-9999.0,17.32,76.8
201210231000,201210231030,-8.69993,0.0,493.0,7.688,21.76,4.27582,12.7661,6.73282,14.6266,722.509,-9999.0,17.3,70.5
201210231030,201210231100,-11.0644,0.0,541.6,8.823,22.36,4.39772,15.2239,6.86725,15.0629,771.019,-9999.0,17.29,67.36
201210231100,201210231130,-11.4173,0.0,574.2,10.085,23.32,4.58778,15.7204,7.08647,15.3282,803.142,-9999.0,17.28,64.8
201210231130,201210231200,-9999.0,1.0,591.1,12.129,24.58,4.83745,12.9591,7.37707,15.4608,818.329,-9999.0,17.3,60.75
201210231200,201210231230,-9999.0,1.0,582.7,14.956,25.89,5.1013,12.6323,7.68037,15.4065,816.318,-9999.0,17.31,55.23
201210231230,201210231300,-10.2728,0.0,549.2,16.742,26.98,5.327,15.123,7.93207,15.1558,797.146,-9999.0,17.34,53.0
201210231300,201210231330,-5.3328,0.0,588.1,17.528,27.4,5.42442,10.2552,8.0247,15.4605,761.14,-9999.0,17.37,51.99
201210231330,201210231400,-8.47516,0.0,398.0,15.211,26.7,5.30293,13.3119,7.85144,13.6687,708.915,-9999.0,17.41,56.59
201210231400,201210231430,-2.91166,0.0,393.2,10.55,25.2,5.02663,7.54932,7.48998,13.6192,641.366,-9999.0,17.45,67.1
201210231430,201210231500,-7.04363,0.0,358.4,10.346,24.98,4.99846,11.6625,7.43145,13.1683,559.648,-9999.0,17.5,67.31
201210231500,201210231530,-5.10728,0.0,280.6,8.184,23.89,4.80296,9.58416,7.16901,11.9199,465.16,-9999.0,17.55,72.4
201210231530,201210231600,-0.159266,0.0,187.6,7.148,23.42,4.72668,4.58145,7.0527,9.80143,359.518,-9999.0,17.6,75.2
201210231600,201210231630,2.14044,0.0,107.5,5.861,22.73,4.60857,2.19564,6.88563,7.01142,244.53,-9999.0,17.65,78.8
201210231630,201210231700,4.45672,0.0,32.64,4.819,22.02,4.48705,-0.209844,6.71474,2.77804,122.163,-9999.0,17.69,81.8
201210231700,201210231730,-9999.0,1.0,2.665,2.843,20.62,4.23724,-0.706854,6.38604,0.259095,13.5643,-9999.0,17.72,88.3
201210231730,201210231800,-9999.0,1.0,0.152,2.118,19.57,4.05503,-1.01777,6.14023,0.014997,0.0,-9999.0,17.75,90.7
201210231800,201210231830,-9999.0,1.0,0.0,1.431,19.03,3.96744,-0.957574,6.01198,0.0,0.0,-9999.0,17.78,93.5
201210231830,201210231900,-9999.0,1.0,0.0,0.584,18.74,3.92555,-1.04946,5.94089,0.0,0.0,-9999.0,17.8,97.3
201210231900,201210231930,-9999.0,1.0,0.0,0.299,18.52,3.89635,-1.0142,5.88583,0.0,0.0,-9999.0,17.8,98.6
201210231930,201210232000,-9999.0,1.0,0.0,2.322,18.25,3.85797,-1.14068,5.8197,0.0,0.0,-9999.0,17.81,88.9293
201210232000,201210232030,-9999.0,1.0,0.0,1.729,17.67,3.76342,-1.21279,5.68438,0.0,0.0,-9999.0,17.8,91.4509
201210232030,201210232100,-9999.0,1.0,0.0,1.673,17.32,3.71061,-1.21866,5.6011,0.0,0.0,-9999.0,17.8,91.5396
201210232100,201210232130,-9999.0,1.0,0.0,1.578,16.9,3.64528,-1.51429,5.50265,0.0,0.0,-9999.0,17.79,91.8085
201210232130,201210232200,2.88925,0.0,0.0,1.283,17.07,3.68587,0.758845,5.53534,0.0,0.0,-9999.0,17.77,93.4107
201210232200,201210232230,-9999.0,1.0,0.0,1.436,16.87,3.65987,-1.49996,5.48597,0.0,0.0,-9999.0,17.75,92.5295
201210232230,201210232300,-9999.0,1.0,0.0,1.799,16.32,3.57102,-1.45613,5.35959,0.0,0.0,-9999.0,17.73,90.309
201210232300,201210232330,-9999.0,1.0,0.001,1.595,15.87,3.50037,-1.20446,5.25592,0.000102,0.0,-9999.0,17.71,91.1576
201210232330,201210240000,-9999.0,1.0,0.0,1.648,15.81,3.49917,-1.20404,5.23798,0.0,0.0,-9999.0,17.69,90.828
201210240000,201210240030,-9999.0,1.0,0.0,1.469,15.43,3.441,-0.955031,5.1503,0.0,0.0,-9999.0,17.66,91.6219
201210240030,201210240100,-9999.0,1.0,0.0,1.366,15.67,3.49306,-1.20616,5.19784,0.0,0.0,-9999.0,17.63,92.3272
201210240100,201210240130,-9999.0,1.0,0.0,1.353,15.69,3.50605,-1.19446,5.19743,0.0,0.0,-9999.0,17.6,92.412
201210240130,201210240200,-9999.0,1.0,0.0,1.305,15.61,3.5011,-1.19703,5.17525,0.0,0.0,-9999.0,17.56,92.6423
201210240200,201210240230,-9999.0,1.0,0.0,1.798,15.27,3.44951,-0.33946,5.09674,0.0,0.0,-9999.0,17.53,89.642
201210240230,201210240300,-9999.0,1.0,0.0,1.719,14.52,3.3253,-0.558057,4.93038,0.0,0.0,-9999.0,17.49,89.6081
201210240300,201210240330,-9999.0,1.0,0.0,1.334,14.54,3.33769,-0.546773,4.93013,0.0,0.0,-9999.0,17.46,91.9448
201210240330,201210240400,3.93219,0.0,0.0,1.499,14.94,3.41788,-0.47991,5.01151,0.0,0.0,-9999.0,17.42,91.1759
201210240400,201210240430,5.04173,0.0,0.0,1.862,14.8,3.40183,-1.60097,4.9768,0.0,0.0,-9999.0,17.39,88.9404
201210240430,201210240500,5.70149,0.0,0.0,2.201,14.82,3.41441,-2.24932,4.97649,0.0,0.0,-9999.0,17.35,86.9468
201210240500,201210240530,8.79105,0.0,0.069,2.409,14.61,3.38569,-5.36061,4.92692,0.007275,0.0,-9999.0,17.31,85.5183
201210240530,201210240600,-9999.0,1.0,0.141,2.402,14.41,3.35871,-0.523308,4.87965,0.014901,0.0,-9999.0,17.28,85.3732
201210240600,201210240630,-9999.0,1.0,0.647,2.823,14.41,3.36751,-0.514913,4.87514,0.068389,0.0,-9999.0,17.24,82.8071
201210240630,201210240700,-1.08057,0.0,12.56,2.738,14.1,3.32071,4.4626,4.80473,1.2547,26.8683,-9999.0,17.21,82.9862
201210240700,201210240730,-4.03433,0.0,79.2,0.0,14.48,3.39775,7.47974,4.88099,6.00496,145.315,-9999.0,17.17,100.0
201210240730,201210240800,-2.26493,0.0,124.9,1.352,15.65,3.62097,5.89,5.12676,8.13582,266.059,-9999.0,17.14,92.4
201210240800,201210240830,-7.60581,0.0,283.2,3.286,17.05,3.89379,11.4473,5.4249,12.3779,378.959,-9999.0,17.11,83.1
201210240830,201210240900,-12.253,0.0,333.2,5.047,18.36,4.15685,16.3004,5.70628,13.202,482.081,-9999.0,17.07,76.1
201210240900,201210240930,-11.9245,0.0,282.9,6.389,19.43,4.37871,16.1438,5.93679,12.3966,573.663,-9999.0,17.05,71.7
201210240930,201210241000,-11.8517,0.0,436.0,7.37,20.3,4.56461,16.2141,6.12409,14.4893,652.136,-9999.0,17.03,69.07
201210241000,201210241030,-9999.0,1.0,491.8,7.984,21.16,4.75151,14.1702,6.30982,15.0267,716.159,-9999.0,17.02,68.22
201210241030,201210241100,-9999.0,1.0,533.0,8.827,21.73,4.88121,13.6385,6.43122,15.3728,764.635,-9999.0,17.01,66.07
201210241100,201210241130,-10.5057,0.0,575.4,10.649,22.75,5.10669,15.2794,6.6537,15.69,796.736,-9999.0,17.02,61.53
201210241130,201210241200,-4.04316,0.0,553.6,12.268,23.76,5.33376,8.98632,6.8746,15.5431,811.912,-9999.0,17.03,58.3
201210241200,201210241230,-9999.0,1.0,591.5,14.17,24.6,5.52769,13.4013,7.0576,15.813,809.903,-9999.0,17.06,54.2
201210241230,201210241300,-9999.0,1.0,608.6,18.182,25.88,5.82036,13.8047,7.3405,15.9302,790.744,-9999.0,17.08,45.54
201210241300,201210241330,-3.75114,0.0,572.9,19.539,26.2,5.90548,9.11598,7.40611,15.7023,754.763,-9999.0,17.12,42.57
201210241330,201210241400,-7.88428,0.0,527.8,19.653,26.31,5.94468,13.2794,7.42406,15.3805,702.575,-9999.0,17.16,42.61
201210241400,201210241430,-6.01948,0.0,461.1,19.129,25.98,5.88659,11.3747,7.34244,14.8197,635.073,-9999.0,17.21,43.04
201210241430,201210241500,-5.39779,0.0,354.0,17.763,25.37,5.76662,10.6683,7.19788,13.6268,553.412,-9999.0,17.26,45.16
201210241500,201210241530,-5.05148,0.0,310.2,15.86,24.61,5.61393,10.2129,7.02015,12.9991,458.99,-9999.0,17.3,48.77
201210241530,201210241600,-4.14757,0.0,198.3,14.324,24.0,5.49446,9.22362,6.8768,10.727,353.421,-9999.0,17.35,52.01
201210241600,201210241630,-0.639248,0.0,111.2,11.835,23.14,5.32101,5.58967,6.67829,7.78329,238.513,-9999.0,17.39,58.24
201210241630,201210241700,1.75293,0.0,24.04,8.144,21.64,5.01161,2.96961,6.33918,2.38669,116.231,-9999.0,17.43,68.52
201210241700,201210241730,-9999.0,1.0,3.942,5.386,19.95,4.66713,-0.541195,5.96176,0.434138,10.9981,-9999.0,17.46,76.9
201210241730,201210241800,-9999.0,1.0,0.173,3.555,18.68,4.41543,-0.461299,5.67985,0.019493,0.0,-9999.0,17.49,83.5
201210241800,201210241830,-9999.0,1.0,0.0,2.608,18.04,4.29527,-0.733675,5.53631,0.0,0.0,-9999.0,17.51,87.4
201210241830,201210241900,-9999.0,1.0,0.0,1.711,17.05,4.10532,-0.998246,5.3189,0.0,0.0,-9999.0,17.52,91.2
201210241900,201210241930,-9999.0,1.0,0.001,0.811,16.56,4.01715,-1.07963,5.20959,0.000114,0.0,-9999.0,17.53,95.7
201210241930,201210242000,-9999.0,1.0,0.001,0.204,16.32,3.97905,-1.07483,5.15378,0.000114,0.0,-9999.0,17.52,98.9
201210242000,201210242030,-9999.0,1.0,0.003,0.106,15.51,3.82816,-0.500685,4.97822,0.000343,0.0,-9999.0,17.51,99.4
201210242030,201210242100,-9999.0,1.0,0.002,1.675,15.31,3.79811,-0.390167,4.93158,0.000229,0.0,-9999.0,17.5,90.3748
201210242100,201210242130,-9999.0,1.0,0.002,1.605,15.3,3.80537,-0.383015,4.92479,0.00023,0.0,-9999.0,17.47,90.7682
201210242130,201210242200,-9999.0,1.0,0.006,1.85,14.55,3.66758,-0.072906,4.76403,0.000691,0.0,-9999.0,17.45,88.8336
201210242200,201210242230,-9999.0,1.0,0.006,1.832,13.65,3.50253,0.557853,4.57402,0.000692,0.0,-9999.0,17.42,88.2804
201210242230,201210242300,-9999.0,1.0,0.015,1.776,13.04,3.39467,0.744925,4.44512,0.001735,0.0,-9999.0,17.38,88.1753
201210242300,201210242330,-9999.0,1.0,0.006,1.449,13.33,3.45807,0.86858,4.4999,0.000696,0.0,-9999.0,17.35,90.5363
201210242330,201210250000,-9999.0,1.0,0.003,1.434,13.71,3.53945,0.88818,4.57318,0.000349,0.0,-9999.0,17.31,90.8601
201210250000,201210250030,-9999.0,1.0,0.0,1.801,13.43,3.4939,0.900176,4.51165,0.0,0.0,-9999.0,17.27,88.3114
201210250030,201210250100,-9999.0,1.0,0.006,1.831,12.76,3.37397,1.14638,4.36965,0.000698,0.0,-9999.0,17.23,87.5831
201210250100,201210250130,-9999.0,1.0,0.0,1.441,12.8,3.38963,1.16041,4.37171,0.0,0.0,-9999.0,17.18,90.2553
201210250130,201210250200,1.12323,0.0,0.002,1.569,12.68,3.37478,2.35109,4.34154,0.000232,0.0,-9999.0,17.14,89.3043
201210250200,201210250230,-4.18049,0.0,0.0,1.478,12.93,3.43069,7.70163,4.38584,0.0,0.0,-9999.0,17.09,90.0911
201210250230,201210250300,-9999.0,1.0,0.0,1.481,12.89,3.43111,1.19799,4.37173,0.0,0.0,-9999.0,17.04,90.0448
201210250300,201210250330,-9999.0,1.0,0.001,1.553,12.75,3.41225,1.18389,4.3376,0.000115,0.0,-9999.0,17.0,89.4644
201210250330,201210250400,7.19061,0.0,0.001,1.678,12.22,3.31875,-3.75718,4.22584,0.000115,0.0,-9999.0,16.95,88.2084
201210250400,201210250430,-9999.0,1.0,0.001,1.772,11.98,3.28087,2.00939,4.17239,0.000115,0.0,-9999.0,16.91,87.3516
201210250430,201210250500,-9999.0,1.0,0.006,1.627,11.77,3.2487,2.55114,4.12513,0.000687,0.0,-9999.0,16.86,88.2282
201210250500,201210250530,-9999.0,1.0,0.055,1.798,11.22,3.15262,2.50142,4.0115,0.006285,0.0,-9999.0,16.81,86.5048
201210250530,201210250600,-9999.0,1.0,0.027,1.538,11.72,3.25439,2.55825,4.10383,0.00308,0.0,-9999.0,16.76,88.8359
201210250600,201210250630,-9999.0,1.0,0.469,1.704,11.63,3.24485,2.74261,4.08046,0.053256,0.0,-9999.0,16.72,87.5512
201210250630,201210250700,-9999.0,1.0,10.8,1.646,10.56,3.05124,2.12572,3.86689,1.15823,23.2352,-9999.0,16.67,87.0943
201210250700,201210250730,-9999.0,1.0,52.96,0.99,12.0,3.33087,3.92292,4.14155,4.65181,139.403,-9999.0,16.63,92.9447
201210250730,201210250800,-9999.0,1.0,126.0,0.774,12.41,3.41808,7.31327,4.21636,8.43321,260.059,-9999.0,16.57,94.63
201210250800,201210250830,-9999.0,2.0,205.3,0.0,12.89,3.52021,11.7593,4.30522,10.9194,372.876,-9999.0,16.53,100.0
201210250830,201210250900,-9999.0,2.0,283.1,0.0,14.48,3.84835,13.9233,4.61649,12.5313,475.924,-9999.0,16.48,100.0
201210250900,201210250930,-9999.0,1.0,252.0,0.0,16.27,4.23075,13.3904,4.97311,11.9378,567.439,-9999.0,16.44,100.0
201210250930,201210251000,-9999.0,2.0,426.8,0.231,18.25,4.6689,16.1321,5.37406,14.4177,645.855,-9999.0,16.4,98.9
201210251000,201210251030,-9999.0,1.0,486.4,4.058,19.77,5.01869,13.7273,5.68342,14.9578,709.831,-9999.0,16.37,82.4
201210251030,201210251100,-8.093,0.0,533.0,8.192,21.21,5.35916,13.1385,5.97813,15.3134,758.272,-9999.0,16.35,67.49
201210251100,201210251130,-5.16229,0.0,570.0,11.611,22.71,5.72166,10.4784,6.28716,15.561,790.35,-9999.0,16.34,57.95
201210251130,201210251200,-7.54585,0.0,599.6,14.236,23.87,6.0106,13.0756,6.52499,15.7389,805.515,-9999.0,16.35,51.93
201210251200,201210251230,-9.23982,0.0,501.2,15.777,24.71,6.22677,14.9287,6.69489,15.0277,803.507,-9999.0,16.38,49.34
201210251230,201210251300,-8.84982,0.0,478.8,15.634,24.79,6.26027,14.5649,6.70244,14.8266,784.362,-9999.0,16.41,50.04
201210251300,201210251330,-8.68181,0.0,445.1,15.496,24.78,6.27195,14.4074,6.69078,14.5055,748.407,-9999.0,16.45,50.45
201210251330,201210251400,-8.67812,0.0,591.9,16.892,25.69,6.5092,14.5768,6.87516,15.6392,696.257,-9999.0,16.5,48.83
201210251400,201210251430,-7.95648,0.0,457.1,15.462,25.34,6.43754,13.8056,6.79081,14.5923,628.804,-9999.0,16.55,52.18
201210251430,201210251500,-3.92617,0.0,442.1,13.147,24.86,6.33389,9.70252,6.67916,14.4365,547.203,-9999.0,16.61,58.16
201210251500,201210251530,-5.15134,0.0,320.3,9.86,23.24,5.95316,10.6525,6.32738,12.9549,452.849,-9999.0,16.67,65.42
201210251530,201210251600,-2.70322,0.0,194.1,8.109,22.19,5.71385,8.03017,6.09809,10.4337,347.358,-9999.0,16.73,69.69
201210251600,201210251630,-9999.0,1.0,92.1,6.896,21.37,5.53116,5.7503,5.91839,6.74646,232.533,-9999.0,16.79,72.9
201210251630,201210251700,-9999.0,1.0,36.73,5.139,20.2,5.26767,1.31995,5.66766,3.34903,110.34,-9999.0,16.84,78.3
201210251700,201210251730,0.75039,0.0,4.587,3.361,19.2,5.04671,4.08215,5.45415,0.487266,8.73142,-9999.0,16.89,84.9
201210251730,201210251800,2.14847,0.0,0.079,1.928,18.41,4.87615,2.55572,5.28528,0.008576,0.0,-9999.0,16.93,90.9
201210251800,201210251830,-9999.0,1.0,0.001,1.145,17.56,4.69348,-0.161277,5.10571,0.000108,0.0,-9999.0,16.96,94.3
201210251830,201210251900,-9999.0,1.0,0.002,0.672,16.4,4.42946,-0.491684,4.86593,0.000216,0.0,-9999.0,16.98,96.4
201210251900,201210251930,-9999.0,1.0,0.0,0.181,15.93,4.32154,-0.052605,4.76553,0.0,0.0,-9999.0,17.0,99.0
201210251930,201210252000,-9999.0,1.0,0.0,0.018,15.42,4.20604,0.404985,4.65793,0.0,0.0,-9999.0,17.0,99.9
201210252000,201210252030,-9999.0,1.0,0.0,1.597,15.1,4.13266,0.879796,4.58833,0.0,0.0,-9999.0,17.0,90.6953
201210252030,201210252100,-9999.0,1.0,0.0,1.588,14.87,4.07911,1.30098,4.53668,0.0,0.0,-9999.0,17.0,90.6131
201210252100,201210252130,9.21055,0.0,0.0,1.51,14.47,3.98974,-5.12692,4.45223,0.0,0.0,-9999.0,16.99,90.8428
201210252130,201210252200,4.35136,0.0,0.0,1.465,14.46,3.98356,-0.261034,4.4438,0.0,0.0,-9999.0,16.97,91.1088
201210252200,201210252230,4.26569,0.0,0.001,1.431,14.15,3.91407,-0.220476,4.37738,0.000107,0.0,-9999.0,16.96,91.1352
201210252230,201210252300,-9999.0,1.0,0.0,1.708,13.76,3.82844,1.56455,4.29599,0.0,0.0,-9999.0,16.93,89.1509
201210252300,201210252330,-9999.0,1.0,0.0,1.741,13.22,3.71271,1.67209,4.18655,0.0,0.0,-9999.0,16.91,88.5462
201210252330,201210260000,-9999.0,1.0,0.0,1.701,12.97,3.65763,1.65031,4.13294,0.0,0.0,-9999.0,16.88,88.6223
201210260000,201210260030,-9999.0,1.0,0.0,1.543,13.03,3.66616,1.71256,4.13823,0.0,0.0,-9999.0,16.85,89.7195
201210260030,201210260100,-9999.0,1.0,0.0,1.69,12.88,3.6318,1.74887,4.1038,0.0,0.0,-9999.0,16.82,88.6331
201210260100,201210260130,-9999.0,1.0,0.001,1.834,12.36,3.52285,1.80044,4.00002,0.000105,0.0,-9999.0,16.79,87.2341
201210260130,201210260200,-9999.0,1.0,0.003,1.792,11.95,3.43724,3.15719,3.91763,0.000315,0.0,-9999.0,16.75,87.1861
201210260200,201210260230,-9999.0,1.0,0.0,1.789,11.62,3.36834,3.31964,3.85066,0.0,0.0,-9999.0,16.71,86.927
201210260230,201210260300,-9999.0,1.0,0.002,1.566,11.65,3.3708,3.32056,3.8505,0.000209,0.0,-9999.0,16.67,88.5789
201210260300,201210260330,-9999.0,1.0,0.0,1.495,11.81,3.39892,3.12137,3.87436,0.0,0.0,-9999.0,16.63,89.2099
201210260330,201210260400,-9999.0,1.0,0.0,1.435,12.19,3.47084,2.08458,3.93895,0.0,0.0,-9999.0,16.59,89.8964
201210260400,201210260430,-9999.0,1.0,0.0,1.468,12.12,3.45333,1.9688,3.92013,0.0,0.0,-9999.0,16.55,89.6196
201210260430,201210260500,-9999.0,1.0,0.0,1.967,14.706,3.97831,1.11879,4.39977,0.0,0.0,-9999.0,16.51,-9999.0
201210260500,201210260530,-9999.0,1.0,0.0,1.967,14.721,3.97735,1.11668,4.39607,0.0,0.0,-9999.0,16.47,-9999.0
201210260530,201210260600,-9999.0,1.0,0.0,1.963,14.727,3.97449,1.11302,4.39064,0.0,0.0,-9999.0,16.42,-9999.0
201210260600,201210260630,-9999.0,1.0,0.619,0.691,13.63,3.74321,1.56328,4.17726,0.063491,0.0,-9999.0,16.38,95.5748
201210260630,201210260700,-9999.0,1.0,6.273,0.721,13.71,3.7557,1.82636,4.18598,0.624093,19.8714,-9999.0,16.35,95.4035
201210260700,201210260730,-0.10736,0.0,31.15,0.549,14.02,3.81546,4.06119,4.23778,2.75524,133.532,-9999.0,16.32,96.5738
201210260730,201210260800,-6.71941,0.0,78.5,0.131,14.65,3.94198,10.7755,4.34986,5.74196,254.097,-9999.0,16.29,99.2153
201210260800,201210260830,-3.84991,0.0,147.9,1.005,15.57,4.13117,8.05824,4.51741,8.63634,366.829,-9999.0,16.26,94.322
201210260830,201210260900,-8.71212,0.0,145.9,2.267,16.57,4.34057,13.0873,4.70131,8.55666,469.799,-9999.0,16.25,87.9801
201210260900,201210260930,-9999.0,1.0,230.6,0.081,17.67,4.57528,10.2233,4.9056,10.8457,561.244,-9999.0,16.23,99.6
201210260930,201210261000,-9999.0,1.0,105.4,1.677,18.65,4.78713,6.51547,5.0878,6.98174,639.601,-9999.0,16.22,92.2
201210261000,201210261030,-6.30867,0.0,306.7,1.358,18.94,4.84682,11.0791,5.13639,12.2306,703.529,-9999.0,16.22,93.8
201210261030,201210261100,-10.2909,0.0,374.4,4.078,20.41,5.17363,15.3129,5.4152,13.1592,751.933,-9999.0,16.23,83.0
201210261100,201210261130,-5.1007,0.0,175.7,4.936,20.47,5.1819,10.1274,5.41872,9.42076,783.986,-9999.0,16.24,79.5
201210261130,201210261200,-7.76624,0.0,245.7,5.402,20.64,5.21526,12.817,5.44371,11.0969,799.14,-9999.0,16.26,77.8
201210261200,201210261230,-7.51162,0.0,305.8,6.296,21.2,5.33806,12.6547,5.54494,12.1621,797.134,-9999.0,16.29,75.0
201210261230,201210261300,-11.3487,0.0,517.4,8.469,22.27,5.57994,16.674,5.74637,14.5141,778.003,-9999.0,16.33,68.5
201210261300,201210261330,-12.2857,0.0,335.3,8.004,22.2,5.5578,17.5924,5.72385,12.5763,742.075,-9999.0,16.37,70.1
201210261330,201210261400,-3.92845,0.0,182.8,6.143,21.33,5.35109,9.07637,5.54494,9.55531,689.965,-9999.0,16.41,75.8
201210261400,201210261430,-6.25844,0.0,195.9,5.095,20.75,5.21295,11.299,5.42364,9.89066,622.563,-9999.0,16.46,79.2
201210261430,201210261500,-3.37282,0.0,146.8,5.526,20.72,5.20064,8.40229,5.4095,8.43871,541.023,-9999.0,16.51,77.4
201210261500,201210261530,-2.42924,0.0,101.7,4.654,20.41,5.12494,7.39892,5.34124,6.69897,446.741,-9999.0,16.56,80.6
201210261530,201210261600,-0.195987,0.0,58.12,4.31,20.29,5.09246,5.13903,5.30989,4.45719,341.33,-9999.0,16.61,81.9
201210261600,201210261630,4.41071,0.0,22.45,3.944,20.06,5.03537,0.486705,5.25747,1.98877,226.592,-9999.0,16.65,83.2
201210261630,201210261700,5.45125,0.0,9.43,2.995,19.51,4.90723,-0.654522,5.144,0.884319,104.492,-9999.0,16.69,86.8
201210261700,201210261730,3.21703,0.0,0.75,1.883,18.94,4.77593,1.47608,5.02744,0.073137,6.72375,-9999.0,16.73,91.4
201210261730,201210261800,4.1027,0.0,0.0,0.989,18.64,4.70501,0.53351,4.96275,0.0,0.0,-9999.0,16.76,95.4
201210261800,201210261830,-9999.0,1.0,0.0,0.441,18.27,4.6193,0.405185,4.88516,0.0,0.0,-9999.0,16.79,97.9
201210261830,201210261900,-9999.0,1.0,0.0,1.704,17.84,4.52129,0.576567,4.79671,0.0,0.0,-9999.0,16.81,91.6643
201210261900,201210261930,7.34517,0.0,0.0,1.353,17.66,4.47774,-2.89193,4.75553,0.0,0.0,-9999.0,16.83,93.3033
201210261930,201210262000,3.31923,0.0,0.001,1.143,17.59,4.45796,1.1169,4.73504,9.7e-05,0.0,-9999.0,16.84,94.3203
201210262000,201210262030,2.74306,0.0,0.0,1.102,17.35,4.4019,1.6473,4.68294,0.0,0.0,-9999.0,16.85,94.4382
201210262030,201210262100,-9999.0,1.0,0.0,1.887,14.641,3.83365,0.932993,4.17817,0.0,0.0,-9999.0,16.86,-9999.0
201210262100,201210262130,-9999.0,1.0,0.0,1.893,14.64,3.82935,0.928164,4.17145,0.0,0.0,-9999.0,16.86,-9999.0
201210262130,201210262200,-9999.0,1.0,0.0,1.9,14.641,3.82546,0.923665,4.16509,0.0,0.0,-9999.0,16.86,-9999.0
201210262200,201210262230,-9999.0,1.0,0.0,1.906,14.643,3.82177,0.919329,4.15891,0.0,0.0,-9999.0,16.86,-9999.0
201210262230,201210262300,-9999.0,1.0,0.0,1.905,14.638,3.81666,0.913844,4.15147,0.0,0.0,-9999.0,16.86,-9999.0
201210262300,201210262330,-9999.0,1.0,0.0,1.905,14.637,3.81237,0.909016,4.14476,0.0,0.0,-9999.0,16.85,-9999.0
201210262330,201210270000,-9999.0,1.0,0.0,1.906,14.636,3.80807,0.904188,4.13804,0.0,0.0,-9999.0,16.84,-9999.0
201210270000,201210270030,-9999.0,1.0,0.0,1.908,14.639,3.80458,0.900015,4.13204,0.0,0.0,-9999.0,16.83,-9999.0
201210270030,201210270100,-9999.0,1.0,0.0,1.911,14.64,3.80069,0.895514,4.1508,0.0,0.0,-9999.0,16.82,-9999.0
201210270100,201210270130,-9999.0,1.0,0.0,1.913,14.642,3.79699,0.891176,4.16974,0.0,0.0,-9999.0,16.81,-9999.0
201210270130,201210270200,-9999.0,1.0,0.0,1.918,14.649,3.79431,0.887654,4.18959,0.0,0.0,-9999.0,16.8,-9999.0
201210270200,201210270230,-9999.0,1.0,0.0,1.925,14.658,3.79201,0.859193,4.20982,0.0,0.0,-9999.0,16.79,-9999.0
201210270230,201210270300,-9999.0,1.0,0.0,1.932,14.664,3.78912,0.73379,4.22951,0.0,0.0,-9999.0,16.78,-9999.0
201210270300,201210270330,-9999.0,1.0,0.0,1.937,14.67,3.78622,0.730095,4.24922,0.0,0.0,-9999.0,16.77,-9999.0
201210270330,201210270400,-9999.0,1.0,0.0,1.943,14.68,3.78411,0.727049,4.26967,0.0,0.0,-9999.0,16.76,-9999.0
201210270400,201210270430,-9999.0,1.0,0.0,1.95,14.691,3.78221,0.724159,4.29032,0.0,0.0,-9999.0,16.75,-9999.0
201210270430,201210270500,-9999.0,1.0,0.0,1.957,14.705,3.7809,0.721751,4.31156,0.0,0.0,-9999.0,16.74,-9999.0
201210270500,201210270530,-9999.0,1.0,0.0,1.957,14.717,3.77918,0.719014,4.33244,0.0,0.0,-9999.0,16.74,-9999.0
201210270530,201210270600,-9999.0,1.0,0.0,1.957,14.729,3.77746,0.716274,4.35334,0.0,0.0,-9999.0,16.73,-9999.0
201210270600,201210270630,-9999.0,1.0,0.039,1.956,14.737,3.77494,0.712883,4.3735,0.003624,0.0,-9999.0,16.72,-9999.0
201210270630,201210270700,-9999.0,1.0,3.197,1.973,14.747,3.77281,0.731432,4.39406,0.292351,16.7915,-9999.0,16.7,-9999.0
201210270700,201210270730,-9999.0,1.0,17.07,2.079,14.867,3.79256,0.961895,4.43563,1.46717,127.706,-9999.0,16.7,-9999.0
201210270730,201210270800,-9999.0,1.0,32.1,1.048,18.89,4.61843,0.761122,5.24027,2.59114,248.176,-9999.0,16.69,95.2
201210270800,201210270830,-9999.0,1.0,45.36,2.423,13.755,3.5658,1.7751,4.26023,3.4751,360.819,-9999.0,16.68,-9999.0
201210270830,201210270900,-9999.0,1.0,82.4,4.791,17.56,4.32817,4.71337,5.01945,5.53918,463.708,-9999.0,16.68,-9999.0
201210270900,201210270930,-9999.0,1.0,155.2,0.835,19.0,4.62669,8.27603,5.32861,8.42169,555.082,-9999.0,16.68,96.2
201210270930,201210271000,-9999.0,1.0,197.4,2.799,19.69,4.76918,8.87511,5.4905,9.63836,633.377,-9999.0,16.68,87.8
201210271000,201210271030,-3.82348,0.0,221.6,4.701,19.92,4.81341,8.49082,5.56016,10.2337,697.255,-9999.0,16.69,79.8
201210271030,201210271100,-3.15177,0.0,229.6,5.667,20.02,4.82965,7.82995,5.6036,10.4168,745.621,-9999.0,16.71,75.8
201210271100,201210271130,-9.32217,0.0,485.5,7.081,20.81,4.99536,14.1255,5.7897,14.1344,777.649,-9999.0,16.73,71.2
201210271130,201210271200,-4.54712,0.0,338.8,6.745,21.19,5.0727,9.40756,5.89243,12.415,792.791,-9999.0,16.75,73.2
201210271200,201210271230,-4.58243,0.0,380.9,6.359,21.04,5.03438,9.41202,5.88509,13.0007,790.786,-9999.0,16.77,74.5
201210271230,201210271300,2.11871,0.0,374.8,7.581,21.31,5.08769,2.74965,5.96565,12.9264,771.671,-9999.0,16.8,70.1
201210271300,201210271330,-2.1255,0.0,404.4,7.961,20.93,4.99937,6.92502,5.9097,13.3042,735.771,-9999.0,16.83,67.86
201210271330,201210271400,-1.57346,0.0,180.0,7.198,20.52,4.90518,6.29946,5.84696,9.14932,683.701,-9999.0,16.86,70.2
201210271400,201210271430,-0.240707,0.0,127.4,5.399,19.78,4.74119,4.83935,5.71415,7.42275,616.353,-9999.0,16.89,76.6
201210271430,201210271500,-0.655417,0.0,113.0,5.369,19.76,4.73168,5.2451,5.73274,6.85524,534.877,-9999.0,16.92,76.7
201210271500,201210271530,-2.31886,0.0,182.3,5.698,20.04,4.78607,6.94866,5.81504,9.20862,440.669,-9999.0,16.94,75.7
201210271530,201210271600,-1.46441,0.0,102.2,5.762,20.09,4.79141,6.09665,5.84875,6.39217,335.34,-9999.0,16.96,75.5
201210271600,201210271630,8.56923,0.0,41.31,5.254,19.62,4.68625,-4.01943,5.77119,3.15526,220.693,-9999.0,16.98,77.0
201210271630,201210271700,-9999.0,1.0,21.29,4.102,19.14,4.57989,-0.17577,5.69101,1.75232,98.6887,-9999.0,17.0,81.5
201210271700,201210271730,10.838,0.0,2.012,4.49,18.71,4.48491,-6.44705,5.62107,0.178963,4.98907,-9999.0,17.01,79.2
201210271730,201210271800,7.28279,0.0,0.0,4.842,18.66,4.4695,-2.90539,5.63225,0.0,0.0,-9999.0,17.02,77.5
201210271800,201210271830,6.99067,0.0,0.0,4.222,18.76,4.48528,-2.6026,5.67571,0.0,0.0,-9999.0,17.03,80.5
201210271830,201210271900,2.76509,0.0,0.0,3.521,18.72,4.47195,1.61105,5.689,0.0,0.0,-9999.0,17.04,83.7
201210271900,201210271930,5.8148,0.0,0.0,3.497,18.71,4.46487,-1.44575,5.70876,0.0,0.0,-9999.0,17.04,83.8
201210271930,201210272000,4.16296,0.0,0.0,2.035,18.09,4.33204,0.101169,5.59563,0.0,0.0,-9999.0,17.04,90.2
201210272000,201210272030,6.28909,0.0,0.0,0.893,17.38,4.18254,-2.14357,5.46258,0.0,0.0,-9999.0,17.04,95.5
201210272030,201210272100,5.83182,0.0,0.0,1.256,17.44,4.18999,-1.68197,5.49647,0.0,0.0,-9999.0,17.04,93.7
201210272100,201210272130,12.1108,0.0,0.0,2.708,17.78,4.25423,-7.91211,5.59179,0.0,0.0,-9999.0,17.03,86.7
201210272130,201210272200,-9999.0,1.0,0.0,1.851,14.619,3.6247,0.532526,4.92662,0.0,0.0,-9999.0,17.02,-9999.0
201210272200,201210272230,-9999.0,1.0,0.0,1.855,14.62,3.6208,0.528021,4.94539,0.0,0.0,-9999.0,17.01,-9999.0
201210272230,201210272300,-9999.0,1.0,0.0,1.86,14.622,3.61709,0.52367,4.96439,0.0,0.0,-9999.0,17.0,-9999.0
201210272300,201210272330,-9999.0,1.0,0.0,1.866,14.628,3.61415,0.519937,4.98425,0.0,0.0,-9999.0,16.99,-9999.0
201210272330,201210280000,-9999.0,1.0,0.0,1.874,14.634,3.6112,0.516202,5.00412,0.0,0.0,-9999.0,16.98,-9999.0
201210280000,201210280030,-9999.0,1.0,0.0,1.874,14.639,3.60806,0.512309,5.02379,0.0,0.0,-9999.0,16.97,-9999.0
201210280030,201210280100,-9999.0,1.0,0.0,1.874,14.645,3.60511,0.508569,5.04368,0.0,0.0,-9999.0,16.95,-9999.0
201210280100,201210280130,-9999.0,1.0,0.0,1.874,14.651,3.60216,0.504827,5.06358,0.0,0.0,-9999.0,16.93,-9999.0
201210280130,201210280200,-9999.0,1.0,0.0,1.874,14.658,3.5994,0.501236,5.08371,0.0,0.0,-9999.0,16.91,-9999.0
201210280200,201210280230,-9999.0,1.0,0.0,1.874,14.668,3.5972,0.498102,5.10451,0.0,0.0,-9999.0,16.89,-9999.0
201210280230,201210280300,-9999.0,1.0,0.0,1.873,14.677,3.59481,0.494812,5.12511,0.0,0.0,-9999.0,16.87,-9999.0
201210280300,201210280330,-9999.0,1.0,0.0,1.872,14.688,3.59279,0.491824,5.14617,0.0,0.0,-9999.0,16.85,-9999.0
201210280330,201210280400,-9999.0,1.0,0.0,1.873,14.698,3.59058,0.488678,5.16703,0.0,0.0,-9999.0,16.82,-9999.0
201210280400,201210280430,-9999.0,1.0,0.0,1.873,14.706,3.58799,0.485226,5.18745,0.0,0.0,-9999.0,16.8,-9999.0
201210280430,201210280500,-9999.0,1.0,0.0,1.873,14.715,3.58559,0.481921,5.20811,0.0,0.0,-9999.0,16.77,-9999.0
201210280500,201210280530,-9999.0,1.0,0.0,1.873,14.725,3.58336,0.478764,5.22901,0.0,0.0,-9999.0,16.73,-9999.0
201210280530,201210280600,-9999.0,1.0,0.0,1.873,14.737,3.58152,0.475909,5.25038,0.0,0.0,-9999.0,16.7,-9999.0
201210280600,201210280630,-9999.0,1.0,0.054,1.874,14.747,3.57929,0.472747,5.27132,0.004639,0.0,-9999.0,16.66,-9999.0
201210280630,201210280700,-9999.0,1.0,2.824,1.903,14.781,3.58158,0.456143,5.29776,0.239579,14.0039,-9999.0,16.63,-9999.0
201210280700,201210280730,-9999.0,1.0,27.86,2.187,13.249,3.29337,0.904408,4.96765,2.15127,121.927,-9999.0,16.59,-9999.0
201210280730,201210280800,-9999.0,1.0,48.7,2.38,13.61,3.35563,1.49858,5.06706,3.49993,242.299,-9999.0,16.55,-9999.0
201210280800,201210280830,-9999.0,1.0,63.16,4.056,17.023,3.99953,3.22759,5.87778,4.33068,354.851,-9999.0,16.51,-9999.0
201210280830,201210280900,-9999.0,1.0,62.16,4.036,16.8,3.95137,3.20455,5.84552,4.2711,457.656,-9999.0,16.47,-9999.0
201210280900,201210280930,-9999.0,1.0,122.6,4.605,17.899,4.16273,6.51539,6.12781,7.09375,548.955,-9999.0,16.42,-9999.0
201210280930,201210281000,-9999.0,1.0,174.4,6.038,18.993,4.3765,7.89623,6.41296,8.89507,627.187,-9999.0,16.37,-9999.0
201210281000,201210281030,-9999.0,1.0,280.6,6.742,17.09,3.99411,11.762,5.9759,11.5311,691.012,-9999.0,16.32,-9999.0
201210281030,201210281100,-9999.0,1.0,461.1,10.297,21.183,4.81377,13.7966,6.99516,14.2655,739.339,-9999.0,16.27,-9999.0
201210281100,201210281130,-9999.0,1.0,197.8,6.997,19.422,4.4477,8.21691,6.58457,9.57426,771.341,-9999.0,16.21,-9999.0
201210281130,201210281200,-9999.0,1.0,518.0,11.736,22.812,5.14328,13.4978,7.45043,14.8871,786.47,-9999.0,16.16,-9999.0
201210281200,201210281230,-9999.0,1.0,204.6,6.786,19.063,4.36515,8.15352,6.541,9.75855,784.468,-9999.0,16.11,-9999.0
201210281230,201210281300,-9999.0,1.0,285.5,6.713,17.164,3.98529,12.0602,6.09682,11.6378,765.368,-9999.0,16.07,-9999.0
201210281300,201210281330,-9999.0,1.0,238.3,6.349,18.114,4.16647,10.3739,6.35072,10.6129,729.497,-9999.0,16.03,-9999.0
201210281330,201210281400,-9999.0,1.0,162.6,5.762,18.88,4.31335,7.55191,6.56211,8.50056,677.47,-9999.0,15.99,-9999.0
201210281400,201210281430,-9999.0,1.0,77.3,4.093,17.697,4.07499,4.23345,6.29028,5.02502,610.176,-9999.0,15.95,-9999.0
201210281430,201210281500,-9999.0,1.0,53.85,3.399,16.602,3.85853,2.98201,6.04085,3.74895,528.767,-9999.0,15.91,-9999.0
201210281500,201210281530,-9999.0,1.0,60.28,3.554,16.941,3.91903,3.20801,6.14479,4.1112,434.635,-9999.0,15.87,-9999.0
201210281530,201210281600,-9999.0,1.0,95.0,3.454,17.621,4.04588,5.36807,6.33453,5.86473,329.392,-9999.0,15.82,-9999.0
201210281600,201210281630,-9999.0,1.0,81.7,3.543,17.192,3.95811,4.23572,6.24828,5.22731,214.838,-9999.0,15.77,-9999.0
201210281630,201210281700,-9999.0,1.0,40.78,2.13,13.329,3.23551,1.31722,5.31878,2.94321,92.9329,-9999.0,15.71,-9999.0
201210281700,201210281730,-9999.0,1.0,3.597,1.853,14.72,3.48374,0.430845,5.67532,0.2937,3.53543,-9999.0,15.64,-9999.0
201210281730,201210281800,-9999.0,1.0,0.331,1.802,14.691,3.47431,0.35673,5.68682,0.027298,0.0,-9999.0,15.58,-9999.0
201210281800,201210281830,-9999.0,1.0,0.316,1.775,14.665,3.46544,0.348229,5.69902,0.026016,0.0,-9999.0,15.52,-9999.0
201210281830,201210281900,-9999.0,1.0,0.265,1.751,14.64,3.45676,0.339885,5.71142,0.021783,0.0,-9999.0,15.45,-9999.0
201210281900,201210281930,-9999.0,1.0,0.287,1.728,14.617,3.44847,0.331846,5.72428,0.023548,0.0,-9999.0,15.39,-9999.0
201210281930,201210282000,-9999.0,1.0,0.039,1.707,14.595,3.44037,0.323963,5.73736,0.003197,0.0,-9999.0,15.32,-9999.0
201210282000,201210282030,-9999.0,1.0,0.0,1.694,14.576,3.43283,0.316528,5.75115,0.0,0.0,-9999.0,15.24,-9999.0
201210282030,201210282100,-9999.0,1.0,0.0,1.686,14.559,3.42566,0.309393,5.76542,0.0,0.0,-9999.0,15.15,-9999.0
201210282100,201210282130,-9999.0,1.0,0.0,1.681,14.544,3.41886,0.302556,5.78015,0.0,0.0,-9999.0,15.05,-9999.0
201210282130,201210282200,-9999.0,1.0,0.001,1.679,14.529,3.41207,0.295726,5.79487,8.1e-05,0.0,-9999.0,14.94,-9999.0
201210282200,201210282230,-9999.0,1.0,0.0,1.676,14.514,3.40529,0.288903,5.80957,0.0,0.0,-9999.0,14.84,-9999.0
201210282230,201210282300,-9999.0,1.0,0.0,1.672,14.499,3.39851,0.282085,5.82423,0.0,0.0,-9999.0,14.75,-9999.0
201210282300,201210282330,-9999.0,1.0,0.0,1.671,14.487,3.39228,0.275709,5.83965,0.0,0.0,-9999.0,14.66,-9999.0
201210282330,201210290000,-9999.0,1.0,0.003,1.674,14.477,3.38642,0.269626,5.85555,0.000242,0.0,-9999.0,14.59,-9999.0
201210290000,201210290030,-9999.0,1.0,0.002,1.68,14.467,3.38056,0.263548,5.87143,0.000161,0.0,-9999.0,14.51,-9999.0
201210290030,201210290100,-9999.0,1.0,0.0,1.686,14.457,3.37471,0.257474,5.82769,0.0,0.0,-9999.0,14.44,-9999.0
201210290100,201210290130,-9999.0,1.0,0.0,1.693,14.448,3.36904,0.251548,5.78424,0.0,0.0,-9999.0,14.35,-9999.0
201210290130,201210290200,-9999.0,1.0,0.006,1.701,14.44,3.36356,0.245769,5.74107,0.000479,0.0,-9999.0,14.26,-9999.0
201210290200,201210290230,-9999.0,1.0,0.003,1.71,14.434,3.35843,0.240282,5.69843,0.000238,0.0,-9999.0,14.15,-9999.0
201210290230,201210290300,-9999.0,1.0,0.006,1.718,14.428,3.35331,0.234797,5.65581,0.000475,0.0,-9999.0,14.03,-9999.0
201210290300,201210290330,-9999.0,1.0,0.003,1.727,14.421,3.34801,0.22917,5.61297,0.000236,0.0,-9999.0,13.92,-9999.0
201210290330,201210290400,-9999.0,1.0,0.013,1.735,14.414,3.34272,0.223547,5.57015,0.001021,0.0,-9999.0,13.81,-9999.0
201210290400,201210290430,-9999.0,1.0,0.015,1.732,14.41,3.33796,0.218355,5.52808,0.001173,0.0,-9999.0,13.71,-9999.0
201210290430,201210290500,-9999.0,1.0,0.078,1.732,14.407,3.33338,0.213307,5.48626,0.006076,0.0,-9999.0,13.63,-9999.0
201210290500,201210290530,-9999.0,1.0,0.118,1.73,14.405,3.32898,0.208403,5.4447,0.009154,0.0,-9999.0,13.55,-9999.0
201210290530,201210290600,-9999.0,1.0,0.053,1.727,14.402,3.32441,0.203359,5.40291,0.004096,0.0,-9999.0,13.47,-9999.0
201210290600,201210290630,-9999.0,1.0,0.322,1.724,14.4,3.32002,0.198457,5.36136,0.024765,0.0,-9999.0,13.41,-9999.0
201210290630,201210290700,-9999.0,1.0,6.375,1.792,14.427,3.32075,0.301882,5.32656,0.478938,11.4749,-9999.0,13.34,-9999.0
201210290700,201210290730,-9999.0,1.0,31.16,1.954,13.009,3.06984,0.721117,4.96057,2.16212,116.197,-9999.0,13.28,-9999.0
201210290730,201210290800,-9999.0,1.0,75.3,3.436,17.115,3.79934,3.77546,5.86835,4.61292,236.468,-9999.0,13.22,-9999.0
201210290800,201210290830,-9999.0,1.0,148.3,4.223,18.43,4.04103,6.53458,6.13056,7.63268,348.925,-9999.0,13.16,-9999.0
201210290830,201210290900,-9999.0,1.0,239.4,5.446,7.65,2.20064,8.59935,3.69836,10.2921,451.644,-9999.0,13.11,-9999.0
201210290900,201210290930,-8.41835,0.0,318.1,6.262,9.05,2.41019,11.0205,3.95706,11.9808,542.867,-9999.0,13.05,-9999.0
201210290930,201210291000,-7.76876,0.0,404.4,0.368,9.99,2.55433,10.4924,4.12094,13.4219,621.033,-9999.0,13.01,97.0
201210291000,201210291030,-6.86468,0.0,403.0,1.893,10.71,2.66622,9.68132,4.23814,13.3848,684.805,-9999.0,12.97,85.3
201210291030,201210291100,-7.55873,0.0,277.4,2.907,11.37,2.77011,10.4608,4.34179,11.092,733.091,-9999.0,12.94,78.4
201210291100,201210291130,-7.07709,0.0,275.1,3.271,11.25,2.74711,9.95888,4.28104,11.0218,765.066,-9999.0,12.93,75.5
201210291130,201210291200,-4.77951,0.0,289.3,3.822,10.9,2.68698,7.61,4.17338,11.3071,780.183,-9999.0,12.92,70.7
201210291200,201210291230,-6.36234,0.0,546.1,6.797,13.69,3.14857,9.5706,4.71788,15.152,778.182,-9999.0,12.93,56.63
201210291230,201210291300,-10.7542,0.0,428.8,7.389,14.13,3.22056,14.0191,4.77045,13.6844,759.098,-9999.0,12.93,54.18
201210291300,201210291330,-2.92552,0.0,168.8,5.411,12.86,2.99974,6.01037,4.46673,8.11816,723.257,-9999.0,12.94,63.55
201210291330,201210291400,-8.43732,0.0,287.0,4.831,11.97,2.84783,11.3964,4.24792,11.1798,671.274,-9999.0,12.96,65.5
201210291400,201210291430,-10.9787,0.0,354.1,5.96,13.19,3.04795,14.1002,4.45689,12.4548,604.036,-9999.0,12.98,60.71
201210291430,201210291500,-10.7318,0.0,376.3,6.045,13.36,3.07294,13.8722,4.45221,12.8144,522.695,-9999.0,13.0,60.59
201210291500,201210291530,-7.00892,0.0,332.3,6.243,13.2,3.04207,10.123,4.38105,12.0246,428.643,-9999.0,13.03,58.87
201210291530,201210291600,-3.4052,0.0,221.0,5.369,12.36,2.89796,6.40046,4.17694,9.53286,323.488,-9999.0,13.06,62.63
201210291600,201210291630,-2.28318,0.0,117.5,4.966,11.93,2.82363,5.21613,4.05635,6.18097,209.03,-9999.0,13.08,64.44
201210291630,201210291700,-9999.0,1.0,21.31,3.617,10.7,2.62202,1.75661,3.78657,1.41373,87.227,-9999.0,13.1,71.9
201210291700,201210291730,1.3894,0.0,4.197,2.805,9.83,2.48244,1.25662,3.59107,0.291175,2.32833,-9999.0,13.12,76.9
201210291730,201210291800,1.84362,0.0,0.341,2.089,8.83,2.32672,0.668848,3.37733,0.023824,0.0,-9999.0,13.14,81.6
201210291800,201210291830,2.71335,0.0,0.33,1.483,7.71,2.15813,-0.347346,3.14898,0.022955,0.0,-9999.0,13.15,85.9
201210291830,201210291900,-9999.0,1.0,0.33,1.159,6.458,1.97698,1.25844,2.90598,0.022854,0.0,-9999.0,13.16,88.0
201210291900,201210291930,-9999.0,1.0,0.33,0.719,5.792,1.88258,1.47221,2.76807,0.022753,0.0,-9999.0,13.16,92.2
201210291930,201210292000,-9999.0,1.0,0.33,0.45,6.036,1.91361,1.49897,2.78146,0.022652,0.0,-9999.0,13.15,95.2
201210292000,201210292030,-9999.0,1.0,0.323,0.419,6.258,1.94179,1.52307,2.7907,0.022073,0.0,-9999.0,13.13,95.6
201210292030,201210292100,-9999.0,1.0,0.324,0.379,6.168,1.92693,1.50896,2.74896,0.022042,0.0,-9999.0,13.12,96.0
201210292100,201210292130,-9999.0,1.0,0.33,0.332,5.794,1.87339,1.46037,2.66245,0.022349,0.0,-9999.0,13.09,96.4
201210292130,201210292200,-9999.0,1.0,0.326,0.305,5.817,1.87414,1.46013,2.63957,0.021978,0.0,-9999.0,13.06,96.7
201210292200,201210292230,-9999.0,1.0,0.328,0.282,5.618,1.84488,1.43308,2.58222,0.022013,0.0,-9999.0,13.03,96.9
201210292230,201210292300,-9999.0,1.0,0.325,0.212,5.797,1.86669,1.45167,2.58345,0.021712,0.0,-9999.0,13.0,97.7
201210292300,201210292330,-9999.0,1.0,0.33,0.273,5.589,1.83631,1.42362,2.52541,0.021945,0.0,-9999.0,12.97,97.0
201210292330,201210300000,-9999.0,1.0,0.33,0.195,5.219,1.78471,1.37642,2.44405,0.021843,0.0,-9999.0,12.94,97.8
201210300000,201210300030,-9999.0,1.0,0.331,0.138,4.803,1.72788,2.35636,2.35757,0.021808,0.0,-9999.0,12.9,98.4
201210300030,201210300100,-9999.0,1.0,0.329,0.086,4.784,1.72321,2.35128,2.32989,0.021576,0.0,-9999.0,12.87,99.0
201210300100,201210300130,-0.151928,0.0,0.326,0.102,4.671,1.70638,2.1041,2.28889,0.02128,0.0,-9999.0,12.83,98.8
201210300130,201210300200,-0.61406,0.0,0.331,0.098,4.099,1.63114,2.49684,2.18423,0.021504,0.0,-9999.0,12.8,98.8
201210300200,201210300230,-9999.0,1.0,0.331,0.088,3.717,1.58118,2.21911,2.10816,0.021403,0.0,-9999.0,12.76,98.9
201210300230,201210300300,-9999.0,1.0,0.331,0.031,3.441,1.54505,2.18497,2.04786,0.021302,0.0,-9999.0,12.72,99.6
201210300300,201210300330,-9999.0,1.0,0.331,1.724,13.534,3.00608,-0.224415,3.4991,0.0212,0.0,-9999.0,12.68,-9999.0
201210300330,201210300400,-9999.0,1.0,0.331,1.725,3.105,1.50017,-1.51359,1.9584,0.021099,0.0,-9999.0,12.64,-9999.0
201210300400,201210300430,-9999.0,1.0,0.331,1.727,13.429,2.9811,-0.235043,3.40389,0.020998,0.0,-9999.0,12.6,-9999.0
201210300430,201210300500,-9999.0,1.0,0.331,1.729,13.378,2.96891,-0.220309,3.3568,0.020896,0.0,-9999.0,12.56,-9999.0
201210300500,201210300530,-9999.0,1.0,0.327,1.73,3.352,1.5243,-1.41345,1.92227,0.020544,0.0,-9999.0,12.51,-9999.0
201210300530,201210300600,-9999.0,1.0,0.33,1.732,13.278,2.94495,-0.254856,3.26348,0.020631,0.0,-9999.0,12.47,-9999.0
201210300600,201210300630,-9999.0,1.0,0.423,1.733,13.227,2.93284,-0.251732,3.21694,0.026309,0.0,-9999.0,12.42,-9999.0
201210300630,201210300700,-9999.0,1.0,5.885,1.799,13.264,2.93506,-0.092941,3.1833,0.359289,10.8926,-9999.0,12.37,-9999.0
201210300700,201210300730,-9999.0,1.0,36.33,2.061,12.274,2.77231,0.409367,3.00372,2.05442,114.628,-9999.0,12.33,-9999.0
201210300730,201210300800,-9999.0,1.0,111.5,3.365,4.355,1.63813,4.09491,1.9288,5.38281,234.568,-9999.0,12.28,-9999.0
201210300800,201210300830,-9999.0,1.0,179.7,0.444,5.853,1.8291,5.33428,2.08705,7.67846,346.634,-9999.0,12.23,95.2
201210300830,201210300900,-9999.0,1.0,248.2,1.872,7.95,2.11341,8.54321,2.32216,9.52544,448.908,-9999.0,12.18,82.5
201210300900,201210300930,-6.36286,0.0,316.6,2.779,9.0,2.26102,8.78586,2.4253,11.0432,539.641,-9999.0,12.14,75.8
201210300930,201210301000,-7.54659,0.0,381.7,3.682,10.19,2.43366,10.114,2.54523,12.2615,617.281,-9999.0,12.1,70.4
201210301000,201210301030,-6.0415,0.0,443.7,4.281,11.16,2.57752,8.72731,2.63548,13.2634,680.498,-9999.0,12.07,67.74
201210301030,201210301100,-9.94519,0.0,319.3,5.28,12.25,2.74337,12.7659,2.7395,11.0419,728.212,-9999.0,12.04,62.98
201210301100,201210301130,-11.5925,0.0,340.9,5.789,12.93,2.8474,14.4963,2.78899,11.4544,759.605,-9999.0,12.04,61.18
201210301130,201210301200,-11.2285,0.0,259.5,6.847,14.1,3.03061,14.2776,2.89936,9.67779,774.141,-9999.0,12.04,57.46
201210301200,201210301230,-10.1942,0.0,282.4,6.62,13.97,3.00372,13.2199,2.84242,10.1903,771.57,-9999.0,12.06,58.52
201210301230,201210301300,-9.90498,0.0,350.6,7.384,14.77,3.12879,13.0281,2.90198,11.5872,751.938,-9999.0,12.08,56.07
201210301300,201210301330,-11.2958,0.0,310.0,7.315,14.8,3.12777,14.4161,2.86394,10.7536,715.579,-9999.0,12.11,56.56
201210301330,201210301400,-10.8592,0.0,342.9,8.116,15.44,3.22759,14.0562,2.90034,11.4024,663.117,-9999.0,12.15,53.75
201210301400,201210301430,-12.5289,0.0,437.9,9.636,16.52,3.4025,15.8603,2.98846,13.0551,595.447,-9999.0,12.19,48.75
201210301430,201210301500,-5.78693,0.0,202.9,9.165,16.58,3.40613,9.119,2.95074,8.08502,513.73,-9999.0,12.24,51.44
201210301500,201210301530,-1.61017,0.0,70.2,6.841,14.74,3.09414,4.69585,2.68977,3.46191,419.362,-9999.0,12.29,59.22
201210301530,201210301600,-0.050185,0.0,35.78,6.435,14.22,3.00398,3.0624,2.58871,1.87578,313.958,-9999.0,12.35,60.33
201210301600,201210301630,-9999.0,1.0,26.21,5.962,13.68,2.91185,1.23144,2.48761,1.39369,199.322,-9999.0,12.4,61.93
201210301630,201210301700,-9999.0,1.0,13.02,5.878,13.32,2.84933,0.474486,2.40844,0.707423,77.4146,-9999.0,12.45,61.58
201210301700,201210301730,-9999.0,1.0,1.129,5.369,12.8,2.76255,0.227294,2.31361,0.062528,0.818357,-9999.0,12.5,63.69
201210301730,201210301800,-9999.0,1.0,0.0,4.798,12.33,2.68469,0.259535,2.22619,0.0,0.0,-9999.0,12.54,66.54
201210301800,201210301830,-9999.0,1.0,0.0,4.632,12.05,2.63674,0.977081,2.1601,0.0,0.0,-9999.0,12.57,67.09
201210301830,201210301900,-9999.0,1.0,0.003,3.564,11.36,2.52767,1.62495,2.05416,0.000164,0.0,-9999.0,12.6,73.5
201210301900,201210301930,-9999.0,1.0,0.001,3.273,11.2,2.49893,1.54282,2.00281,5.4e-05,0.0,-9999.0,12.63,75.4
201210301930,201210302000,0.37948,0.0,0.027,2.776,10.47,2.38681,2.11741,1.89771,0.001457,0.0,-9999.0,12.66,78.1
201210302000,201210302030,-9999.0,1.0,0.077,2.42,9.7,2.27139,1.39535,1.79217,0.004132,0.0,-9999.0,12.67,79.9
201210302030,201210302100,-9999.0,1.0,0.029,2.343,9.52,2.24143,1.38697,1.74304,0.001548,0.0,-9999.0,12.69,80.3
201210302100,201210302130,1.21288,0.0,0.017,2.331,9.52,2.23703,1.15419,1.71047,0.000902,0.0,-9999.0,12.69,80.4
201210302130,201210302200,0.314795,0.0,0.006,2.386,9.64,2.24957,2.06118,1.68833,0.000317,0.0,-9999.0,12.69,80.1
201210302200,201210302230,1.00674,0.0,0.0,2.71,10.04,2.30185,1.41128,1.68979,0.0,0.0,-9999.0,12.69,78.0
201210302230,201210302300,-9999.0,1.0,0.0,2.886,10.19,2.31869,0.980247,1.66897,0.0,0.0,-9999.0,12.69,76.8
201210302300,201210302330,-9999.0,1.0,0.006,2.665,10.0,2.28709,0.927174,1.6196,0.000311,0.0,-9999.0,12.68,78.3
201210302330,201210310000,-9999.0,1.0,0.006,1.741,12.83,2.6976,-0.439025,1.81916,0.000309,0.0,-9999.0,12.68,-9999.0
201210310000,201210310030,-9999.0,1.0,0.0,1.734,12.808,2.68892,-0.447877,1.77907,0.0,0.0,-9999.0,12.67,-9999.0
201210310030,201210310100,-9999.0,1.0,0.0,1.727,12.781,2.6795,-0.457323,1.78018,0.0,0.0,-9999.0,12.66,-9999.0
201210310100,201210310130,-9999.0,1.0,0.0,1.729,12.751,2.66965,-0.467116,1.781,0.0,0.0,-9999.0,12.66,-9999.0
201210310130,201210310200,-9999.0,1.0,0.0,1.721,12.723,2.66011,-0.476649,1.78193,0.0,0.0,-9999.0,12.65,-9999.0
201210310200,201210310230,-9999.0,1.0,0.0,1.713,12.699,2.6512,-0.485685,1.78316,0.0,0.0,-9999.0,12.64,-9999.0
201210310230,201210310300,-9999.0,1.0,0.0,1.708,12.68,2.64304,-0.508657,1.78478,0.0,0.0,-9999.0,12.63,-9999.0
201210310300,201210310330,-9999.0,1.0,0.0,1.706,12.66,2.63476,-0.517187,1.78629,0.0,0.0,-9999.0,12.62,-9999.0
201210310330,201210310400,-9999.0,1.0,0.0,1.704,12.639,2.62633,-0.514236,1.78767,0.0,0.0,-9999.0,12.62,-9999.0
201210310400,201210310430,-9999.0,1.0,0.0,1.698,12.618,2.61792,-0.493292,1.78901,0.0,0.0,-9999.0,12.61,-9999.0
201210310430,201210310500,-9999.0,1.0,0.0,1.687,12.596,2.60938,-0.460855,1.79024,0.0,0.0,-9999.0,12.61,-9999.0
201210310500,201210310530,-9999.0,1.0,0.0,1.674,12.573,2.6007,-0.376524,1.79133,0.0,0.0,-9999.0,12.6,-9999.0
201210310530,201210310600,-9999.0,1.0,0.0,1.66,12.548,2.59175,-0.385587,1.79221,0.0,0.0,-9999.0,12.6,-9999.0
201210310600,201210310630,-9999.0,1.0,0.022,1.653,12.521,2.58252,-0.39487,1.79286,0.001402,0.0,-9999.0,12.6,-9999.0
201210310630,201210310700,-9999.0,1.0,0.992,1.648,12.462,2.56862,-0.461662,1.79052,0.063737,8.72566,-9999.0,12.6,-9999.0
201210310700,201210310730,-9999.0,1.0,7.67,1.735,12.548,2.57594,-0.315561,1.8016,0.474705,109.0,-9999.0,12.59,-9999.0
201210310730,201210310800,-9999.0,1.0,14.52,1.728,12.586,2.57621,-0.245856,1.80832,0.868307,228.834,-9999.0,12.59,-9999.0
201210310800,201210310830,-9999.0,1.0,25.76,1.92,11.632,2.43347,0.121488,1.72162,1.4576,340.8,-9999.0,12.58,-9999.0
201210310830,201210310900,-9999.0,1.0,33.8,1.925,11.759,2.44655,0.057919,1.73596,1.85108,442.984,-9999.0,12.58,-9999.0
201210310900,201210310930,-9999.0,1.0,41.6,1.976,11.884,2.45933,0.368052,1.75036,2.21223,533.637,-9999.0,12.57,-9999.0
201210310930,201210311000,-9999.0,1.0,35.61,1.986,11.821,2.44529,0.157969,1.7469,1.95907,611.207,-9999.0,12.57,-9999.0
201210311000,201210311030,-9999.0,1.0,63.45,3.501,15.993,3.06015,2.43307,2.17269,3.12177,674.369,-9999.0,12.57,-9999.0
201210311030,201210311100,-9999.0,1.0,54.52,3.182,15.567,2.98823,1.83165,2.13367,2.7852,722.04,-9999.0,12.56,-9999.0
201210311100,201210311130,-9999.0,1.0,84.6,3.826,16.477,3.12244,2.99855,2.23802,3.896,753.405,-9999.0,12.57,-9999.0
201210311130,201210311200,-9999.0,1.0,57.55,3.199,15.72,2.99922,1.76662,2.16212,2.92599,767.928,-9999.0,12.57,-9999.0
201210311200,201210311230,-9999.0,1.0,56.88,1.43,12.29,2.48641,3.26872,1.80675,2.91074,765.36,-9999.0,12.57,90.0
201210311230,201210311300,-2.08839,0.0,35.11,1.426,12.4,2.49686,4.61514,1.82089,2.0125,745.745,-9999.0,12.58,90.1
201210311300,201210311330,1.43767,0.0,26.13,0.874,12.07,2.44492,1.04548,1.79005,1.59769,709.419,-9999.0,12.59,93.8
201210311330,201210311400,0.262133,0.0,23.08,0.165,11.69,2.38656,2.17209,1.75388,1.45441,657.003,-9999.0,12.6,98.8
201210311400,201210311430,-0.067407,0.0,23.44,1.475,11.7,2.38293,2.49689,1.75734,1.4849,589.393,-9999.0,12.61,89.274
201210311430,201210311500,0.574004,0.0,17.15,1.387,11.78,2.38904,1.8586,1.76808,1.15463,507.748,-9999.0,12.63,89.9692
201210311500,201210311530,0.720741,0.0,9.85,1.288,11.91,2.40208,1.72056,1.7842,0.719614,413.464,-9999.0,12.64,90.7677
201210311530,201210311600,-0.301226,0.0,5.635,1.19,11.97,2.40534,2.74332,1.79315,0.436911,308.153,-9999.0,12.65,91.4979
201210311600,201210311630,1.18715,0.0,3.479,1.118,12.14,2.42391,1.26803,1.81399,0.280457,193.619,-9999.0,12.65,92.1074
201210311630,201210311700,0.94714,0.0,1.876,0.923,12.48,2.46626,1.54011,1.85367,0.156406,71.8198,-9999.0,12.65,93.6287
201210311700,201210311730,-9999.0,1.0,0.146,1.625,12.411,2.45136,-0.563103,1.84917,0.012634,0.31821,-9999.0,12.64,-9999.0
201210311730,201210311800,-9999.0,1.0,0.0,1.642,12.383,2.44223,-0.575796,1.8491,0.0,0.0,-9999.0,12.63,-9999.0
201210311800,201210311830,-9999.0,1.0,0.0,1.669,12.356,2.43325,-0.588351,1.84909,0.0,0.0,-9999.0,12.63,-9999.0
201210311830,201210311900,-9999.0,1.0,0.0,1.698,12.331,2.42457,-0.597168,1.84927,0.0,0.0,-9999.0,12.63,-9999.0
201210311900,201210311930,-9999.0,1.0,0.0,1.721,12.3,2.41508,-0.606635,1.84873,0.0,0.0,-9999.0,12.63,-9999.0
201210311930,201210312000,-9999.0,1.0,0.0,1.745,12.267,2.40534,-0.616304,1.84792,0.0,0.0,-9999.0,12.62,-9999.0
201210312000,201210312030,-9999.0,1.0,0.0,1.767,12.236,2.39589,-0.613804,1.84728,0.0,0.0,-9999.0,12.63,-9999.0
201210312030,201210312100,-9999.0,1.0,0.0,1.773,12.2,2.38578,-0.658344,1.84603,0.0,0.0,-9999.0,12.65,-9999.0
201210312100,201210312130,-9999.0,1.0,0.0,1.786,12.167,2.3761,-0.660555,1.84507,0.0,0.0,-9999.0,12.67,-9999.0
201210312130,201210312200,-9999.0,1.0,0.0,1.794,12.135,2.36659,-0.670037,1.84417,0.0,0.0,-9999.0,12.69,-9999.0
201210312200,201210312230,-9999.0,1.0,0.0,1.803,12.106,2.3575,-0.679175,1.84358,0.0,0.0,-9999.0,12.72,-9999.0
201210312230,201210312300,-9999.0,1.0,0.0,1.809,12.075,2.34816,-0.688512,1.84271,0.0,0.0,-9999.0,12.75,-9999.0
201210312300,201210312330,-9999.0,1.0,0.0,1.817,12.04,2.33831,-0.698264,1.84132,0.0,0.0,-9999.0,12.79,-9999.0
201210312330,201211010000,-9999.0,1.0,0.0,1.826,12.004,2.32834,-0.708102,1.83976,0.0,0.0,-9999.0,12.84,-9999.0
201211010000,201211010030,-9999.0,1.0,0.0,1.835,11.971,2.3188,-0.717597,1.83851,0.0,0.0,-9999.0,12.88,-9999.0
201211010030,201211010100,-9999.0,1.0,0.0,1.844,11.942,2.30982,-0.723075,1.83769,0.0,0.0,-9999.0,12.92,-9999.0
201211010100,201211010130,-9999.0,1.0,0.0,1.858,11.913,2.30086,-0.729766,1.83682,0.0,0.0,-9999.0,12.96,-9999.0
201211010130,201211010200,-9999.0,1.0,0.0,1.866,11.882,2.29165,-0.746343,1.83568,0.0,0.0,-9999.0,13.0,-9999.0
201211010200,201211010230,-9999.0,1.0,0.0,1.874,11.848,2.28207,-0.86235,1.83412,0.0,0.0,-9999.0,13.03,-9999.0
201211010230,201211010300,-9999.0,1.0,0.0,1.883,11.816,2.27277,-0.871645,1.83275,0.0,0.0,-9999.0,13.06,-9999.0
201211010300,201211010330,-9999.0,1.0,0.0,1.898,11.789,2.26416,-0.839965,1.83196,0.0,0.0,-9999.0,13.1,-9999.0
201211010330,201211010400,-9999.0,1.0,0.0,1.913,11.768,2.25635,-0.780067,1.83188,0.0,0.0,-9999.0,13.14,-9999.0
201211010400,201211010430,-9999.0,1.0,0.0,1.925,11.745,2.2483,-0.795027,1.83151,0.0,0.0,-9999.0,13.17,-9999.0
201211010430,201211010500,-9999.0,1.0,0.0,1.932,11.718,2.23973,-0.791822,1.83061,0.0,0.0,-9999.0,13.21,-9999.0
201211010500,201211010530,-9999.0,1.0,0.0,1.937,11.693,2.23145,-0.780193,1.82992,0.0,0.0,-9999.0,13.24,-9999.0
201211010530,201211010600,-9999.0,1.0,0.0,1.939,11.659,2.22201,-0.814766,1.82806,0.0,0.0,-9999.0,13.28,-9999.0
201211010600,201211010630,-9999.0,1.0,0.01,1.939,11.625,2.21259,-0.80961,1.82615,0.001139,0.0,-9999.0,13.31,-9999.0
201211010630,201211010700,-9999.0,1.0,2.783,1.974,11.649,2.2107,-0.768512,1.83161,0.303126,6.80536,-9999.0,13.33,-9999.0
201211010700,201211010730,-9999.0,1.0,24.06,2.129,10.659,2.07944,-0.096123,1.70892,1.92235,103.429,-9999.0,13.35,-9999.0
201211010730,201211010800,-9999.0,1.0,40.83,2.174,10.947,2.11105,0.119539,1.74669,2.7423,223.154,-9999.0,13.36,-9999.0
201211010800,201211010830,-9999.0,1.0,108.6,3.326,16.741,2.88725,5.11295,2.56873,4.64727,335.018,-9999.0,13.37,-9999.0
201211010830,201211010900,-9999.0,1.0,217.4,4.902,16.172,2.80009,7.92641,2.48729,6.26124,437.11,-9999.0,13.38,-9999.0
201211010900,201211010930,-9999.0,1.0,248.8,4.947,14.525,2.56571,9.13898,2.24483,6.56647,527.68,-9999.0,13.38,-9999.0
201211010930,201211011000,-9999.0,1.0,293.3,4.5,16.09,2.7758,11.6474,2.48762,6.9372,605.18,-9999.0,13.38,75.4
201211011000,201211011030,-5.88348,0.0,255.4,5.301,16.63,2.84525,8.5922,2.5797,6.55809,668.284,-9999.0,13.38,72.0
201211011030,201211011100,-12.7884,0.0,452.1,6.023,17.43,2.9521,15.5751,2.71724,7.88633,715.912,-9999.0,13.38,69.76
201211011100,201211011130,-9.20992,0.0,471.2,7.331,18.58,3.11059,12.1121,2.91993,7.90924,747.249,-9999.0,13.39,65.76
201211011130,201211011200,-9.46586,0.0,347.3,8.009,19.22,3.19649,12.4289,3.04139,7.13848,761.759,-9999.0,13.41,64.06
201211011200,201211011230,-8.44656,0.0,451.233,8.433,19.89,3.28727,11.4735,3.17204,7.6602,759.193,-9999.0,13.43,63.7
201211011230,201211011300,-10.1366,0.0,431.933,10.591,21.04,3.44999,13.279,3.39688,6.60177,739.596,-9999.0,13.46,57.53
201211011300,201211011330,-4.92296,0.0,535.2,10.737,21.11,3.4524,8.06441,3.42274,6.5878,703.302,-9999.0,13.5,57.13
201211011330,201211011400,-9999.0,1.0,413.3,8.824,20.05,3.28781,9.0221,3.23475,7.26351,650.934,-9999.0,13.55,62.39
201211011400,201211011430,-9999.0,1.0,423.2,10.137,20.54,3.35203,9.22099,3.33859,7.06612,583.386,-9999.0,13.6,58.08
201211011430,201211011500,1.70443,0.0,225.1,8.368,19.77,3.23167,1.2689,3.20441,5.98869,501.815,-9999.0,13.65,63.71
201211011500,201211011530,-0.826372,0.0,128.5,5.389,18.0,2.97088,3.60538,2.88987,4.94267,407.616,-9999.0,13.71,73.9
201211011530,201211011600,1.78555,0.0,69.77,3.966,17.52,2.8966,0.935815,2.81278,3.85861,302.401,-9999.0,13.76,80.2
201211011600,201211011630,2.5454,0.0,45.56,2.952,17.03,2.82179,0.11773,2.73417,3.13728,187.971,-9999.0,13.81,84.8
201211011630,201211011700,1.03702,0.0,32.38,2.535,16.62,2.75881,1.57655,2.66979,2.59507,66.2823,-9999.0,13.85,86.6
201211011700,201211011730,1.90517,0.0,1.99,2.078,16.17,2.69108,0.655116,2.59862,0.260775,0.047209,-9999.0,13.88,88.7
201211011730,201211011800,2.21525,0.0,0.0,1.79,15.91,2.64964,0.311468,2.56028,0.0,0.0,-9999.0,13.91,90.1
201211011800,201211011830,2.54012,0.0,0.0,2.176,15.95,2.6487,-0.016383,2.57349,0.0,0.0,-9999.0,13.94,88.0
201211011830,201211011900,1.20827,0.0,0.0,2.868,16.07,2.65846,1.32056,2.60078,0.0,0.0,-9999.0,13.96,84.3
201211011900,201211011930,1.08307,0.0,0.0,2.609,16.27,2.67892,1.45888,2.64259,0.0,0.0,-9999.0,13.98,85.9
201211011930,201211012000,1.65039,0.0,0.0,2.41,16.18,2.66044,0.875355,2.63323,0.0,0.0,-9999.0,13.99,86.9
201211012000,201211012030,-9999.0,1.0,0.0,2.076,15.88,2.6141,-1.08889,2.58642,0.0,0.0,-9999.0,14.01,88.5
201211012030,201211012100,-9999.0,1.0,0.0,2.523,16.31,2.66498,-1.51352,2.66984,0.0,0.0,-9999.0,14.02,86.4
201211012100,201211012130,2.02005,0.0,0.0,2.46,16.38,2.66787,0.504352,2.6893,0.0,0.0,-9999.0,14.03,86.8
201211012130,201211012200,2.37175,0.0,0.0,1.793,15.93,2.60179,0.100668,2.61422,0.0,0.0,-9999.0,14.04,90.1
201211012200,201211012230,2.697,0.0,0.0,1.336,15.67,2.56133,-0.25737,2.57357,0.0,0.0,-9999.0,14.05,92.5
201211012230,201211012300,1.33227,0.0,0.0,1.572,15.9,2.58521,1.1231,2.62137,0.0,0.0,-9999.0,14.05,91.3
201211012300,201211012330,1.96337,0.0,0.0,1.315,15.64,2.54495,0.459373,2.58021,0.0,0.0,-9999.0,14.06,92.6
201211012330,201211020000,1.06454,0.0,0.0,1.329,15.38,2.50502,1.32578,2.53897,0.0,0.0,-9999.0,14.07,92.4
201211020000,201211020030,1.43101,0.0,0.0,1.775,15.16,2.47055,0.930979,2.50489,0.0,0.0,-9999.0,14.07,89.7
201211020030,201211020100,1.33542,0.0,0.0,2.008,14.7,2.4058,0.97517,2.43869,0.0,0.0,-9999.0,14.08,88.0
201211020100,201211020130,1.0105,0.0,0.0,2.082,14.63,2.39101,1.28665,2.44212,0.0,0.0,-9999.0,14.08,87.5
201211020130,201211020200,2.67025,0.0,0.0,1.663,14.61,2.38258,-0.381701,2.45441,0.0,0.0,-9999.0,14.08,90.0
201211020200,201211020230,0.678603,0.0,0.0,2.431,15.5,2.48965,1.68886,2.63426,0.0,0.0,-9999.0,14.08,86.2
201211020230,201211020300,-9999.0,1.0,0.0,1.922,10.822,1.9142,-0.984547,1.84905,0.0,0.0,-9999.0,14.08,-9999.0
201211020300,201211020330,-9999.0,1.0,0.0,1.923,10.783,1.90496,-0.993742,1.85481,0.0,0.0,-9999.0,14.08,-9999.0
201211020330,201211020400,-9999.0,1.0,0.0,1.923,10.743,1.89562,-1.003,1.86034,0.0,0.0,-9999.0,14.07,-9999.0
201211020400,201211020430,-9999.0,1.0,0.0,1.922,10.708,1.88688,-0.901561,1.86659,0.0,0.0,-9999.0,14.07,-9999.0
201211020430,201211020500,-9999.0,1.0,0.0,1.919,10.684,1.87942,-0.868731,1.87451,0.0,0.0,-9999.0,14.07,-9999.0
201211020500,201211020530,-9999.0,1.0,0.0,0.448,13.48,2.20281,0.480795,2.35789,0.0,0.0,-9999.0,14.07,97.1
201211020530,201211020600,2.31739,0.0,0.0,0.162,12.73,2.10739,-0.257027,2.23925,0.0,0.0,-9999.0,14.07,98.9
201211020600,201211020630,-9999.0,1.0,0.15,1.92,10.592,1.85487,-0.893753,1.89482,0.022354,0.0,-9999.0,14.06,-9999.0
201211020630,201211020700,-9999.0,1.0,3.875,1.998,10.678,1.85985,-0.788496,1.9202,0.532647,5.12706,-9999.0,14.06,-9999.0
201211020700,201211020730,-9999.0,1.0,23.25,2.004,9.483,1.72296,-0.332603,1.74403,2.29787,97.917,-9999.0,14.05,-9999.0
201211020730,201211020800,-9999.0,1.0,100.4,3.382,16.123,2.49969,4.15659,2.9469,4.84563,217.53,-9999.0,14.04,-9999.0
201211020800,201211020830,-9999.0,1.0,157.7,4.234,16.451,2.53464,6.11961,3.03282,5.62092,329.291,-9999.0,14.02,-9999.0
201211020830,201211020900,-9999.0,1.0,224.2,4.935,15.77,2.44283,7.86185,2.90931,6.1946,431.288,-9999.0,14.0,-9999.0
201211020900,201211020930,-9999.0,1.0,295.2,6.043,15.097,2.3535,10.356,2.7894,6.62921,521.774,-9999.0,13.99,-9999.0
201211020930,201211021000,-9999.0,1.0,362.1,6.591,15.831,2.43785,10.5142,2.95649,6.95418,599.202,-9999.0,13.98,-9999.0
201211021000,201211021030,-9999.0,1.0,442.4,8.086,17.203,2.6034,10.3871,3.26855,7.26504,662.248,-9999.0,13.97,-9999.0
201211021030,201211021100,-9999.0,1.0,441.8,7.83,17.168,2.59225,10.6182,3.27984,7.33273,709.831,-9999.0,13.97,-9999.0
201211021100,201211021130,-9999.0,1.0,367.4,6.887,16.04,2.44476,10.5047,3.05289,7.16159,741.139,-9999.0,13.98,-9999.0
201211021130,201211021200,-9999.0,1.0,328.9,6.719,15.757,2.40363,11.0434,3.01002,7.06695,755.636,-9999.0,14.0,-9999.0
201211021200,201211021230,-9999.0,1.0,382.4,7.113,16.575,2.49812,10.8535,3.20474,7.3443,753.072,-9999.0,14.03,-9999.0
201211021230,201211021300,-9999.0,1.0,461.6,9.141,17.886,2.6557,11.3304,3.52043,7.66849,733.493,-9999.0,14.06,-9999.0
201211021300,201211021330,-9999.0,2.0,443.367,9.744,20.526,2.65304,10.2712,3.5483,7.68413,697.234,-9999.0,14.1,-9999.0
201211021330,201211021400,-9999.0,2.0,419.267,9.732,20.502,2.63109,6.86903,3.54034,7.67355,644.914,-9999.0,14.14,-9999.0
201211021400,201211021430,-9999.0,1.0,486.1,9.703,18.334,2.69129,10.6983,3.6868,7.95335,577.428,-9999.0,14.19,-9999.0
201211021430,201211021500,-9999.0,1.0,310.1,5.799,14.521,2.21866,11.0516,2.84823,7.3231,495.933,-9999.0,14.24,-9999.0
201211021500,201211021530,-9999.0,1.0,310.9,6.064,14.664,2.22962,11.0668,2.89417,7.38471,401.822,-9999.0,14.3,-9999.0
201211021530,201211021600,-9999.0,1.0,197.9,4.489,14.864,2.24725,7.26848,2.95284,6.59179,296.704,-9999.0,14.35,-9999.0
201211021600,201211021630,-9999.0,1.0,118.2,3.944,16.168,2.39664,4.09002,3.25761,5.55779,182.38,-9999.0,14.41,-9999.0
201211021630,201211021700,-9999.0,1.0,35.01,2.002,9.488,1.64013,-0.402717,1.94484,3.04452,60.8048,-9999.0,14.45,-9999.0
201211021700,201211021730,-9999.0,1.0,2.487,1.999,10.488,1.74046,-0.913363,2.13071,0.345411,0.0,-9999.0,14.49,-9999.0
201211021730,201211021800,-9999.0,1.0,0.0,2.007,10.415,1.72807,-0.927443,2.12901,0.0,0.0,-9999.0,14.52,-9999.0
201211021800,201211021830,-9999.0,1.0,0.0,2.051,10.393,1.72785,-0.927242,2.13644,0.0,0.0,-9999.0,14.55,-9999.0
201211021830,201211021900,-9999.0,1.0,0.0,2.084,10.371,1.72763,-0.927046,2.14382,0.0,0.0,-9999.0,14.56,-9999.0
201211021900,201211021930,-9999.0,1.0,0.0,2.114,10.348,1.72729,-0.860439,2.15098,0.0,0.0,-9999.0,14.57,-9999.0
201211021930,201211022000,-9999.0,1.0,0.0,2.138,10.322,1.72664,-0.850514,2.15756,0.0,0.0,-9999.0,14.57,-9999.0
201211022000,201211022030,-9999.0,1.0,0.002,2.156,10.292,1.72555,-0.849115,2.16335,0.00029,0.0,-9999.0,14.57,-9999.0
201211022030,201211022100,-9999.0,1.0,0.001,2.162,10.295,1.72796,-0.846789,2.17519,0.000145,0.0,-9999.0,14.56,-9999.0
201211022100,201211022130,-9999.0,1.0,0.006,2.16,10.293,1.72984,-0.844891,2.18611,0.000868,0.0,-9999.0,14.54,-9999.0
201211022130,201211022200,-9999.0,1.0,0.019,2.155,10.29,1.73161,-0.84308,2.19683,0.002745,0.0,-9999.0,14.52,-9999.0
201211022200,201211022230,-9999.0,1.0,0.008,2.148,10.286,1.73327,-0.841356,2.20737,0.001155,0.0,-9999.0,14.49,-9999.0
201211022230,201211022300,-9999.0,1.0,0.004,2.14,10.281,1.73483,-0.891719,2.2177,0.000577,0.0,-9999.0,14.47,-9999.0
201211022300,201211022330,-9999.0,1.0,0.003,2.131,10.276,1.73638,-0.890083,2.22803,0.000432,0.0,-9999.0,14.43,-9999.0
201211022330,201211030000,-9999.0,1.0,0.001,2.123,10.27,1.73783,-0.888534,2.23816,0.000144,0.0,-9999.0,14.4,-9999.0
201211030000,201211030030,-9999.0,1.0,0.003,2.114,10.264,1.73927,-0.886987,2.24827,0.000431,0.0,-9999.0,14.37,-9999.0
201211030030,201211030100,-9999.0,1.0,0.002,2.105,10.257,1.74061,-0.885527,2.25819,0.000287,0.0,-9999.0,14.33,-9999.0
201211030100,201211030130,-9999.0,1.0,0.0,2.095,10.246,1.74152,-0.884415,2.26732,0.0,0.0,-9999.0,14.29,-9999.0
201211030130,201211030200,-9999.0,1.0,0.0,2.084,10.233,1.74221,-0.88348,2.27604,0.0,0.0,-9999.0,14.25,-9999.0
201211030200,201211030230,-9999.0,1.0,0.001,2.073,10.222,1.74311,-0.882373,2.28512,0.000143,0.0,-9999.0,14.22,-9999.0
201211030230,201211030300,-9999.0,1.0,0.0,2.062,10.21,1.7439,-0.881355,2.29399,0.0,0.0,-9999.0,14.18,-9999.0
201211030300,201211030330,-9999.0,1.0,0.0,2.06,10.197,1.74459,-0.880427,2.30265,0.0,0.0,-9999.0,14.14,-9999.0
201211030330,201211030400,-9999.0,1.0,0.0,2.056,10.181,1.74494,-0.879761,2.31069,0.0,0.0,-9999.0,14.1,-9999.0
201211030400,201211030430,-9999.0,1.0,0.0,2.051,10.165,1.7453,-0.879099,2.3187,0.0,0.0,-9999.0,14.06,-9999.0
201211030430,201211030500,-9999.0,1.0,0.0,2.045,10.15,1.74575,-0.878353,2.32688,0.0,0.0,-9999.0,14.02,-9999.0
201211030500,201211030530,-9999.0,1.0,0.0,2.042,10.136,1.74632,-0.877523,2.33524,0.0,0.0,-9999.0,13.99,-9999.0
201211030530,201211030600,-9999.0,1.0,0.0,2.039,10.121,1.74677,-0.876782,2.34337,0.0,0.0,-9999.0,13.95,-9999.0
201211030600,201211030630,-9999.0,1.0,0.132,2.036,10.105,1.74711,-0.876132,2.35127,0.018671,0.0,-9999.0,13.91,-9999.0
201211030630,201211030700,-9999.0,1.0,4.452,2.084,10.178,1.75707,-0.738287,2.37715,0.58393,3.71603,-9999.0,13.88,-9999.0
201211030700,201211030730,-9999.0,1.0,24.09,2.112,9.232,1.65787,-0.17121,2.20016,2.43189,92.4666,-9999.0,13.84,-9999.0
201211030730,201211030800,-9999.0,1.0,88.8,3.958,15.183,2.3378,1.49343,3.55094,5.5145,211.967,-9999.0,13.81,-9999.0
201211030800,201211030830,-9999.0,1.0,136.1,4.346,15.82,2.41849,5.0198,3.73293,6.80648,323.622,-9999.0,13.78,-9999.0
201211030830,201211030900,-9999.0,1.0,210.0,5.04,14.779,2.29431,7.78752,3.48073,8.19017,425.522,-9999.0,13.75,-9999.0
201211030900,201211030930,-9999.0,1.0,176.3,4.14,15.221,2.3507,6.47915,3.6104,7.68087,515.922,-9999.0,13.72,-9999.0
201211030930,201211031000,-9999.0,1.0,221.1,4.609,14.302,2.24223,8.19193,3.39192,8.44112,593.277,-9999.0,13.7,-9999.0
201211031000,201211031030,-9999.0,1.0,309.7,5.96,14.654,2.28727,11.3076,3.49685,9.54757,656.263,-9999.0,13.69,-9999.0
201211031030,201211031100,-9999.0,1.0,297.5,5.965,14.632,2.28729,10.8515,3.50711,9.47955,703.802,-9999.0,13.69,-9999.0
201211031100,201211031130,-9999.0,1.0,226.1,4.667,14.107,2.22669,8.86707,3.38901,8.65038,735.08,-9999.0,13.7,-9999.0
201211031130,201211031200,-9999.0,1.0,331.9,6.818,15.323,2.37702,11.0251,3.72043,9.93682,749.562,-9999.0,13.71,-9999.0
201211031200,201211031230,-9999.0,1.0,219.0,4.556,14.019,2.22133,8.63727,3.3972,8.63585,747.001,-9999.0,13.74,-9999.0
201211031230,201211031300,-9999.0,1.0,197.1,4.39,13.999,2.22152,7.49931,3.40729,8.32365,727.441,-9999.0,13.78,-9999.0
201211031300,201211031330,-9999.0,1.0,206.4,4.773,14.216,2.25024,7.96991,3.47823,8.5231,691.216,-9999.0,13.82,-9999.0
201211031330,201211031400,-9999.0,1.0,167.7,3.864,14.664,2.30724,6.96368,3.6109,7.84764,638.945,-9999.0,13.87,-9999.0
201211031400,201211031430,-9999.0,1.0,157.7,4.07,14.523,2.29273,6.47431,3.58953,7.66997,571.524,-9999.0,13.91,-9999.0
201211031430,201211031500,-9999.0,1.0,198.6,4.447,13.74,2.20072,7.67476,3.40114,8.51611,490.106,-9999.0,13.96,-9999.0
201211031500,201211031530,-9999.0,1.0,135.6,4.084,14.878,2.34152,5.34449,3.71619,7.20876,396.083,-9999.0,14.01,-9999.0
201211031530,201211031600,-9999.0,1.0,68.41,3.766,14.096,2.24878,1.36846,3.52369,4.99847,291.066,-9999.0,14.06,-9999.0
201211031600,201211031630,-9999.0,1.0,23.47,2.144,9.192,1.68876,0.016957,2.37706,2.41311,176.85,-9999.0,14.11,-9999.0
201211031630,201211031700,-9999.0,1.0,8.17,2.103,10.191,1.80001,-0.654817,2.60354,1.00224,55.5906,-9999.0,14.15,-9999.0
201211031700,201211031730,-9999.0,1.0,0.55,2.049,10.123,1.79455,-0.662438,2.5996,0.075358,0.0,-9999.0,14.2,-9999.0
201211031730,201211031800,-9999.0,1.0,0.0,2.047,10.116,1.79584,-0.582935,2.60916,0.0,0.0,-9999.0,14.23,-9999.0
201211031800,201211031830,-9999.0,1.0,0.0,2.054,10.108,1.79702,-0.520904,2.61849,0.0,0.0,-9999.0,14.27,-9999.0
201211031830,201211031900,-9999.0,1.0,0.0,2.07,10.101,1.79831,-0.519344,2.62802,0.0,0.0,-9999.0,14.29,-9999.0
201211031900,201211031930,-9999.0,1.0,0.0,2.088,10.092,1.79937,-0.453536,2.63709,0.0,0.0,-9999.0,14.31,-9999.0
201211031930,201211032000,-9999.0,1.0,0.0,2.114,10.087,1.80088,-0.430288,2.64705,0.0,0.0,-9999.0,14.33,-9999.0
201211032000,201211032030,-9999.0,1.0,0.0,2.146,10.085,1.80272,-0.37818,2.65769,0.0,0.0,-9999.0,14.35,-9999.0
201211032030,201211032100,-9999.0,1.0,0.0,2.162,10.08,1.80422,-0.345204,2.66763,0.0,0.0,-9999.0,14.37,-9999.0
201211032100,201211032130,-9999.0,1.0,0.0,2.162,10.071,1.80528,-0.239572,2.67665,0.0,0.0,-9999.0,14.38,-9999.0
201211032130,201211032200,-9999.0,1.0,0.0,2.167,10.097,1.81025,-0.244637,2.69371,0.0,0.0,-9999.0,14.39,-9999.0
201211032200,201211032230,-9999.0,1.0,0.0,2.178,10.124,1.81534,-0.258496,2.71106,0.0,0.0,-9999.0,14.4,-9999.0
201211032230,201211032300,-9999.0,1.0,0.0,2.194,10.152,1.82055,-0.336558,2.7287,0.0,0.0,-9999.0,14.4,-9999.0
201211032300,201211032330,-9999.0,1.0,0.0,2.215,10.182,1.826,-0.34119,2.74688,0.0,0.0,-9999.0,14.41,-9999.0
201211032330,201211040000,-9999.0,1.0,0.0,2.241,10.213,1.83156,-0.330175,2.76535,0.0,0.0,-9999.0,14.42,-9999.0
201211040000,201211040030,-9999.0,1.0,0.0,2.268,10.246,1.83737,-0.331049,2.78437,0.0,0.0,-9999.0,14.42,-9999.0
201211040030,201211040100,-9999.0,1.0,0.0,2.293,10.279,1.84319,-0.312885,2.80347,0.0,0.0,-9999.0,14.43,-9999.0
201211040100,201211040130,-9999.0,1.0,0.0,2.316,10.313,1.84913,-0.308252,2.82288,0.0,0.0,-9999.0,14.43,-9999.0
201211040130,201211040200,-9999.0,1.0,0.0,2.336,10.346,1.85497,-0.321342,2.84213,0.0,0.0,-9999.0,14.44,-9999.0
201211040200,201211040230,-9999.0,1.0,0.0,2.352,10.379,1.86082,-0.307745,2.86145,0.0,0.0,-9999.0,14.44,-9999.0
201211040230,201211040300,-9999.0,1.0,0.0,2.368,10.411,1.86657,-0.315491,2.88061,0.0,0.0,-9999.0,14.44,-9999.0
201211040300,201211040330,-9999.0,1.0,0.0,2.38,10.443,1.87233,-0.310459,2.89985,0.0,0.0,-9999.0,14.45,-9999.0
201211040330,201211040400,-9999.0,1.0,0.0,2.39,10.472,1.87776,-0.305697,2.91841,0.0,0.0,-9999.0,14.45,-9999.0
201211040400,201211040430,-9999.0,1.0,0.0,2.398,10.503,1.88343,-0.342014,2.93754,0.0,0.0,-9999.0,14.45,-9999.0
201211040430,201211040500,-9999.0,1.0,0.0,2.405,10.534,1.88911,-0.321293,2.95674,0.0,0.0,-9999.0,14.46,-9999.0
201211040500,201211040530,-9999.0,1.0,0.0,2.419,10.566,1.89491,-0.339251,2.97627,0.0,0.0,-9999.0,14.46,-9999.0
201211040530,201211040600,-9999.0,1.0,0.0,2.441,10.598,1.90073,-0.341452,2.99586,0.0,0.0,-9999.0,14.47,-9999.0
201211040600,201211040630,-9999.0,1.0,0.0,2.463,10.63,1.90655,-0.336846,3.01554,0.0,0.0,-9999.0,14.47,-9999.0
201211040630,201211040700,-9999.0,1.0,0.424,2.487,10.662,1.91239,-0.346512,3.03529,0.056441,2.54273,-9999.0,14.48,-9999.0
201211040700,201211040730,-9999.0,1.0,9.41,2.538,10.728,1.92219,-0.257156,3.06381,1.12435,87.0803,-9999.0,14.48,-9999.0
201211040730,201211040800,-9999.0,1.0,18.21,2.582,10.826,1.93575,-0.176038,3.10079,1.99677,206.465,-9999.0,14.49,-9999.0
201211040800,201211040830,-9999.0,1.0,43.49,2.325,9.767,1.81597,0.291668,2.84485,3.95916,318.013,-9999.0,14.5,-9999.0
201211040830,201211040900,-9999.0,1.0,58.42,0.711,17.25,2.74652,-0.192511,5.05479,4.88921,419.814,-9999.0,14.5,96.3877
201211040900,201211040930,-9999.0,1.0,62.42,3.786,13.656,2.2846,1.64706,3.92637,5.12681,510.128,-9999.0,14.52,-9999.0
201211040930,201211041000,-9999.0,1.0,89.3,4.103,14.773,2.42838,1.97608,4.28193,6.49311,587.408,-9999.0,14.53,-9999.0
201211041000,201211041030,-9999.0,1.0,107.0,1.169,18.17,2.87989,4.17276,5.43371,7.27221,650.333,-9999.0,14.55,94.3983
201211041030,201211041100,-1.8964,0.0,86.5,1.739,18.4,2.91447,4.61026,5.53633,6.40023,697.826,-9999.0,14.57,91.7869
201211041100,201211041130,-9999.0,1.0,67.16,3.895,14.198,2.36312,1.66183,4.15072,5.43673,729.074,-9999.0,14.59,-9999.0
201211041130,201211041200,-9999.0,1.0,60.97,3.604,13.883,2.32586,1.08031,4.06926,5.10016,743.543,-9999.0,14.62,-9999.0
201211041200,201211041230,-9999.0,1.0,110.4,3.888,14.872,2.4546,4.24089,4.39374,7.50332,740.984,-9999.0,14.66,-9999.0
201211041230,201211041300,-9999.0,1.0,101.8,0.999,19.89,3.1343,2.96255,6.17576,7.16654,721.443,-9999.0,14.69,95.7
201211041300,201211041330,-3.04527,0.0,143.8,1.536,20.17,3.17719,5.95423,6.30649,8.79076,685.252,-9999.0,14.73,93.5
201211041330,201211041400,-1.57685,0.0,143.2,1.958,20.53,3.23169,4.52588,6.47041,8.80172,633.032,-9999.0,14.76,91.9
201211041400,201211041430,-3.06145,0.0,142.2,1.563,20.45,3.22388,6.00541,6.46241,8.79862,565.676,-9999.0,14.8,93.5
201211041430,201211041500,-1.77414,0.0,142.3,2.109,20.58,3.24592,4.73463,6.53735,8.83304,484.336,-9999.0,14.85,91.3
201211041500,201211041530,-9999.0,1.0,72.1,3.315,14.648,2.44188,1.9238,4.41801,5.81341,390.404,-9999.0,14.89,-9999.0
201211041530,201211041600,-9999.0,1.0,27.66,2.131,9.944,1.86679,0.143162,3.05293,2.8434,285.488,-9999.0,14.94,-9999.0
201211041600,201211041630,-9999.0,1.0,34.24,2.097,10.037,1.87965,0.047483,3.08845,3.37548,171.382,-9999.0,14.98,-9999.0
201211041630,201211041700,-9999.0,1.0,12.16,2.496,10.987,1.99379,-0.287967,3.35788,1.40851,50.6593,-9999.0,15.03,-9999.0
201211041700,201211041730,-9999.0,1.0,0.392,2.455,10.908,1.98653,-0.430844,3.34782,0.050926,0.0,-9999.0,15.07,-9999.0
201211041730,201211041800,-9999.0,1.0,0.0,2.448,10.93,1.99133,-0.426607,3.36585,0.0,0.0,-9999.0,15.11,-9999.0
201211041800,201211041830,-9999.0,1.0,0.0,2.441,10.951,1.99602,-0.422461,3.38365,0.0,0.0,-9999.0,15.15,-9999.0
201211041830,201211041900,-9999.0,1.0,0.0,2.435,10.97,2.00047,-0.439142,3.40093,0.0,0.0,-9999.0,15.18,-9999.0
201211041900,201211041930,-9999.0,1.0,0.0,2.428,10.987,2.00468,-0.4807,3.41769,0.0,0.0,-9999.0,15.2,-9999.0
201211041930,201211042000,-9999.0,1.0,0.0,2.421,11.002,2.00867,-0.482408,3.43392,0.0,0.0,-9999.0,15.23,-9999.0
201211042000,201211042030,-9999.0,1.0,0.0,2.414,11.017,2.01265,-0.483782,3.45018,0.0,0.0,-9999.0,15.25,-9999.0
201211042030,201211042100,-9999.0,1.0,0.0,2.407,11.033,2.01677,-0.480097,3.46676,0.0,0.0,-9999.0,15.28,-9999.0
201211042100,201211042130,-9999.0,1.0,0.0,2.399,11.049,2.02088,-0.476407,3.48337,0.0,0.0,-9999.0,15.3,-9999.0
201211042130,201211042200,-9999.0,1.0,0.0,2.394,11.065,2.02501,-0.458254,3.50002,0.0,0.0,-9999.0,15.33,-9999.0
201211042200,201211042230,-9999.0,1.0,0.0,2.388,11.082,2.02925,-0.463241,3.517,0.0,0.0,-9999.0,15.35,-9999.0
201211042230,201211042300,-9999.0,1.0,0.0,2.384,11.102,2.03387,-0.499163,3.53489,0.0,0.0,-9999.0,15.38,-9999.0
201211042300,201211042330,-9999.0,1.0,0.0,2.381,11.122,2.0385,-0.465241,3.55283,0.0,0.0,-9999.0,15.4,-9999.0
201211042330,201211050000,-9999.0,1.0,0.0,2.376,11.142,2.04313,-0.459914,3.57081,0.0,0.0,-9999.0,15.42,-9999.0
201211050000,201211050030,-9999.0,1.0,0.0,2.372,11.162,2.04776,-0.446113,3.58883,0.0,0.0,-9999.0,15.45,-9999.0
201211050030,201211050100,-9999.0,1.0,0.0,2.367,11.182,2.05241,-0.523997,3.6069,0.0,0.0,-9999.0,15.47,-9999.0
201211050100,201211050130,-9999.0,1.0,0.0,2.362,11.205,2.05742,-0.550053,3.62592,0.0,0.0,-9999.0,15.49,-9999.0
201211050130,201211050200,-9999.0,1.0,0.0,2.359,11.229,2.06257,-0.531867,3.64528,0.0,0.0,-9999.0,15.52,-9999.0
201211050200,201211050230,-9999.0,1.0,0.0,2.359,11.254,2.06785,-0.528437,3.665,0.0,0.0,-9999.0,15.54,-9999.0
201211050230,201211050300,-9999.0,1.0,0.0,2.36,11.279,2.07313,-0.510332,3.68479,0.0,0.0,-9999.0,15.56,-9999.0
201211050300,201211050330,-9999.0,1.0,0.0,2.362,11.305,2.07855,-0.492852,3.70493,0.0,0.0,-9999.0,15.58,-9999.0
201211050330,201211050400,-9999.0,1.0,0.0,2.362,11.33,2.08385,-0.482355,3.72483,0.0,0.0,-9999.0,15.6,-9999.0
201211050400,201211050430,-9999.0,1.0,0.0,2.362,11.354,2.08904,-0.4735,3.74449,0.0,0.0,-9999.0,15.61,-9999.0
201211050430,201211050500,-9999.0,1.0,0.0,2.353,11.378,2.09424,-0.47259,3.7642,0.0,0.0,-9999.0,15.63,-9999.0
201211050500,201211050530,-9999.0,1.0,0.0,2.349,11.404,2.09969,-0.465127,3.78458,0.0,0.0,-9999.0,15.64,-9999.0
201211050530,201211050600,-9999.0,1.0,0.0,2.346,11.429,2.10502,-0.453796,3.80472,0.0,0.0,-9999.0,15.66,-9999.0
201211050600,201211050630,-9999.0,1.0,0.0,2.341,11.453,2.11025,-0.502308,3.82461,0.0,0.0,-9999.0,15.68,-9999.0
201211050630,201211050700,-9999.0,1.0,0.785,2.337,11.474,2.1151,-0.532662,3.84361,0.098377,1.59392,-9999.0,15.7,-9999.0
201211050700,201211050730,-9999.0,1.0,20.05,2.001,10.125,1.95195,-0.204412,3.44554,2.20523,81.7607,-9999.0,15.72,-9999.0
201211050730,201211050800,-9999.0,1.0,43.58,2.115,10.675,2.02085,-0.080291,3.62134,4.26078,201.029,-9999.0,15.73,-9999.0
201211050800,201211050830,-9999.0,1.0,65.68,3.373,14.146,2.46603,1.81086,4.77857,5.86948,312.467,-9999.0,15.75,-9999.0
201211050830,201211050900,-9999.0,1.0,70.4,3.379,14.423,2.50551,1.98461,4.89327,6.19294,414.169,-9999.0,15.77,-9999.0
201211050900,201211050930,-9999.0,1.0,73.8,3.513,20.91,3.4268,-0.314749,7.56076,6.42537,504.394,-9999.0,15.79,85.8
201211050930,201211051000,-9999.0,1.0,61.92,3.225,14.296,2.49384,1.64872,4.87857,5.64876,581.599,-9999.0,15.81,-9999.0
201211051000,201211051030,-9999.0,1.0,42.73,2.068,10.801,2.04706,-0.101888,3.71859,4.22406,644.462,-9999.0,15.83,-9999.0
201211051030,201211051100,-9999.0,1.0,47.41,2.15,10.988,2.07237,-0.018469,3.78883,4.60106,691.908,-9999.0,15.86,-9999.0
201211051100,201211051130,-9999.0,1.0,86.9,3.203,15.227,2.62749,2.2363,5.27102,7.29557,723.126,-9999.0,15.88,-9999.0
201211051130,201211051200,-9999.0,1.0,91.6,3.402,15.272,2.63639,2.24356,5.30471,7.59,737.58,-9999.0,15.9,-9999.0
201211051200,201211051230,-9999.0,1.0,178.6,4.066,14.591,2.54666,7.2417,5.06498,11.6134,735.024,-9999.0,15.92,-9999.0
201211051230,201211051300,-9999.0,1.0,197.9,4.326,19.23,3.2031,5.63882,6.96865,12.3274,715.502,-9999.0,15.94,80.6
201211051300,201211051330,-9999.0,1.0,375.7,7.433,16.552,2.82218,12.1923,5.85831,16.6356,679.347,-9999.0,15.96,-9999.0
201211051330,201211051400,-9999.0,1.0,168.6,3.893,14.928,2.60043,7.56696,5.23969,11.3489,627.178,-9999.0,15.98,-9999.0
201211051400,201211051430,-9999.0,1.0,113.4,3.572,15.708,2.71034,4.60121,5.55779,8.89696,559.888,-9999.0,16.0,-9999.0
201211051430,201211051500,-9999.0,1.0,90.6,3.045,18.72,3.14182,2.81459,6.82982,7.64492,478.627,-9999.0,16.02,85.9
201211051500,201211051530,-9999.0,1.0,92.8,2.825,18.82,3.15971,3.02287,6.89495,7.79519,384.788,-9999.0,16.03,87.0
201211051530,201211051600,8.04972,0.0,56.51,2.629,18.55,3.12355,-5.15034,6.79702,5.38301,279.974,-9999.0,16.05,87.7
201211051600,201211051630,2.05325,0.0,43.84,2.741,18.21,3.07731,0.812586,6.66892,4.38929,165.98,-9999.0,16.06,86.9
201211051630,201211051700,8.40284,0.0,11.02,2.652,17.81,3.02257,-5.57697,6.51577,1.27567,45.9993,-9999.0,16.07,87.0
201211051700,201211051730,4.95313,0.0,0.892,2.083,17.22,2.94085,-2.18749,6.28329,0.108928,0.0,-9999.0,16.08,89.4
201211051730,201211051800,5.41384,0.0,0.0,1.331,16.47,2.83715,-2.72531,5.98827,0.0,0.0,-9999.0,16.09,92.9
201211051800,201211051830,-9999.0,1.0,0.0,0.77,16.13,2.79211,-0.751215,5.86641,0.0,0.0,-9999.0,16.09,95.8
201211051830,201211051900,-9999.0,1.0,0.0,0.361,15.86,2.75707,-0.813476,5.77387,0.0,0.0,-9999.0,16.09,98.0
201211051900,201211051930,-9999.0,1.0,0.032,0.088,15.41,2.69707,-0.823998,5.60948,0.003906,0.0,-9999.0,16.08,99.5
201211051930,201211052000,-9999.0,1.0,0.142,2.301,14.55,2.5811,-0.340435,5.28669,0.017302,0.0,-9999.0,16.07,-9999.0
201211052000,201211052030,-9999.0,1.0,0.221,2.305,13.83,2.48579,-0.404694,5.02627,0.026882,0.0,-9999.0,16.05,-9999.0
201211052030,201211052100,-9999.0,1.0,0.217,2.309,13.5,2.44389,-0.450069,4.91701,0.026362,0.0,-9999.0,16.03,-9999.0
201211052100,201211052130,-9999.0,1.0,0.182,2.313,13.16,2.40088,-0.47577,4.80504,0.022085,0.0,-9999.0,16.01,-9999.0
201211052130,201211052200,-9999.0,1.0,0.181,2.317,12.57,2.32507,-0.546284,4.60338,0.021935,0.0,-9999.0,15.98,-9999.0
201211052200,201211052230,-9999.0,1.0,0.025,2.323,12.27,2.28801,-0.572742,4.50901,0.003028,0.0,-9999.0,15.95,-9999.0
201211052230,201211052300,-9999.0,1.0,0.061,2.329,11.57,2.19927,-0.652678,4.27528,0.007377,0.0,-9999.0,15.92,-9999.0
201211052300,201211052330,-9999.0,1.0,0.249,2.334,10.5,2.06509,-0.774853,3.92449,0.030049,0.0,-9999.0,15.88,-9999.0
201211052330,201211060000,-9999.0,1.0,0.318,2.34,9.2,1.90624,-0.903268,3.51826,0.038314,0.0,-9999.0,15.83,-9999.0
201211060000,201211060030,-9999.0,1.0,0.243,2.345,8.5,1.82377,-0.9671,3.31432,0.029249,0.0,-9999.0,15.78,-9999.0
201211060030,201211060100,-9999.0,1.0,0.158,2.35,8.28,1.79942,-0.985637,3.22875,0.018969,0.0,-9999.0,15.73,-9999.0
201211060100,201211060130,-9999.0,1.0,0.157,2.355,7.96,1.76339,-1.02951,3.11588,0.018794,0.0,-9999.0,15.68,-9999.0
201211060130,201211060200,-9999.0,1.0,0.184,2.359,7.72,1.73699,-1.06728,3.02833,0.021959,0.0,-9999.0,15.62,-9999.0
201211060200,201211060230,-9999.0,1.0,0.33,2.363,7.63,1.72823,-1.09128,2.98425,0.039244,0.0,-9999.0,15.55,-9999.0
201211060230,201211060300,-9999.0,1.0,0.259,2.367,7.05,1.66275,-1.15349,2.80719,0.030719,0.0,-9999.0,15.48,-9999.0
201211060300,201211060330,-9999.0,1.0,0.13,2.363,7.03,1.66214,-1.15757,2.78413,0.015381,0.0,-9999.0,15.41,-9999.0
201211060330,201211060400,-9999.0,1.0,0.04,2.358,7.04,1.66498,-1.18252,2.76909,0.00472,0.0,-9999.0,15.34,-9999.0
201211060400,201211060430,-9999.0,1.0,0.03,2.353,6.981,1.65988,-1.19753,2.73588,0.00353,0.0,-9999.0,15.27,-9999.0
201211060430,201211060500,-9999.0,1.0,0.005,2.348,7.14,1.67991,-1.17081,2.75991,0.000587,0.0,-9999.0,15.2,-9999.0
201211060500,201211060530,6.24053,0.0,0.017,2.344,6.513,1.60972,-4.51782,2.58112,0.001988,0.0,-9999.0,15.12,-9999.0
201211060530,201211060600,-9999.0,1.0,0.007,2.339,6.687,1.63118,-1.25507,2.60807,0.000816,0.0,-9999.0,15.05,-9999.0
201211060600,201211060630,-9999.0,1.0,0.151,2.334,7.22,1.69432,-1.19656,2.72696,0.017547,0.0,-9999.0,14.98,-9999.0
201211060630,201211060700,-9999.0,1.0,1.82,2.329,6.784,1.6456,-1.22514,2.59811,0.209424,0.863675,-9999.0,14.9,-9999.0
201211060700,201211060730,-9999.0,1.0,20.93,2.074,6.634,1.63005,-1.00576,2.5436,2.22797,76.5101,-9999.0,14.83,-9999.0
201211060730,201211060800,-9999.0,1.0,54.85,2.963,7.14,1.69013,0.290554,2.65264,5.15956,195.66,-9999.0,14.76,-9999.0
201211060800,201211060830,-9999.0,1.0,91.3,3.284,7.8,1.76951,1.9596,2.80367,7.62866,306.987,-9999.0,14.7,-9999.0
201211060830,201211060900,-9999.0,1.0,200.7,4.953,8.96,1.91173,7.79408,3.09477,12.5972,408.588,-9999.0,14.63,-9999.0
201211060900,201211060930,-9999.0,1.0,342.2,7.648,11.41,2.22559,11.5656,3.78808,16.2297,498.724,-9999.0,14.57,-9999.0
201211060930,201211061000,-9999.0,1.0,243.1,4.952,13.09,2.45308,10.3348,4.29846,13.8252,575.852,-9999.0,14.51,-9999.0
201211061000,201211061030,-9999.0,1.0,185.5,0.047,13.8,2.5534,9.9393,4.50592,11.9229,638.652,-9999.0,14.47,99.7
201211061030,201211061100,-9999.0,1.0,232.6,0.18,14.39,2.63847,14.3826,4.67565,13.4181,686.052,-9999.0,14.42,98.9
201211061100,201211061130,-12.5664,0.0,392.4,2.183,16.4,2.92983,15.3422,5.35965,16.8732,717.238,-9999.0,14.4,88.3
201211061130,201211061200,-7.263,0.0,305.4,5.67,18.45,3.23842,10.2687,6.10442,15.1585,731.678,-9999.0,14.39,73.3
201211061200,201211061230,-12.7923,0.0,285.9,6.566,19.04,3.33162,15.867,6.29498,14.6576,729.125,-9999.0,14.38,70.2
201211061230,201211061300,-8.5347,0.0,402.6,6.848,19.22,3.36259,11.6326,6.32162,16.8342,709.622,-9999.0,14.39,69.27
201211061300,201211061330,-14.2009,0.0,352.1,8.066,19.96,3.48046,17.3851,6.57337,15.9114,673.502,-9999.0,14.4,65.43
201211061330,201211061400,-9999.0,1.0,337.6,7.651,17.732,3.14268,12.1607,5.6579,15.576,621.385,-9999.0,14.43,-9999.0
201211061400,201211061430,-9999.0,1.0,242.6,4.861,15.975,2.88508,10.3227,4.98259,13.3411,554.162,-9999.0,14.46,-9999.0
201211061430,201211061500,-9999.0,1.0,176.6,7.227,18.83,3.31597,6.73994,5.98834,11.2069,472.983,-9999.0,14.5,66.77
201211061500,201211061530,-5.00616,0.0,232.0,8.502,18.79,3.31313,8.07061,5.92856,12.9429,379.236,-9999.0,14.54,60.81
201211061530,201211061600,-1.43012,0.0,96.6,7.964,18.34,3.24751,4.44689,5.71558,7.53431,274.527,-9999.0,14.59,62.24
201211061600,201211061630,-9999.0,1.0,46.73,6.144,17.22,3.08121,-0.122854,5.26718,4.26718,160.646,-9999.0,14.63,68.74
201211061630,201211061700,-9999.0,1.0,7.95,4.761,16.41,2.96354,-0.460659,4.94606,0.837782,41.6065,-9999.0,14.66,74.5
201211061700,201211061730,-9999.0,1.0,0.422,3.559,15.66,2.85613,-0.631032,4.65727,0.045732,0.0,-9999.0,14.7,80.0
201211061730,201211061800,-9999.0,1.0,0.0,2.51,14.91,2.75004,-0.574539,4.37943,0.0,0.0,-9999.0,14.72,85.2
201211061800,201211061830,-9999.0,1.0,0.0,1.616,14.01,2.62404,-0.524885,4.06665,0.0,0.0,-9999.0,14.74,89.9
201211061830,201211061900,-9999.0,1.0,0.0,1.098,13.71,2.5842,-0.497116,3.94481,0.0,0.0,-9999.0,14.76,93.0
201211061900,201211061930,-9999.0,1.0,0.0,0.911,13.47,2.55297,-0.584244,3.84305,0.0,0.0,-9999.0,14.77,94.1
201211061930,201211062000,-9999.0,1.0,0.0,0.527,13.08,2.5009,-0.675049,3.70017,0.0,0.0,-9999.0,14.77,96.5
201211062000,201211062030,-9999.0,1.0,0.0,0.357,12.89,2.47691,-0.714019,3.61686,0.0,0.0,-9999.0,14.77,97.6
201211062030,201211062100,-9999.0,1.0,0.0,0.132,12.65,2.44607,-0.784919,3.52107,0.0,0.0,-9999.0,14.77,99.1
201211062100,201211062130,-9999.0,1.0,0.0,1.722,12.53,2.43188,-0.68943,3.4596,0.0,0.0,-9999.0,14.76,88.1497
201211062130,201211062200,-9999.0,1.0,0.0,1.654,12.45,2.42322,-0.695791,3.40956,0.0,0.0,-9999.0,14.75,88.5528
201211062200,201211062230,-9999.0,1.0,0.0,2.027,12.49,2.43112,-0.735519,3.3919,0.0,0.0,-9999.0,14.74,86.0113
201211062230,201211062300,-9999.0,1.0,0.0,2.159,12.19,2.39213,-0.492745,3.28463,0.0,0.0,-9999.0,14.72,84.8028
201211062300,201211062330,-9999.0,1.0,0.0,0.35,11.98,2.36566,-0.132326,3.20277,0.0,0.0,-9999.0,14.71,97.5
201211062330,201211070000,-9999.0,1.0,0.0,0.416,11.31,2.27691,0.036752,3.00774,0.0,0.0,-9999.0,14.7,96.9
201211070000,201211070030,-9999.0,1.0,0.0,0.152,10.46,2.16562,-0.121387,2.77833,0.0,0.0,-9999.0,14.68,98.8
201211070030,201211070100,-9999.0,1.0,0.003,1.611,10.14,2.12558,-0.023861,2.68042,0.00031,0.0,-9999.0,14.66,87.005
201211070100,201211070130,-9999.0,1.0,0.0,0.05,10.29,2.14738,-0.135275,2.69115,0.0,0.0,-9999.0,14.63,99.6
201211070130,201211070200,-9999.0,1.0,0.0,0.453,10.79,2.21586,-0.066872,2.78211,0.0,0.0,-9999.0,14.61,96.5
201211070200,201211070230,4.12175,0.0,0.015,0.903,10.95,2.23946,-1.8665,2.79431,0.001534,0.0,-9999.0,14.58,93.1
201211070230,201211070300,-9999.0,1.0,0.126,1.046,10.75,2.21482,-0.066916,2.72348,0.012833,0.0,-9999.0,14.55,91.9
201211070300,201211070330,-9999.0,1.0,0.159,1.12,10.87,2.23305,-0.051932,2.72595,0.016135,0.0,-9999.0,14.51,91.4
201211070330,201211070400,-9999.0,1.0,0.101,0.882,10.81,2.22716,-0.056247,2.68756,0.010217,0.0,-9999.0,14.48,93.2
201211070400,201211070430,-9999.0,1.0,0.121,0.474,10.62,2.20385,-0.087566,2.62076,0.012196,0.0,-9999.0,14.45,96.3
201211070430,201211070500,-9999.0,1.0,0.056,0.302,10.34,2.16865,-0.115449,2.53573,0.005627,0.0,-9999.0,14.43,97.6
201211070500,201211070530,-9999.0,1.0,0.132,0.048,9.65,2.07979,-0.287766,2.36743,0.013212,0.0,-9999.0,14.4,99.6
201211070530,201211070600,-9999.0,1.0,0.127,1.747,9.29,2.03497,-0.726994,2.27226,0.012667,0.0,-9999.0,14.36,85.081
201211070600,201211070630,2.19921,0.0,0.188,1.818,8.8,1.97386,-0.15589,2.15463,0.018681,0.0,-9999.0,14.33,83.9558
201211070630,201211070700,1.09478,0.0,2.347,1.603,8.68,1.96044,0.937869,2.11092,0.230193,0.369703,-9999.0,14.3,85.7371
201211070700,201211070730,-9999.0,1.0,11.51,1.596,8.34,1.91914,-0.467796,2.0269,1.08144,71.3312,-9999.0,14.26,85.4646
201211070730,201211070800,-9999.0,2.0,73.7,1.176,8.9,1.99241,-0.06826,2.11091,5.46634,190.361,-9999.0,14.23,89.6907
201211070800,201211070830,-2.15138,0.0,143.9,0.025,10.42,2.19403,4.37497,2.38498,8.61167,301.577,-9999.0,14.19,99.8
201211070830,201211070900,-5.84489,0.0,199.2,0.136,11.49,2.34165,8.18671,2.58021,10.3249,403.075,-9999.0,14.14,99.0
201211070900,201211070930,-12.43,0.0,261.7,0.993,12.84,2.53307,14.9228,2.84361,11.7713,493.12,-9999.0,14.11,93.3
201211070930,201211071000,-9.90123,0.0,328.7,2.942,13.75,2.6664,12.498,3.01749,12.9365,570.17,-9999.0,14.07,81.3
201211071000,201211071030,-11.0008,0.0,380.0,4.234,14.46,2.77295,13.6799,3.14842,13.622,632.908,-9999.0,14.03,74.3
201211071030,201211071100,-11.4522,0.0,423.3,5.447,15.32,2.9037,14.2315,3.31614,14.0912,680.26,-9999.0,14.01,68.72
201211071100,201211071130,-8.07246,0.0,254.8,6.095,15.81,2.98048,10.9104,3.39719,11.4107,711.415,-9999.0,14.0,66.08
201211071130,201211071200,-9.4235,0.0,186.4,6.862,15.97,3.00766,12.2824,3.39881,9.69561,725.84,-9999.0,13.99,62.2
201211071200,201211071230,-13.6459,0.0,497.3,9.757,17.66,3.27211,16.7029,3.77295,14.6347,723.289,-9999.0,13.99,51.72
201211071230,201211071300,-6.20324,0.0,278.9,9.266,17.63,3.27051,9.25959,3.72423,11.7217,703.806,-9999.0,14.0,54.06
201211071300,201211071330,-8.07962,0.0,460.7,11.014,18.55,3.4194,11.2463,3.91192,12.8999,667.723,-9999.0,14.01,48.46
201211071330,201211071400,-9.61142,0.0,429.6,11.01,18.28,3.3796,12.7494,3.80099,12.5796,615.658,-9999.0,14.03,47.6
201211071400,201211071430,-6.91509,0.0,378.7,11.743,18.69,3.44831,10.1041,3.85906,11.2882,548.503,-9999.0,14.05,45.53
201211071430,201211071500,-4.88868,0.0,318.1,10.589,17.56,3.27193,7.9482,3.54286,11.6234,467.405,-9999.0,14.08,47.27
201211071500,201211071530,-5.96551,0.0,249.5,10.066,16.97,3.18247,8.95903,3.36561,10.8261,373.753,-9999.0,14.11,47.97
201211071530,201211071600,-4.49878,0.0,173.5,8.928,16.42,3.09995,7.4311,3.20323,8.98013,269.149,-9999.0,14.14,52.21
201211071600,201211071630,-1.95247,0.0,95.7,8.115,15.7,2.99209,4.80409,3.00993,6.14987,155.382,-9999.0,14.16,54.52
201211071630,201211071700,0.46194,0.0,22.94,7.12,14.59,2.82687,2.26457,2.7454,1.91102,37.5001,-9999.0,14.19,57.14
201211071700,201211071730,3.25751,0.0,1.048,6.49,13.26,2.63286,-0.680004,2.45471,0.095677,0.0,-9999.0,14.21,57.41
201211071730,201211071800,3.26401,0.0,0.0,7.055,12.96,2.5917,-0.718065,2.36915,0.0,0.0,-9999.0,14.22,52.79
201211071800,201211071830,-9999.0,1.0,0.0,6.369,12.35,2.50621,-1.26408,2.23063,0.0,0.0,-9999.0,14.23,55.64
201211071830,201211071900,-9999.0,1.0,0.001,4.698,10.61,2.2643,-1.18125,1.91137,9.1e-05,0.0,-9999.0,14.22,63.28
201211071900,201211071930,-9999.0,1.0,0.001,4.224,10.07,2.19267,-0.786744,1.80253,9e-05,0.0,-9999.0,14.22,65.77
201211071930,201211072000,2.2683,0.0,0.001,3.696,9.66,2.13937,-0.080029,1.71742,9e-05,0.0,-9999.0,14.21,69.22
201211072000,201211072030,5.3136,0.0,0.0,2.65,8.48,1.9853,-3.25088,1.52639,0.0,0.0,-9999.0,14.19,76.1
201211072030,201211072100,2.57071,0.0,0.0,3.8,9.03,2.05934,-0.446867,1.58237,0.0,0.0,-9999.0,14.16,66.98
201211072100,201211072130,-9999.0,1.0,0.0,3.026,8.37,1.97471,-0.412076,1.47111,0.0,0.0,-9999.0,14.13,72.5
201211072130,201211072200,-9999.0,1.0,0.002,3.405,8.13,1.94546,-0.435896,1.41956,0.000177,0.0,-9999.0,14.09,68.55
201211072200,201211072230,-9999.0,1.0,0.024,2.697,7.17,1.82498,-0.017048,1.27974,0.002117,0.0,-9999.0,14.05,73.4
201211072230,201211072300,-9999.0,1.0,0.039,2.77,6.762,1.77574,-0.040343,1.21337,0.003427,0.0,-9999.0,14.0,71.9
201211072300,201211072330,-9999.0,1.0,0.05,2.945,6.747,1.77554,-0.040191,1.1944,0.004375,0.0,-9999.0,13.95,70.1
201211072330,201211080000,-9999.0,1.0,0.003,3.309,7.18,1.83135,-0.010707,1.22712,0.000262,0.0,-9999.0,13.9,67.39
201211080000,201211080030,2.81631,0.0,0.0,3.408,7.24,1.84063,-0.871038,1.21609,0.0,0.0,-9999.0,13.84,66.55
201211080030,201211080100,2.8936,0.0,0.0,3.588,7.37,1.85881,-0.932775,1.24549,0.0,0.0,-9999.0,13.79,65.09
201211080100,201211080130,1.63018,0.0,0.0,2.904,6.742,1.78154,0.266058,1.18639,0.0,0.0,-9999.0,13.73,70.5
201211080130,201211080200,-9999.0,1.0,0.005,2.792,6.418,1.74302,0.240789,1.16262,0.000442,0.0,-9999.0,13.67,71.0
201211080200,201211080230,-9999.0,1.0,0.0,3.078,6.877,1.80174,-0.016158,1.22928,0.0,0.0,-9999.0,13.62,69.03
201211080230,201211080300,0.376783,0.0,0.0,3.992,7.68,1.90541,1.62428,1.34128,0.0,0.0,-9999.0,13.56,61.98
201211080300,201211080330,2.49871,0.0,0.0,4.224,8.17,1.97071,-0.443116,1.41895,0.0,0.0,-9999.0,13.5,61.09
201211080330,201211080400,3.52493,0.0,0.0,3.607,7.58,1.89607,-1.53097,1.35801,0.0,0.0,-9999.0,13.45,65.41
201211080400,201211080430,2.21885,0.0,0.017,2.879,6.712,1.78772,-0.315458,1.26364,0.001546,0.0,-9999.0,13.4,70.7
201211080430,201211080500,1.60561,0.0,0.123,2.59,6.364,1.74603,0.262822,1.23449,0.011241,0.0,-9999.0,13.34,73.0
201211080500,201211080530,4.8704,0.0,0.18,1.847,5.317,1.62012,-3.10933,1.12329,0.016537,0.0,-9999.0,13.29,79.3
201211080530,201211080600,1.98161,0.0,0.164,1.695,5.238,1.61217,-0.227098,1.12586,0.015152,0.0,-9999.0,13.24,80.9
201211080600,201211080630,-1.70198,0.0,0.22,1.663,5.043,1.59042,3.438,1.11487,0.020433,0.0,-9999.0,13.19,81.0
201211080630,201211080700,-9999.0,1.0,3.276,1.271,4.21,1.49438,1.41865,1.03192,0.301121,0.0,-9999.0,13.14,84.6
201211080700,201211080730,-9999.0,1.0,16.74,1.569,4.752,1.55892,0.812688,1.10376,1.44625,62.1516,-9999.0,13.09,81.7
201211080730,201211080800,-9999.0,1.0,67.38,1.35,4.785,1.56425,1.03149,1.11865,4.70144,181.286,-9999.0,13.04,84.3
201211080800,201211080830,-7.05866,0.0,144.0,2.498,7.31,1.87704,9.03975,1.45208,7.78392,292.68,-9999.0,12.99,75.6
201211080830,201211080900,-5.72219,0.0,209.4,3.14,8.86,2.08274,7.8739,1.69114,9.50332,394.428,-9999.0,12.93,72.4
201211080900,201211080930,-6.70768,0.0,268.4,4.11,10.64,2.33032,9.06021,1.99224,10.646,484.789,-9999.0,12.88,67.94
201211080930,201211081000,-8.79736,0.0,336.4,5.275,12.12,2.54558,11.321,2.27015,11.6499,562.217,-9999.0,12.83,62.7
201211081000,201211081030,-7.39827,0.0,393.8,6.05,13.33,2.72787,10.0646,2.5188,12.3227,625.386,-9999.0,12.78,60.48
201211081030,201211081100,-4.7911,0.0,430.6,6.973,14.98,2.98361,7.6543,2.87467,12.6974,673.216,-9999.0,12.75,59.07
201211081100,201211081130,-3.20901,0.0,460.8,8.872,17.0,3.3079,6.31682,3.3427,12.9778,704.889,-9999.0,12.73,54.23
201211081130,201211081200,-7.99172,0.0,318.5,10.134,18.36,3.53412,11.2674,3.69245,11.4219,719.862,-9999.0,12.71,52.01
201211081200,201211081230,-8.47765,0.0,472.7,10.964,19.11,3.66265,11.848,3.91026,12.3748,717.88,-9999.0,12.72,50.46
201211081230,201211081300,-4.5493,0.0,484.5,12.454,20.2,3.8508,8.05684,4.22378,11.3869,698.977,-9999.0,12.74,47.41
201211081300,201211081330,-9999.0,1.0,465.4,13.425,20.75,3.94876,11.3769,4.40707,10.649,663.475,-9999.0,12.77,45.2
201211081330,201211081400,-9999.0,1.0,426.9,13.921,20.87,3.97307,11.0914,4.47873,10.1557,611.983,-9999.0,12.8,43.59
201211081400,201211081430,-9999.0,1.0,378.7,14.268,21.03,4.00439,10.445,4.56201,9.69244,545.381,-9999.0,12.85,42.75
201211081430,201211081500,-5.24244,0.0,326.8,13.134,19.93,3.8186,8.72903,4.30379,9.95527,464.808,-9999.0,12.9,43.6
201211081500,201211081530,-4.60993,0.0,248.0,11.269,18.81,3.63209,7.96136,4.04547,9.96649,371.645,-9999.0,12.95,48.12
201211081530,201211081600,-9999.0,1.0,166.5,8.936,17.62,3.43693,8.6706,3.77536,8.77538,267.484,-9999.0,13.01,55.67
201211081600,201211081630,-9999.0,1.0,94.6,8.136,16.92,3.32501,5.1735,3.63256,6.32028,154.107,-9999.0,13.06,57.81
201211081630,201211081700,0.55397,0.0,21.91,5.887,15.55,3.10674,2.40846,3.33061,2.01471,36.75,-9999.0,13.11,66.69
201211081700,201211081730,3.32348,0.0,1.02,3.626,13.45,2.78113,-0.609574,2.87786,0.105714,0.0,-9999.0,13.15,76.5
201211081730,201211081800,3.02679,0.0,0.0,2.241,11.69,2.51923,-0.517158,2.52747,0.0,0.0,-9999.0,13.19,83.7
201211081800,201211081830,-9999.0,1.0,0.0,1.995,10.99,2.41922,-1.25948,2.40643,0.0,0.0,-9999.0,13.22,84.8
201211081830,201211081900,-9999.0,1.0,0.0,1.565,10.05,2.28672,-1.30912,2.2414,0.0,0.0,-9999.0,13.24,87.3
201211081900,201211081930,-9999.0,1.0,0.005,0.858,9.35,2.19051,-1.20556,2.12649,0.000532,0.0,-9999.0,13.25,92.7
201211081930,201211082000,-9999.0,1.0,0.007,0.536,8.89,2.12886,-1.03286,2.05804,0.000748,0.0,-9999.0,13.26,95.3
201211082000,201211082030,-9999.0,1.0,0.009,0.427,7.94,2.00188,-0.580605,1.90287,0.000966,0.0,-9999.0,13.26,96.0
201211082030,201211082100,-9999.0,1.0,0.082,0.297,7.3,1.91878,0.076497,1.80644,0.00884,0.0,-9999.0,13.26,97.1
201211082100,201211082130,-9999.0,1.0,0.081,0.151,7.05,1.88776,0.068636,1.77785,0.008774,0.0,-9999.0,13.25,98.5
201211082130,201211082200,-9999.0,1.0,0.037,0.02,7.13,1.89992,-0.012079,1.80549,0.004028,0.0,-9999.0,13.23,99.8
201211082200,201211082230,-9999.0,1.0,0.049,1.679,6.819,1.86107,0.046846,1.76602,0.005359,0.0,-9999.0,13.2,83.0323
201211082230,201211082300,-9999.0,1.0,0.048,1.684,6.44,1.81382,0.314155,1.71526,0.005274,0.0,-9999.0,13.17,82.5397
201211082300,201211082330,-9999.0,1.0,0.076,1.759,5.908,1.74774,0.545824,1.63979,0.008388,0.0,-9999.0,13.14,81.0729
201211082330,201211090000,-9999.0,1.0,0.131,1.723,5.546,1.70387,0.605509,1.59314,0.014521,0.0,-9999.0,13.1,80.9878
201211090000,201211090030,-9999.0,1.0,0.088,1.663,5.457,1.6943,0.597592,1.59069,0.009802,0.0,-9999.0,13.07,81.5359
201211090030,201211090100,-9999.0,1.0,0.057,1.576,5.242,1.66913,0.576228,1.56778,0.006379,0.0,-9999.0,13.03,82.2433
201211090100,201211090130,-9999.0,1.0,0.098,1.667,4.947,1.63431,0.688861,1.53208,0.011016,0.0,-9999.0,12.98,80.8198
201211090130,201211090200,-9999.0,1.0,0.032,1.534,5.153,1.6611,0.491544,1.57654,0.003615,0.0,-9999.0,12.94,82.6035
201211090200,201211090230,-9999.0,1.0,0.092,1.577,4.792,1.61826,0.875229,1.52976,0.010436,0.0,-9999.0,12.89,81.6645
201211090230,201211090300,-9999.0,1.0,0.067,1.563,4.304,1.56064,1.06527,1.46364,0.007636,0.0,-9999.0,12.85,81.1969
201211090300,201211090330,-9999.0,1.0,0.048,1.509,4.544,1.59096,1.09203,1.51211,0.005496,0.0,-9999.0,12.8,82.1416
201211090330,201211090400,-5.14198,0.0,0.01,1.345,5.432,1.70175,6.9868,1.66956,0.00115,0.0,-9999.0,12.75,85.0457
201211090400,201211090430,-0.20971,0.0,0.0,1.367,6.121,1.79055,2.13077,1.80184,0.0,0.0,-9999.0,12.7,85.5072
201211090430,201211090500,-9999.0,1.0,0.002,1.549,6.052,1.78329,0.051108,1.80216,0.000232,0.0,-9999.0,12.65,83.499
201211090500,201211090530,-9999.0,1.0,0.001,1.631,5.508,1.71581,0.619091,1.71832,0.000117,0.0,-9999.0,12.6,81.9547
201211090530,201211090600,-9999.0,1.0,0.002,1.588,5.578,1.72615,0.628265,1.74257,0.000234,0.0,-9999.0,12.56,82.5244
201211090600,201211090630,-9999.0,1.0,0.145,1.503,5.865,1.7641,-0.053235,1.80599,0.017036,0.0,-9999.0,12.52,83.7834
201211090630,201211090700,-9999.0,1.0,2.993,1.481,5.493,1.71847,0.266921,1.75146,0.346677,0.0,-9999.0,12.47,83.6013
201211090700,201211090730,-9999.0,1.0,16.85,1.378,5.642,1.73883,-0.030275,1.79017,1.79876,57.2064,-9999.0,12.43,84.8937
201211090730,201211090800,-9999.0,1.0,60.92,1.054,6.197,1.81146,0.747168,1.90496,5.17924,176.14,-9999.0,12.39,88.8854
201211090800,201211090830,-9999.0,1.0,106.3,0.325,7.08,1.92898,4.12063,2.08952,7.48144,287.42,-9999.0,12.35,96.777
201211090830,201211090900,-9999.0,1.0,189.0,0.0,8.41,2.11156,6.94147,2.38102,10.1231,389.064,-9999.0,12.31,100.0
201211090900,201211090930,-9999.0,1.0,173.4,0.0,9.5,2.2671,7.81611,2.64134,9.75182,479.332,-9999.0,12.28,100.0
201211090930,201211091000,-4.0632,0.0,173.9,0.0,10.35,2.3929,6.48468,2.86051,9.78764,556.68,-9999.0,12.25,100.0
201211091000,201211091030,-10.3195,0.0,213.8,0.101,11.48,2.56382,12.877,3.16268,10.7491,619.784,-9999.0,12.23,99.2577
201211091030,201211091100,-13.4524,0.0,281.3,0.015,13.1,2.8162,16.209,3.61922,11.9695,667.565,-9999.0,12.21,99.9
201211091100,201211091130,-11.089,0.0,290.7,1.85,14.78,3.08789,14.056,4.13126,12.1294,699.206,-9999.0,12.2,89.0
201211091130,201211091200,-9.90374,0.0,206.7,4.3,15.57,3.22098,12.9733,4.40085,10.6649,714.164,-9999.0,12.21,75.7
201211091200,201211091230,-6.91341,0.0,234.9,5.406,15.76,3.25614,10.0111,4.48886,11.2577,712.184,-9999.0,12.23,69.82
201211091230,201211091300,-6.82389,0.0,444.1,10.277,18.17,3.66912,10.231,5.32068,13.6803,693.3,-9999.0,12.25,50.75
201211091300,201211091330,-7.51827,0.0,439.8,13.994,19.63,3.92951,11.1176,5.87786,11.7999,657.834,-9999.0,12.28,38.78
201211091330,201211091400,-6.19725,0.0,406.1,13.779,19.64,3.93574,9.80299,5.9183,11.7244,606.395,-9999.0,12.32,39.76
201211091400,201211091430,-9999.0,1.0,344.7,7.935,17.415,3.55113,11.5176,5.157,12.9476,539.861,-9999.0,12.36,-9999.0
201211091430,201211091500,-9999.0,1.0,299.6,13.725,19.08,3.84536,9.85424,5.78409,10.9191,459.371,-9999.0,12.41,37.87
201211091500,201211091530,-9.28629,0.0,176.4,11.953,17.99,3.65862,12.6945,5.42367,9.58124,366.303,-9999.0,12.47,42.07
201211091530,201211091600,-9999.0,1.0,138.9,10.339,16.97,3.48679,7.7694,5.09731,8.95003,262.249,-9999.0,12.52,46.56
201211091600,201211091630,-9999.0,1.0,88.7,9.867,16.55,3.41907,4.59626,4.98311,7.01521,148.989,-9999.0,12.57,47.62
201211091630,201211091700,-9999.0,1.0,17.99,8.987,15.42,3.23261,0.221344,4.63153,2.05112,32.9883,-9999.0,12.61,48.72
201211091700,201211091730,-9999.0,1.0,0.362,9.863,14.49,3.08246,-0.53934,4.35567,0.046539,0.0,-9999.0,12.65,40.25
201211091730,201211091800,-9999.0,1.0,0.0,8.022,13.98,3.0027,-1.23208,4.21892,0.0,0.0,-9999.0,12.68,49.77
201211091800,201211091830,-9999.0,1.0,0.0,7.276,13.56,2.93812,-1.40984,4.11169,0.0,0.0,-9999.0,12.72,53.18
201211091830,201211091900,-9999.0,1.0,0.0,6.339,13.11,2.86919,-1.0837,3.99601,0.0,0.0,-9999.0,12.74,57.99
201211091900,201211091930,-9999.0,1.0,0.0,5.33,12.53,2.78026,-1.16184,3.84204,0.0,0.0,-9999.0,12.76,63.31
201211091930,201211092000,-9999.0,1.0,0.0,4.136,11.52,2.62562,-1.22198,3.5646,0.0,0.0,-9999.0,12.77,69.57
201211092000,201211092030,-9999.0,1.0,0.0,3.116,10.83,2.52283,-0.973476,3.38719,0.0,0.0,-9999.0,12.78,76.0
201211092030,201211092100,-9999.0,1.0,0.0,1.866,9.99,2.39925,-0.891198,3.17299,0.0,0.0,-9999.0,12.78,84.8
201211092100,201211092130,-9999.0,1.0,0.0,1.325,9.71,2.36036,-0.928144,3.11495,0.0,0.0,-9999.0,12.78,89.0
201211092130,201211092200,-9999.0,1.0,0.0,0.988,9.53,2.3364,-0.864968,3.08398,0.0,0.0,-9999.0,12.78,91.7
201211092200,201211092230,6.19964,0.0,0.0,0.652,9.2,2.29054,-3.83169,3.01282,0.0,0.0,-9999.0,12.77,94.4
201211092230,201211092300,-9999.0,1.0,0.0,0.611,9.34,2.31361,-0.819296,3.06736,0.0,0.0,-9999.0,12.76,94.8
201211092300,201211092330,-9999.0,1.0,0.0,0.609,9.02,2.26932,-0.810655,2.99847,0.0,0.0,-9999.0,12.75,94.7
201211092330,201211100000,-9999.0,1.0,0.0,0.534,9.15,2.29084,-0.803809,3.0501,0.0,0.0,-9999.0,12.74,95.4
201211100000,201211100030,-9999.0,1.0,0.0,0.577,8.77,2.23795,-0.647007,2.96485,0.0,0.0,-9999.0,12.72,94.9
201211100030,201211100100,-9999.0,1.0,0.0,0.3,8.0,2.12982,-0.608438,2.76611,0.0,0.0,-9999.0,12.7,97.2
201211100100,201211100130,-9999.0,1.0,0.0,0.167,7.58,2.07282,-0.465085,2.66197,0.0,0.0,-9999.0,12.68,98.4
201211100130,201211100200,-9999.0,1.0,0.0,0.021,7.88,2.11747,-0.427919,2.73937,0.0,0.0,-9999.0,12.66,99.8
201211100200,201211100230,-9999.0,1.0,0.0,0.021,7.82,2.1113,-0.431979,2.72604,0.0,0.0,-9999.0,12.63,99.8
201211100230,201211100300,-9999.0,1.0,0.0,1.647,7.37,2.0502,-0.399024,2.61528,0.0,0.0,-9999.0,12.61,83.977
201211100300,201211100330,-9999.0,1.0,0.0,1.372,6.963,1.99578,-0.450023,2.51761,0.0,0.0,-9999.0,12.58,86.2701
201211100330,201211100400,-9999.0,1.0,0.0,1.227,6.862,1.984,-0.44853,2.495,0.0,0.0,-9999.0,12.55,87.6361
201211100400,201211100430,-9999.0,1.0,0.001,0.942,6.815,1.97969,-0.415347,2.48543,0.000137,0.0,-9999.0,12.52,90.4819
201211100430,201211100500,-9999.0,1.0,0.0,1.37,7.33,2.0536,-0.389516,2.61261,0.0,0.0,-9999.0,12.49,86.6364
201211100500,201211100530,-9999.0,1.0,0.113,1.507,6.825,1.98542,-0.39698,2.49126,0.015446,0.0,-9999.0,12.46,84.7769
201211100530,201211100600,-9999.0,1.0,0.145,1.425,6.742,1.97611,-0.415138,2.47307,0.019826,0.0,-9999.0,12.43,85.5217
201211100600,201211100630,-9999.0,1.0,0.05,1.428,6.986,2.01215,-0.386838,2.53362,0.006845,0.0,-9999.0,12.4,85.735
201211100630,201211100700,-9999.0,1.0,1.201,1.151,6.899,2.00222,-0.387227,2.51427,0.163159,0.0,-9999.0,12.37,88.4394
201211100700,201211100730,-9999.0,1.0,11.13,1.36,7.6,2.10313,-0.416336,2.68911,1.41337,52.5272,-9999.0,12.34,86.9733
201211100730,201211100800,-9999.0,1.0,26.96,2.035,8.48,2.2325,-0.043732,2.91832,3.10107,171.072,-9999.0,12.31,81.6433
201211100800,201211100830,-9999.0,1.0,94.8,2.636,9.33,2.36092,6.78813,3.15059,7.76419,282.237,-9999.0,12.28,77.5521
201211100830,201211100900,-9999.0,1.0,178.6,0.707,11.23,2.65603,7.92621,3.70536,10.7994,383.776,-9999.0,12.25,94.7
201211100900,201211100930,-9999.0,1.0,245.1,1.737,12.6,2.87878,12.6832,4.13887,12.283,473.95,-9999.0,12.22,88.1
201211100930,201211101000,-13.324,0.0,289.5,2.846,14.35,3.17304,16.4251,4.73179,13.0302,551.219,-9999.0,12.21,82.6
201211101000,201211101030,-11.5277,0.0,255.2,3.998,15.43,3.36165,14.7757,5.12127,12.4976,614.258,-9999.0,12.2,77.2
201211101030,201211101100,-10.6897,0.0,385.8,5.777,16.73,3.59351,14.1157,5.61193,14.2342,661.99,-9999.0,12.19,69.68
201211101100,201211101130,-7.87135,0.0,430.0,7.69,18.38,3.89493,11.525,6.26862,14.6607,693.598,-9999.0,12.19,63.63
201211101130,201211101200,-12.3686,0.0,338.9,8.988,19.77,4.15621,16.2172,6.85245,13.7645,708.54,-9999.0,12.21,61.02
201211101200,201211101230,-6.5955,0.0,356.0,8.878,19.72,4.15135,10.4423,6.83581,13.9831,706.562,-9999.0,12.24,61.38
201211101230,201211101300,-8.8869,0.0,432.3,8.259,19.16,4.05145,12.662,6.60386,14.7474,687.698,-9999.0,12.27,62.8
201211101300,201211101330,-8.28268,0.0,400.3,10.479,20.47,4.30157,12.2433,7.16891,14.0103,652.269,-9999.0,12.32,56.48
201211101330,201211101400,-7.59695,0.0,442.0,10.489,20.5,4.31188,11.567,7.18691,14.3551,600.882,-9999.0,12.38,56.52
201211101400,201211101430,-5.62602,0.0,280.3,10.115,20.32,4.28239,9.57635,7.11322,12.9589,534.417,-9999.0,12.44,57.6
201211101430,201211101500,-1.19472,0.0,69.09,7.563,18.59,3.96312,4.91144,6.38478,6.43233,454.011,-9999.0,12.51,64.7
201211101500,201211101530,2.30093,0.0,30.22,6.126,17.71,3.80573,1.29998,6.03172,3.44844,361.039,-9999.0,12.58,69.78
201211101530,201211101600,1.5877,0.0,19.93,4.845,17.38,3.74973,1.97281,5.90448,2.41969,257.092,-9999.0,12.65,75.6
201211101600,201211101630,1.45092,0.0,11.24,4.113,17.24,3.72833,2.09514,5.85319,1.44245,143.949,-9999.0,12.72,79.1
201211101630,201211101700,1.27242,0.0,2.742,4.258,17.12,3.71055,2.2619,5.80996,0.372597,29.4743,-9999.0,12.78,78.2
201211101700,201211101730,1.73901,0.0,0.0,4.575,17.07,3.70545,1.79312,5.79427,0.0,0.0,-9999.0,12.83,76.5
201211101730,201211101800,2.68102,0.0,0.0,5.524,17.0,3.69672,0.846155,5.77076,0.0,0.0,-9999.0,12.88,71.5
201211101800,201211101830,2.75531,0.0,0.0,6.596,17.05,3.70973,0.783362,5.79426,0.0,0.0,-9999.0,12.92,66.08
201211101830,201211101900,1.23032,0.0,0.0,7.032,16.94,3.69371,2.29788,5.75508,0.0,0.0,-9999.0,12.96,63.58
201211101900,201211101930,2.62579,0.0,0.0,7.06,16.88,3.68675,0.898785,5.73552,0.0,0.0,-9999.0,13.0,63.3
201211101930,201211102000,2.72206,0.0,0.0,7.319,16.97,3.70701,0.81952,5.77461,0.0,0.0,-9999.0,13.03,62.17
201211102000,201211102030,3.6037,0.0,0.0,4.241,16.35,3.5987,-0.142808,5.53802,0.0,0.0,-9999.0,13.07,77.2
201211102030,201211102100,4.69849,0.0,0.0,2.78,15.78,3.50031,-1.31126,5.32536,0.0,0.0,-9999.0,13.1,84.5
201211102100,201211102130,2.7677,0.0,0.0,3.147,15.82,3.51116,0.629424,5.34399,0.0,0.0,-9999.0,13.13,82.5
201211102130,201211102200,3.43563,0.0,0.0,4.32,16.1,3.56509,0.00439,5.45361,0.0,0.0,-9999.0,13.16,76.4
201211102200,201211102230,8.2308,0.0,0.0,5.302,16.41,3.62481,-4.74356,5.57606,0.0,0.0,-9999.0,13.18,71.6
201211102230,201211102300,2.90271,0.0,0.0,6.409,16.71,3.68314,0.630584,5.69614,0.0,0.0,-9999.0,13.2,66.32
201211102300,201211102330,1.74023,0.0,0.0,7.38,17.19,3.77492,1.86436,5.88889,0.0,0.0,-9999.0,13.22,62.38
201211102330,201211110000,2.65747,0.0,0.0,7.661,17.64,3.86204,1.01461,6.07304,0.0,0.0,-9999.0,13.24,62.04
201211110000,201211110030,1.18569,0.0,0.0,7.321,17.87,3.90889,2.52336,6.17039,0.0,0.0,-9999.0,13.26,64.25
201211110030,201211110100,2.23574,0.0,0.0,6.937,17.9,3.91859,1.48232,6.18676,0.0,0.0,-9999.0,13.28,66.19
201211110100,201211110130,3.6481,0.0,0.0,6.395,17.91,3.92457,0.076158,6.19499,0.0,0.0,-9999.0,13.3,68.85
201211110130,201211110200,1.52358,0.0,0.0,5.618,17.89,3.92495,2.20266,6.19097,0.0,0.0,-9999.0,13.32,72.6
201211110200,201211110230,3.25008,0.0,0.0,5.697,17.94,3.93843,0.488006,6.21556,0.0,0.0,-9999.0,13.35,72.3
201211110230,201211110300,-9999.0,1.0,0.0,4.948,17.65,3.88828,0.020525,6.10155,0.0,0.0,-9999.0,13.37,75.5
201211110300,201211110330,-9999.0,1.0,0.027,4.339,17.42,3.84945,-0.000222,6.0127,0.00378,0.0,-9999.0,13.39,78.2
201211110330,201211110400,5.6411,0.0,0.073,4.032,17.62,3.8908,-1.93385,6.09754,0.010222,0.0,-9999.0,13.41,80.0
201211110400,201211110430,0.932598,0.0,0.0,3.966,17.76,3.92109,2.79921,6.15856,0.0,0.0,-9999.0,13.44,80.5
201211110430,201211110500,4.19774,0.0,0.0,5.267,18.07,3.98354,-0.417179,6.28985,0.0,0.0,-9999.0,13.47,74.6
201211110500,201211110530,2.88961,0.0,0.0,7.172,18.3,4.03123,0.928511,6.38935,0.0,0.0,-9999.0,13.49,65.91
201211110530,201211110600,2.31209,0.0,0.0,7.096,18.12,4.0013,1.48525,6.31891,0.0,0.0,-9999.0,13.51,65.89
201211110600,201211110630,3.5697,0.0,0.0,7.543,18.2,4.02062,0.243885,6.35628,0.0,0.0,-9999.0,13.54,63.92
201211110630,201211110700,3.44831,0.0,0.568,6.781,17.92,3.97173,0.330159,6.24475,0.079521,0.0,-9999.0,13.56,66.99
201211110700,201211110730,2.91403,0.0,7.16,6.057,17.64,3.92298,0.829292,6.13418,0.960504,48.1089,-9999.0,13.58,69.99
201211110730,201211110800,0.009433,0.0,78.9,6.187,18.09,4.01222,3.80295,6.32329,7.2564,166.084,-9999.0,13.6,70.2
201211110800,201211110830,-3.61035,0.0,198.1,6.201,18.78,4.14832,7.52667,6.617,11.9814,277.134,-9999.0,13.62,71.4
201211110830,201211110900,-3.82548,0.0,173.1,6.279,19.38,4.26862,7.83337,6.87877,11.2941,378.567,-9999.0,13.65,72.1
201211110900,201211110930,1.57714,0.0,54.49,3.229,18.35,4.07433,2.28713,6.44433,5.62677,468.649,-9999.0,13.67,84.7
201211110930,201211111000,4.15407,0.0,1.618,0.49,15.95,3.62786,-0.627971,5.48384,0.225661,545.837,-9999.0,13.7,97.3
201211111000,201211111030,0.749584,0.0,1.843,0.895,14.46,3.36121,2.57088,4.93023,0.256797,608.811,-9999.0,13.74,94.5643
201211111030,201211111100,9.59896,0.0,8.7,0.871,14.91,3.44559,-6.21107,5.09847,1.16046,656.493,-9999.0,13.8,94.864
201211111100,201211111130,5.94921,0.0,13.36,0.887,15.12,3.48718,-2.52742,5.1799,1.73227,688.068,-9999.0,13.83,94.8395
201211111130,201211111200,0.443581,0.0,33.67,0.568,15.86,3.62621,3.08749,5.46372,3.88646,702.995,-9999.0,13.86,96.8482
201211111200,201211111230,0.272352,0.0,30.34,0.368,16.63,3.77299,3.37319,5.76779,3.56919,701.019,-9999.0,13.88,98.0543
201211111230,201211111300,0.328374,0.0,53.77,0.843,17.62,3.96386,3.4643,6.17081,5.60534,682.174,-9999.0,13.89,95.8168
201211111300,201211111330,0.432567,0.0,54.14,1.307,17.65,3.97364,3.3692,6.18721,5.63851,646.782,-9999.0,13.9,93.5299
201211111330,201211111400,0.265938,0.0,34.87,0.989,17.56,3.96053,3.52754,6.15432,4.011,595.449,-9999.0,13.92,95.0731
201211111400,201211111430,0.725432,0.0,27.52,1.054,17.57,3.96648,3.07423,6.16248,3.29808,529.053,-9999.0,13.95,94.7568
201211111430,201211111500,1.40795,0.0,2.474,1.278,16.99,3.86023,2.31241,5.93073,0.344958,448.73,-9999.0,13.98,93.4005
201211111500,201211111530,-9999.0,1.0,7.27,0.932,16.6,3.79055,-0.134697,5.77872,0.983623,355.854,-9999.0,14.01,95.0696
201211111530,201211111600,-9999.0,1.0,3.033,0.766,16.43,3.76244,-0.234754,5.7152,0.421829,252.015,-9999.0,14.04,95.9038
201211111600,201211111630,3.93292,0.0,2.148,0.67,16.38,3.75688,-0.286997,5.69923,0.30062,138.989,-9999.0,14.07,96.4039
201211111630,201211111700,3.17293,0.0,0.301,0.664,16.38,3.7607,0.477516,5.70297,0.042659,26.2023,-9999.0,14.1,96.4393
201211111700,201211111730,-9999.0,1.0,0.0,0.679,16.41,3.77016,-0.230096,5.71856,0.0,0.0,-9999.0,14.13,96.365
201211111730,201211111800,-9999.0,1.0,0.014,1.008,16.37,3.76645,-0.237299,5.7065,0.00199,0.0,-9999.0,14.15,94.5891
201211111800,201211111830,4.46162,0.0,0.091,0.979,15.62,3.62985,-0.907638,5.41803,0.012935,0.0,-9999.0,14.21,94.4858
201211111830,201211111900,6.94634,0.0,0.124,0.929,15.27,3.5686,-3.43848,5.28796,0.017631,0.0,-9999.0,14.25,94.6463
201211111900,201211111930,3.03416,0.0,0.106,0.832,14.91,3.50581,0.426166,5.15579,0.015081,0.0,-9999.0,14.28,95.0932
201211111930,201211112000,3.01058,0.0,0.029,0.714,14.86,3.50016,0.446807,5.14047,0.00413,0.0,-9999.0,14.3,95.7782
201211112000,201211112030,-9999.0,1.0,0.004,0.73,15.07,3.54241,-0.564327,5.22266,0.00057,0.0,-9999.0,14.32,95.7377
201211112030,201211112100,-9999.0,1.0,0.0,0.744,15.17,3.56449,-0.545636,5.26386,0.0,0.0,-9999.0,14.33,95.6849
201211112100,201211112130,1.03948,0.0,0.0,1.083,15.26,3.58479,2.48855,5.30146,0.0,0.0,-9999.0,14.33,93.7577
201211112130,201211112200,3.40481,0.0,0.0,0.994,15.46,3.62566,0.156602,5.38132,0.0,0.0,-9999.0,14.34,94.3442
201211112200,201211112230,6.67021,0.0,0.0,1.433,16.34,3.79511,-2.97588,5.72825,0.0,0.0,-9999.0,14.34,92.2916
201211112230,201211112300,-0.58262,0.0,0.0,1.699,16.25,3.78182,4.26826,5.69631,0.0,0.0,-9999.0,14.34,90.8072
201211112300,201211112330,2.38847,0.0,0.0,1.23,16.29,3.79322,1.30755,5.71587,0.0,0.0,-9999.0,14.34,93.3621
201211112330,201211120000,1.48082,0.0,0.0,1.388,16.45,3.82752,2.24325,5.78327,0.0,0.0,-9999.0,14.35,92.5847
201211120000,201211120030,11.3632,0.0,0.0,1.164,16.58,3.85622,-7.61542,5.83908,0.0,0.0,-9999.0,14.35,93.833
201211120030,201211120100,5.91021,0.0,0.0,1.085,17.16,3.97184,-2.07199,6.06977,0.0,0.0,-9999.0,14.36,94.4584
201211120100,201211120130,1.11579,0.0,0.004,1.679,17.6,4.06141,2.79256,6.24668,0.000569,0.0,-9999.0,14.37,91.6621
201211120130,201211120200,2.73846,0.0,0.0,2.327,17.97,4.13802,1.2299,6.39667,0.0,0.0,-9999.0,14.38,88.7092
201211120200,201211120230,1.098,0.0,0.0,2.601,18.18,4.18356,2.90663,6.48046,0.0,0.0,-9999.0,14.39,87.5456
201211120230,201211120300,1.15305,0.0,0.0,2.843,18.22,4.19564,2.86244,6.4925,0.0,0.0,-9999.0,14.39,86.4192
201211120300,201211120330,1.91251,0.0,0.0,2.545,18.09,4.1741,2.08829,6.43267,0.0,0.0,-9999.0,14.41,87.7402
201211120330,201211120400,2.07949,0.0,0.0,2.297,17.88,4.13677,1.89458,6.33966,0.0,0.0,-9999.0,14.42,88.7914
201211120400,201211120430,2.9934,0.0,0.0,0.206,17.94,4.15273,0.994492,6.35997,0.0,0.0,-9999.0,14.43,99.0
201211120430,201211120500,2.25719,0.0,0.0,1.304,18.29,4.22626,1.78828,6.50249,0.0,0.0,-9999.0,14.45,93.8
201211120500,201211120530,1.78452,0.0,0.0,1.432,18.32,4.23642,2.27035,6.51026,0.0,0.0,-9999.0,14.46,93.2
201211120530,201211120600,8.88094,0.0,0.0,1.311,18.12,4.20081,-4.85145,6.42095,0.0,0.0,-9999.0,14.48,93.7
201211120600,201211120630,6.77429,0.0,0.006,1.161,17.24,4.03117,-2.87275,6.052,0.000831,0.0,-9999.0,14.49,94.1
201211120630,201211120700,8.10771,0.0,0.157,1.198,17.47,4.08038,-4.16681,6.1414,0.021659,0.0,-9999.0,14.51,94.0
201211120700,201211120730,9.21317,0.0,1.613,1.183,17.54,4.09822,-5.25698,6.16548,0.219915,43.9537,-9999.0,14.53,94.1
201211120730,201211120800,1.40336,0.0,9.87,0.21,16.75,3.94718,2.43836,5.8408,1.2774,161.18,-9999.0,14.54,98.9
201211120800,201211120830,-9999.0,1.0,15.35,2.087,16.51,3.90433,0.156721,5.74102,1.92035,272.114,-9999.0,14.55,88.8916
201211120830,201211120900,-9999.0,1.0,44.88,0.0,16.97,3.99802,-0.036083,5.91997,4.80636,373.442,-9999.0,14.56,100.0
201211120900,201211120930,-9999.0,1.0,73.2,0.04,17.48,4.10193,3.46738,6.12214,6.89086,463.43,-9999.0,14.57,99.8
201211120930,201211121000,-9999.0,1.0,64.47,0.062,17.92,4.19289,2.85354,6.29867,6.28801,540.537,-9999.0,14.58,99.7
201211121000,201211121030,1.4696,0.0,82.0,0.442,17.58,4.12869,2.51945,6.15371,7.4183,603.446,-9999.0,14.59,97.8
201211121030,201211121100,-2.17403,0.0,106.0,0.767,17.64,4.1441,6.17533,6.17359,8.73145,651.078,-9999.0,14.6,96.2
201211121100,201211121130,-10.2368,0.0,325.8,2.404,18.62,4.34434,14.3911,6.57756,14.8965,682.62,-9999.0,14.61,88.8
201211121130,201211121200,-7.6149,0.0,251.0,3.787,18.84,4.39262,11.8063,6.66608,13.5052,697.532,-9999.0,14.63,82.6
201211121200,201211121230,-5.3748,0.0,137.9,4.448,18.87,4.40241,9.57406,6.67378,10.1335,695.558,-9999.0,14.65,79.6
201211121230,201211121300,-4.07906,0.0,121.4,4.276,18.24,4.27843,8.18475,6.40272,9.41337,676.733,-9999.0,14.67,79.6
201211121300,201211121330,-9999.0,1.0,66.04,3.627,17.79,4.19152,3.14222,6.21146,6.31196,641.378,-9999.0,14.69,82.2
201211121330,201211121400,-9999.0,1.0,48.29,2.131,16.99,4.03569,0.457668,5.8828,4.98132,590.098,-9999.0,14.72,89.0
201211121400,201211121430,0.375717,0.0,59.09,1.688,16.84,4.0094,3.52525,5.81862,5.79603,523.771,-9999.0,14.74,91.2
201211121430,201211121500,7.93062,0.0,23.52,2.154,17.02,4.04838,-3.99917,5.88572,2.72438,443.531,-9999.0,14.76,88.9
201211121500,201211121530,3.73837,0.0,10.59,2.2,16.52,3.95298,0.119885,5.68368,1.31108,350.752,-9999.0,14.78,88.3
201211121530,201211121600,4.29469,0.0,4.419,0.831,15.56,3.76892,-0.579147,5.3105,0.564855,247.022,-9999.0,14.79,95.3
201211121600,201211121630,8.04894,0.0,2.47,0.033,14.58,3.58412,-4.47819,4.94403,0.318366,134.113,-9999.0,14.8,99.8
201211121630,201211121700,5.68831,0.0,1.416,1.46,14.1,3.4963,-2.18671,4.76797,0.183094,23.1738,-9999.0,14.81,90.9271
201211121700,201211121730,2.70446,0.0,0.196,1.284,13.99,3.4785,0.783398,4.72532,0.025448,0.0,-9999.0,14.82,91.9671
201211121730,201211121800,3.03071,0.0,0.066,1.311,14.08,3.49834,0.473312,4.75352,0.00855,0.0,-9999.0,14.81,91.8437
201211121800,201211121830,3.37513,0.0,0.003,1.345,14.23,3.52959,0.154088,4.80314,0.000388,0.0,-9999.0,14.8,91.7114
201211121830,201211121900,2.05673,0.0,0.008,1.438,14.22,3.53063,1.47371,4.79586,0.001031,0.0,-9999.0,14.79,91.1374
201211121900,201211121930,1.74348,0.0,0.0,1.265,14.36,3.56012,1.81073,4.84209,0.0,0.0,-9999.0,14.77,92.269
201211121930,201211122000,1.71218,0.0,0.001,1.449,14.56,3.60119,1.87491,4.91012,0.000128,0.0,-9999.0,14.75,91.2585
201211122000,201211122030,4.58039,0.0,0.0,1.268,14.58,3.60799,-0.987518,4.91351,0.0,0.0,-9999.0,14.73,92.3619
201211122030,201211122100,1.87882,0.0,0.0,1.364,14.76,3.64549,1.74404,4.97475,0.0,0.0,-9999.0,14.72,91.878
201211122100,201211122130,4.39113,0.0,0.0,1.476,14.78,3.65234,-0.76246,4.97814,0.0,0.0,-9999.0,14.7,91.2258
201211122130,201211122200,2.54655,0.0,0.0,1.758,14.81,3.66113,1.08946,4.98515,0.0,0.0,-9999.0,14.69,89.5689
201211122200,201211122230,4.22479,0.0,0.0,1.754,14.81,3.66416,-0.585991,4.98127,0.0,0.0,-9999.0,14.67,89.5902
201211122230,201211122300,4.94767,0.0,0.014,1.668,14.71,3.64791,-1.32126,4.94123,0.00176,0.0,-9999.0,14.66,90.0396
201211122300,201211122330,-9999.0,1.0,0.058,1.643,14.69,3.64706,-0.412126,4.93017,0.007268,0.0,-9999.0,14.65,90.1721
201211122330,201211130000,2.38107,0.0,0.083,1.472,14.61,3.63466,1.23571,4.89757,0.010368,0.0,-9999.0,14.65,91.1523
201211130000,201211130030,2.69477,0.0,0.002,1.343,14.62,3.63957,0.9263,4.89734,0.000249,0.0,-9999.0,14.64,91.9336
201211130030,201211130100,1.82514,0.0,0.001,1.374,14.68,3.65414,1.80783,4.91505,0.000124,0.0,-9999.0,14.63,91.7773
201211130100,201211130130,1.61156,0.0,0.0,1.241,14.66,3.65327,2.02114,4.90402,0.0,0.0,-9999.0,14.62,92.5652
201211130130,201211130200,5.26074,0.0,0.0,1.142,14.75,3.67368,-1.61155,4.93251,0.0,0.0,-9999.0,14.61,93.1954
201211130200,201211130230,3.97966,0.0,0.0,1.17,14.78,3.6825,-0.323105,4.93944,0.0,0.0,-9999.0,14.6,93.043
201211130230,201211130300,3.46708,0.0,0.0,1.166,14.58,3.64679,0.16174,4.86393,0.0,0.0,-9999.0,14.59,92.975
201211130300,201211130330,6.85339,0.0,0.0,1.023,14.55,3.64397,-3.22638,4.84943,0.0,0.0,-9999.0,14.58,93.8275
201211130330,201211130400,4.52948,0.0,0.0,1.145,14.54,3.64502,-0.901237,4.84206,0.0,0.0,-9999.0,14.57,93.0878
201211130400,201211130430,1.58932,0.0,0.0,1.121,14.32,3.6055,2.00811,4.76044,0.0,0.0,-9999.0,14.56,93.1339
201211130430,201211130500,9.30184,0.0,0.067,1.109,14.09,3.56418,-5.73674,4.67614,0.008112,0.0,-9999.0,14.56,93.1036
201211130500,201211130530,-9999.0,1.0,0.126,1.034,14.35,3.61718,-0.454832,4.76351,0.015202,0.0,-9999.0,14.55,93.6806
201211130530,201211130600,2.27362,0.0,0.176,1.059,14.39,3.62786,1.34271,4.77384,0.021161,0.0,-9999.0,14.54,93.5454
201211130600,201211130630,1.2062,0.0,0.155,1.029,14.18,3.59024,2.38077,4.69646,0.018578,0.0,-9999.0,14.53,93.6387
201211130630,201211130700,2.77083,0.0,0.939,1.097,13.87,3.53354,0.771545,4.58532,0.111729,0.0,-9999.0,14.52,93.079
201211130700,201211130730,-9999.0,1.0,18.33,1.033,13.67,3.49811,-0.396506,4.51318,1.99492,40.0582,-9999.0,14.51,93.403
201211130730,201211130800,-9999.0,1.0,75.4,0.98,14.15,3.59321,4.03086,4.67491,6.46103,156.362,-9999.0,14.5,93.9291
201211130800,201211130830,-4.8029,0.0,101.5,1.64,15.25,3.81114,8.56546,5.06213,7.9259,267.18,-9999.0,14.48,90.5402
201211130830,201211130900,-3.73649,0.0,139.9,1.701,15.94,3.95156,7.609,5.31192,9.67661,368.403,-9999.0,14.47,90.6144
201211130900,201211130930,-9999.0,1.0,194.2,2.307,17.11,4.19182,10.1078,5.75304,11.5796,458.296,-9999.0,14.46,88.1807
201211130930,201211131000,-9999.0,1.0,181.3,3.308,18.3,4.44145,8.87067,6.22066,11.161,535.324,-9999.0,14.45,84.2783
201211131000,201211131030,-7.81084,0.0,235.2,0.087,18.79,4.54791,12.1413,6.41567,12.6943,598.166,-9999.0,14.44,99.6
201211131030,201211131100,-8.36523,0.0,396.6,1.794,20.15,4.84135,12.9164,6.98224,15.6753,645.749,-9999.0,14.45,92.4
201211131100,201211131130,-10.4645,0.0,458.0,6.306,22.03,5.25541,15.3221,7.8071,16.4328,677.259,-9999.0,14.46,76.2
201211131130,201211131200,-9999.0,1.0,451.3,9.134,23.71,5.63484,13.5897,8.58145,16.3541,692.155,-9999.0,14.48,68.86
201211131200,201211131230,-8.82344,0.0,329.2,10.179,23.86,5.67328,13.986,8.64601,14.2189,690.183,-9999.0,14.5,65.61
201211131230,201211131300,-5.27682,0.0,255.0,8.151,22.61,5.39702,10.2396,8.05342,13.1253,671.377,-9999.0,14.54,70.3
201211131300,201211131330,-7.22862,0.0,289.7,7.451,22.16,5.30121,12.122,7.84124,13.8696,636.059,-9999.0,14.58,72.1
201211131330,201211131400,-7.08666,0.0,329.3,6.918,22.29,5.33437,12.0048,7.89411,14.6059,584.832,-9999.0,14.63,74.3
201211131400,201211131430,-6.99319,0.0,399.6,8.317,23.28,5.56043,12.0765,8.34489,15.6876,518.575,-9999.0,14.69,70.9
201211131430,201211131500,-4.51475,0.0,270.7,6.992,22.66,5.42559,9.50061,8.05073,13.4441,438.419,-9999.0,14.74,74.6
201211131500,201211131530,-1.69581,0.0,193.1,5.749,22.03,5.28934,6.58269,7.75746,11.4066,345.737,-9999.0,14.8,78.3
201211131530,201211131600,-0.342559,0.0,123.1,5.335,21.5,5.17607,5.14681,7.51413,8.76893,242.114,-9999.0,14.86,79.2
201211131600,201211131630,-2.64391,0.0,53.5,3.961,20.72,5.00862,7.32504,7.1661,4.7944,129.323,-9999.0,14.91,83.8
201211131630,201211131700,8.28866,0.0,6.454,2.534,19.32,4.70902,-3.83046,6.56719,0.700583,20.385,-9999.0,14.96,88.7
201211131700,201211131730,5.12108,0.0,0.256,2.47,18.49,4.53559,-0.793086,6.22295,0.028502,0.0,-9999.0,15.01,88.4
201211131730,201211131800,3.48686,0.0,0.004,2.317,18.03,4.44192,0.770589,6.03427,0.000444,0.0,-9999.0,15.05,88.8
201211131800,201211131830,4.73947,0.0,0.007,1.549,17.38,4.30912,-0.5828,5.77499,0.000775,0.0,-9999.0,15.08,92.2
201211131830,201211131900,5.48581,0.0,0.011,0.961,16.86,4.20446,-1.40894,5.57113,0.001213,0.0,-9999.0,15.11,95.0
201211131900,201211131930,3.46147,0.0,0.01,1.101,16.67,4.16852,0.588204,5.49485,0.001099,0.0,-9999.0,15.13,94.2
201211131930,201211132000,6.05727,0.0,0.003,1.724,16.47,4.1306,-2.03639,5.41544,0.000329,0.0,-9999.0,15.14,90.8
201211132000,201211132030,3.76701,0.0,0.002,2.306,16.22,4.0825,0.217145,5.3182,0.000218,0.0,-9999.0,15.15,87.5
201211132030,201211132100,6.03596,0.0,0.001,2.372,15.81,4.0019,-2.11386,5.16359,0.000109,0.0,-9999.0,15.15,86.8
201211132100,201211132130,2.9889,0.0,0.0,2.805,15.82,4.00712,0.937691,5.16306,0.0,0.0,-9999.0,15.15,84.4
201211132130,201211132200,4.83845,0.0,0.0,2.603,15.58,3.96143,-0.946966,5.07208,0.0,0.0,-9999.0,15.15,85.3
201211132200,201211132230,2.52126,0.0,0.0,2.132,15.12,3.87144,1.30039,4.90396,0.0,0.0,-9999.0,15.14,87.6
201211132230,201211132300,2.66442,0.0,0.061,2.23,15.09,3.86846,1.15533,4.88941,0.006539,0.0,-9999.0,15.13,87.0
201211132300,201211132330,3.04343,0.0,0.055,2.272,15.02,3.85741,0.768087,4.86082,0.005875,0.0,-9999.0,15.12,86.7
201211132330,201211140000,3.84403,0.0,0.022,2.052,14.78,3.81219,-0.06757,4.77301,0.002342,0.0,-9999.0,15.11,87.8
201211140000,201211140030,5.27609,0.0,0.005,2.039,14.68,3.79514,-1.51261,4.73446,0.00053,0.0,-9999.0,15.09,87.8
201211140030,201211140100,3.43311,0.0,0.004,1.878,14.46,3.75409,0.298478,4.66813,0.000425,0.0,-9999.0,15.07,88.6
201211140100,201211140130,3.58276,0.0,0.0,1.681,14.17,3.69926,0.105954,4.57831,0.0,0.0,-9999.0,15.05,89.6
201211140130,201211140200,4.41519,0.0,0.0,1.75,14.06,3.68033,-0.741044,4.55016,0.0,0.0,-9999.0,15.03,89.1
201211140200,201211140230,2.59843,0.0,0.0,1.941,14.05,3.68124,1.07685,4.55596,0.0,0.0,-9999.0,15.01,87.9
201211140230,201211140300,5.16335,0.0,0.0,1.906,13.9,3.65439,-1.50894,4.5142,0.0,0.0,-9999.0,14.99,88.0
201211140300,201211140330,4.90368,0.0,0.0,2.182,14.05,3.68704,-1.22299,4.57435,0.0,0.0,-9999.0,14.97,86.4
201211140330,201211140400,7.14848,0.0,0.022,2.326,13.94,3.66808,-3.48241,4.54599,0.002348,0.0,-9999.0,14.94,85.4
201211140400,201211140430,6.66114,0.0,0.102,1.975,13.45,3.57409,-3.06935,4.3896,0.010891,0.0,-9999.0,14.92,87.2
201211140430,201211140500,3.75439,0.0,0.158,1.65,13.02,3.49265,-0.22726,4.25566,0.016881,0.0,-9999.0,14.9,89.0
201211140500,201211140530,5.50819,0.0,0.041,1.752,12.99,3.48954,-1.98316,4.25429,0.004387,0.0,-9999.0,14.87,88.3
201211140530,201211140600,4.27243,0.0,0.008,1.724,12.88,3.47083,-0.762005,4.22659,0.000857,0.0,-9999.0,14.85,88.4
201211140600,201211140630,3.47698,0.0,0.002,1.773,12.79,3.45603,0.021957,4.20547,0.000214,0.0,-9999.0,14.82,88.0
201211140630,201211140700,3.96184,0.0,0.96,1.858,12.76,3.4529,-0.465029,4.20398,0.102559,0.0,-9999.0,14.79,87.4
201211140700,201211140730,3.1321,0.0,12.26,1.893,12.68,3.44004,0.354768,4.18609,1.2479,36.4037,-9999.0,14.77,87.1
201211140730,201211140800,1.80062,0.0,44.18,2.344,13.14,3.53264,1.76085,4.34673,3.96168,151.632,-9999.0,14.74,84.5
201211140800,201211140830,-9999.0,1.0,102.1,3.485,14.28,3.76226,5.60143,4.74681,7.52481,262.335,-9999.0,14.71,78.6
201211140830,201211140900,-9999.0,1.0,164.7,4.585,15.28,3.96875,7.8642,5.11568,10.1756,363.452,-9999.0,14.68,73.6
201211140900,201211140930,-4.54167,0.0,225.9,5.182,15.83,4.08558,8.53972,5.32999,12.047,453.252,-9999.0,14.66,71.2
201211140930,201211141000,-6.62876,0.0,283.0,5.939,16.51,4.2311,10.7398,5.59945,13.3786,530.199,-9999.0,14.63,68.39
201211141000,201211141030,-9.75423,0.0,335.4,6.587,17.16,4.37218,13.974,5.86465,14.3546,592.976,-9999.0,14.61,66.36
201211141030,201211141100,-8.52356,0.0,375.8,7.165,17.52,4.45262,12.8052,6.01978,14.9837,640.509,-9999.0,14.59,64.23
201211141100,201211141130,-8.10234,0.0,405.7,8.297,18.51,4.67047,12.5498,6.43683,15.3908,671.986,-9999.0,14.58,61.08
201211141130,201211141200,-8.75396,0.0,421.8,9.465,19.32,4.85217,13.3386,6.79187,15.5865,686.866,-9999.0,14.57,57.79
201211141200,201211141230,-6.32584,0.0,292.2,10.112,19.89,4.98264,11.0084,7.05206,13.3436,684.897,-9999.0,14.58,56.47
201211141230,201211141300,-6.07255,0.0,410.7,11.042,20.48,5.11887,10.8569,7.32663,13.3824,666.11,-9999.0,14.59,54.17
201211141300,201211141330,-7.05256,0.0,396.7,10.932,20.31,5.08456,11.812,7.26501,13.4525,630.829,-9999.0,14.6,54.15
201211141330,201211141400,-4.50248,0.0,339.5,10.318,20.03,5.0256,9.2186,7.15481,13.8033,579.656,-9999.0,14.63,55.97
201211141400,201211141430,-4.99522,0.0,317.2,10.789,20.2,5.06767,9.74314,7.24406,12.7115,513.467,-9999.0,14.66,54.44
201211141430,201211141500,-4.45036,0.0,260.6,9.396,19.07,4.81932,9.01333,6.76316,12.8107,433.395,-9999.0,14.68,57.44
201211141500,201211141530,-3.95934,0.0,195.1,8.698,18.5,4.69731,8.43097,6.5329,11.113,340.809,-9999.0,14.71,59.17
201211141530,201211141600,-1.69757,0.0,124.1,7.77,17.83,4.55447,6.06152,6.26488,8.5469,237.295,-9999.0,14.74,61.96
201211141600,201211141630,-0.113907,0.0,56.11,6.661,16.97,4.37219,4.33926,5.92557,4.83933,124.622,-9999.0,14.77,65.57
201211141630,201211141700,1.9237,0.0,8.92,5.495,15.78,4.12284,2.10987,5.46763,0.934279,17.8165,-9999.0,14.79,69.36
201211141700,201211141730,5.18079,0.0,0.301,4.749,14.91,3.94459,-1.2857,5.14753,0.032842,0.0,-9999.0,14.81,72.0
201211141730,201211141800,4.74656,0.0,0.0,4.169,14.28,3.81806,-0.950451,4.92455,0.0,0.0,-9999.0,14.82,74.4
201211141800,201211141830,3.63677,0.0,0.0,3.54,13.75,3.71319,0.076838,4.74229,0.0,0.0,-9999.0,14.82,77.5
201211141830,201211141900,5.91064,0.0,0.0,3.17,13.56,3.67766,-2.22483,4.68349,0.0,0.0,-9999.0,14.82,79.6
201211141900,201211141930,4.3555,0.0,0.0,2.715,13.19,3.60612,-0.726264,4.56164,0.0,0.0,-9999.0,14.81,82.1
201211141930,201211142000,3.90259,0.0,0.0,2.46,12.83,3.53705,-0.32819,4.44483,0.0,0.0,-9999.0,14.8,83.4
201211142000,201211142030,2.86209,0.0,0.0,2.416,12.65,3.50403,0.686213,4.39112,0.0,0.0,-9999.0,14.78,83.5
201211142030,201211142100,3.08763,0.0,0.0,2.329,12.56,3.48888,0.448897,4.36846,0.0,0.0,-9999.0,14.76,84.0
201211142100,201211142130,6.15491,0.0,0.0,2.368,12.53,3.48562,-2.62062,4.36636,0.0,0.0,-9999.0,14.74,83.7
201211142130,201211142200,3.56243,0.0,0.0,2.178,12.22,3.42711,-0.074884,4.26873,0.0,0.0,-9999.0,14.72,84.7
201211142200,201211142230,3.3752,0.0,0.0,1.729,11.66,3.32024,0.026206,4.08893,0.0,0.0,-9999.0,14.69,87.4
201211142230,201211142300,1.46991,0.0,0.0,1.843,11.7,3.33056,1.94024,4.10985,0.0,0.0,-9999.0,14.66,86.6
201211142300,201211142330,3.58111,0.0,0.0,2.016,11.86,3.36431,-0.143208,4.17097,0.0,0.0,-9999.0,14.63,85.5
201211142330,201211150000,3.47595,0.0,0.0,1.913,11.71,3.33759,-0.059345,4.12851,0.0,0.0,-9999.0,14.6,86.1
201211150000,201211150030,2.99488,0.0,0.0,1.968,11.71,3.34013,0.424162,4.13617,0.0,0.0,-9999.0,14.57,85.7
201211150030,201211150100,3.76723,0.0,0.0,2.064,11.81,3.36222,-0.3299,4.17741,0.0,0.0,-9999.0,14.54,85.1
201211150100,201211150130,5.80324,0.0,0.093,2.307,11.95,3.39224,-2.34122,4.23248,0.010297,0.0,-9999.0,14.5,83.5
201211150130,201211150200,4.79863,0.0,0.127,2.494,11.81,3.36734,-1.3564,4.19287,0.014071,0.0,-9999.0,14.47,82.0
201211150200,201211150230,3.67387,0.0,0.039,2.448,11.53,3.31517,-0.273628,4.10648,0.004326,0.0,-9999.0,14.44,82.0
201211150230,201211150300,4.66749,0.0,0.0,2.234,11.28,3.26909,-1.30441,4.03088,0.0,0.0,-9999.0,14.41,83.3
201211150300,201211150330,3.78588,0.0,0.0,1.856,11.04,3.22517,-0.458316,3.95922,0.0,0.0,-9999.0,14.38,85.9
201211150330,201211150400,2.47859,0.0,0.0,1.919,11.22,3.26242,0.879776,4.0258,0.0,0.0,-9999.0,14.35,85.6
201211150400,201211150430,2.57143,0.0,0.0,2.532,11.87,3.39194,0.892601,4.252,0.0,0.0,-9999.0,14.32,81.8
201211150430,201211150500,4.26673,0.0,0.0,2.548,12.05,3.43007,-0.771484,4.32165,0.0,0.0,-9999.0,14.29,81.9
201211150500,201211150530,2.73819,0.0,0.0,2.343,11.82,3.38722,0.722766,4.2504,0.0,0.0,-9999.0,14.26,83.1
201211150530,201211150600,5.8384,0.0,0.0,2.572,12.11,3.44716,-2.32859,4.35822,0.0,0.0,-9999.0,14.23,81.8
201211150600,201211150630,2.88649,0.0,0.0,2.587,12.28,3.48361,0.653094,4.42553,0.0,0.0,-9999.0,14.2,81.9
201211150630,201211150700,3.02089,0.0,0.379,2.854,12.41,3.51223,0.542116,4.47937,0.042291,0.0,-9999.0,14.17,80.2
201211150700,201211150730,5.09737,0.0,6.837,2.926,12.56,3.5444,-1.50865,4.54076,0.73916,32.9837,-9999.0,14.15,79.9
201211150730,201211150800,5.51861,0.0,37.75,2.994,12.76,3.58681,-1.89603,4.62069,3.54232,146.993,-9999.0,14.12,79.7
201211150800,201211150830,-2.91832,0.0,128.2,3.329,13.15,3.66811,6.60571,4.77097,8.6739,257.581,-9999.0,14.1,78.0
201211150830,201211150900,-3.03006,0.0,146.4,4.2,13.98,3.84112,6.85454,5.09022,9.37698,358.593,-9999.0,14.08,73.7
201211150900,201211150930,-3.81997,0.0,119.7,4.088,13.74,3.79364,7.60677,5.00825,8.3145,448.299,-9999.0,14.07,74.0
201211150930,201211151000,-3.48951,0.0,178.2,4.453,13.97,3.84356,7.31562,5.1047,10.436,525.166,-9999.0,14.05,72.1
201211151000,201211151030,-8.24726,0.0,362.3,5.434,15.08,4.0793,12.2581,5.54845,14.2046,587.878,-9999.0,14.04,68.31
201211151030,201211151100,-8.1457,0.0,360.1,6.856,15.99,4.27702,12.3098,5.92985,14.162,635.362,-9999.0,14.03,62.28
201211151100,201211151130,-9.81124,0.0,285.8,7.097,16.17,4.31859,14.0072,6.01558,12.9681,666.805,-9999.0,14.02,61.4
201211151130,201211151200,-12.1537,0.0,412.4,8.131,17.35,4.58041,16.55,6.53245,14.7947,681.67,-9999.0,14.02,58.97
201211151200,201211151230,-8.52778,0.0,292.3,8.044,17.2,4.54982,12.9006,6.47841,13.0669,679.703,-9999.0,14.02,59.02
201211151230,201211151300,-7.03019,0.0,216.9,7.58,16.87,4.47954,11.3492,6.34642,11.4739,660.936,-9999.0,14.03,60.57
201211151300,201211151330,-6.43482,0.0,231.4,7.877,17.2,4.55515,10.8114,6.5014,11.8153,625.691,-9999.0,14.05,59.87
201211151330,201211151400,-8.18595,0.0,228.4,7.596,17.21,4.56004,12.5661,6.51729,11.7388,574.572,-9999.0,14.07,61.33
201211151400,201211151430,-8.87585,0.0,374.3,9.449,18.62,4.87957,13.4974,7.16455,14.2647,508.452,-9999.0,14.1,55.98
201211151430,201211151500,-5.46612,0.0,245.8,8.642,18.26,4.80079,10.0282,7.01161,12.1155,428.463,-9999.0,14.13,58.82
201211151500,201211151530,-4.42567,0.0,142.0,7.05,16.67,4.44853,8.72014,6.31575,9.18496,335.974,-9999.0,14.15,62.86
201211151530,201211151600,-3.84339,0.0,133.3,6.971,16.27,4.36327,8.07231,6.15466,8.85302,232.567,-9999.0,14.18,62.33
201211151600,201211151630,-0.68021,0.0,57.38,6.489,15.57,4.2135,4.79347,5.86977,4.98927,120.011,-9999.0,14.21,63.33
201211151630,201211151700,6.71758,0.0,7.36,5.001,14.21,3.92563,-2.82891,5.32714,0.804955,15.4614,-9999.0,14.23,69.15
201211151700,201211151730,-9999.0,1.0,0.409,3.543,12.84,3.64333,-0.324388,4.8089,0.046433,0.0,-9999.0,14.24,76.1
201211151730,201211151800,3.31498,0.0,0.001,2.858,11.98,3.47104,0.211889,4.50126,0.000114,0.0,-9999.0,14.25,79.6
201211151800,201211151830,8.50174,0.0,0.003,2.413,11.48,3.37319,-5.05406,4.33063,0.000342,0.0,-9999.0,14.26,82.2
201211151830,201211151900,5.14433,0.0,0.0,1.855,10.61,3.20413,-1.83451,4.03693,0.0,0.0,-9999.0,14.26,85.5
201211151900,201211151930,5.57254,0.0,0.0,1.946,10.42,3.16912,-2.29155,3.9797,0.0,0.0,-9999.0,14.25,84.6
201211151930,201211152000,2.88109,0.0,0.0,1.965,10.28,3.14389,0.379055,3.93956,0.0,0.0,-9999.0,14.23,84.3
201211152000,201211152030,2.82806,0.0,0.0,1.916,10.0,3.09183,0.38909,3.85312,0.0,0.0,-9999.0,14.21,84.4
201211152030,201211152100,2.46147,0.0,0.0,1.951,9.8,3.05536,0.725435,3.79385,0.0,0.0,-9999.0,14.18,83.9
201211152100,201211152130,3.66355,0.0,0.0,1.877,9.6,3.01904,-0.506832,3.73501,0.0,0.0,-9999.0,14.15,84.3
201211152130,201211152200,2.41923,0.0,0.0,1.902,9.51,3.00371,0.724657,3.71218,0.0,0.0,-9999.0,14.12,84.0
201211152200,201211152230,3.02167,0.0,0.0,1.923,9.4,2.98462,0.106247,3.68293,0.0,0.0,-9999.0,14.09,83.7
201211152230,201211152300,3.60744,0.0,0.0,1.931,9.28,2.96367,-0.49705,3.65053,0.0,0.0,-9999.0,14.05,83.5
201211152300,201211152330,3.18126,0.0,0.0,2.004,9.3,2.96917,-0.066415,3.66323,0.0,0.0,-9999.0,14.01,82.9
201211152330,201211160000,1.81205,0.0,0.0,2.099,9.31,2.97277,1.30568,3.67271,0.0,0.0,-9999.0,13.98,82.1
201211160000,201211160030,2.36095,0.0,0.0,2.113,9.24,2.96127,0.747101,3.65636,0.0,0.0,-9999.0,13.94,81.9
201211160030,201211160100,2.42349,0.0,0.0,1.908,8.92,2.90282,0.635709,3.58685,0.0,0.0,-9999.0,13.9,83.3
201211160100,201211160130,2.42875,0.0,0.062,1.737,8.64,2.85227,0.588022,3.53209,0.007223,0.0,-9999.0,13.85,84.5
201211160130,201211160200,3.38852,0.0,0.138,1.563,8.48,2.82424,-0.395385,3.51586,0.016168,0.0,-9999.0,13.81,85.9
201211160200,201211160230,1.97127,0.0,0.115,1.652,8.48,2.82587,1.02313,3.54912,0.013558,0.0,-9999.0,13.77,85.1
201211160230,201211160300,2.6097,0.0,0.0,1.632,8.4,2.81269,0.373517,3.55801,0.0,0.0,-9999.0,13.73,85.2
201211160300,201211160330,2.68211,0.0,0.0,1.617,8.36,2.80692,0.296145,3.57923,0.0,0.0,-9999.0,13.69,85.3
201211160330,201211160400,2.08917,0.0,0.0,1.716,8.36,2.80854,0.89034,3.6126,0.0,0.0,-9999.0,13.65,84.4
201211160400,201211160430,1.60889,0.0,0.0,1.966,8.59,2.85283,1.40771,3.71553,0.0,0.0,-9999.0,13.61,82.4
201211160430,201211160500,2.40327,0.0,0.0,1.777,8.32,2.80437,0.572526,3.66735,0.0,0.0,-9999.0,13.57,83.8
201211160500,201211160530,4.68207,0.0,0.0,1.529,8.15,2.77462,-1.73144,3.65026,0.0,0.0,-9999.0,13.53,85.9
201211160530,201211160600,5.93413,0.0,0.0,1.537,8.13,2.77254,-2.98536,3.67791,0.0,0.0,-9999.0,13.49,85.8
201211160600,201211160630,5.85838,0.0,0.0,1.419,7.92,2.73558,-2.94092,3.6501,0.0,0.0,-9999.0,13.45,86.7
201211160630,201211160700,1.97853,0.0,0.768,1.357,7.71,2.69883,0.907706,3.62327,0.095122,0.0,-9999.0,13.41,87.1
201211160700,201211160730,1.64491,0.0,10.59,1.375,7.68,2.69492,1.23791,3.6486,1.24203,27.0409,-9999.0,13.37,86.9
201211160730,201211160800,1.39882,0.0,34.6,1.582,8.14,2.78075,1.55646,3.81509,3.56997,138.622,-9999.0,13.33,85.4
201211160800,201211160830,-3.80567,0.0,102.6,2.471,9.72,3.08069,7.01088,4.32498,7.87273,249.383,-9999.0,13.29,79.5
201211160830,201211160900,-3.31225,0.0,170.9,3.581,11.15,3.36377,6.74871,4.81609,10.4447,350.637,-9999.0,13.25,73.0
201211160900,201211160930,-5.34304,0.0,235.9,4.078,11.93,3.5235,8.90814,5.10734,12.0836,440.653,-9999.0,13.22,70.8
201211160930,201211161000,-6.25187,0.0,296.4,5.186,13.05,3.75731,10.0032,5.5237,13.1967,517.89,-9999.0,13.17,65.5
201211161000,201211161030,-6.12477,0.0,348.8,5.908,13.8,3.91801,10.0026,5.81816,13.951,581.027,-9999.0,13.14,62.57
201211161030,201211161100,-5.99132,0.0,390.3,6.739,14.64,4.10091,10.0118,6.15034,14.4494,628.983,-9999.0,13.11,59.57
201211161100,201211161130,-4.88562,0.0,421.2,8.039,15.96,4.39342,9.13175,6.67114,14.777,660.938,-9999.0,13.1,55.69
201211161130,201211161200,-6.96232,0.0,439.7,9.101,16.85,4.59574,11.3626,7.03738,14.961,676.346,-9999.0,13.09,52.6
201211161200,201211161230,-7.64814,0.0,307.1,9.963,17.58,4.76469,12.1761,7.34479,13.4353,674.942,-9999.0,13.09,50.45
201211161230,201211161300,-6.60726,0.0,436.3,10.719,18.21,4.91266,11.2462,7.61427,14.8235,656.75,-9999.0,13.11,48.76
201211161300,201211161330,-4.65985,0.0,415.2,11.445,18.89,5.074,9.41898,7.90534,14.5145,622.083,-9999.0,13.12,47.57
201211161330,201211161400,-6.55512,0.0,377.2,10.43,18.1,4.89276,11.1788,7.60186,14.3079,571.532,-9999.0,13.15,49.8
201211161400,201211161430,-5.48494,0.0,330.8,10.691,18.28,4.93732,10.1418,7.68903,13.7222,505.963,-9999.0,13.18,49.12
201211161430,201211161500,-4.97031,0.0,274.3,9.82,17.59,4.78057,9.50942,7.43538,12.9921,426.499,-9999.0,13.22,51.19
201211161500,201211161530,-3.12485,0.0,208.5,9.148,17.13,4.67786,7.58631,7.27733,11.6949,334.497,-9999.0,13.26,53.19
201211161530,201211161600,-1.61072,0.0,139.4,8.249,16.55,4.5487,5.97408,7.07937,9.70717,231.534,-9999.0,13.3,56.21
201211161600,201211161630,-1.32643,0.0,63.81,6.9,15.68,4.35599,5.54242,6.78336,6.06161,119.369,-9999.0,13.34,61.28
201211161630,201211161700,2.33261,0.0,9.91,5.343,14.24,4.04201,1.64045,6.303,1.28345,15.2689,-9999.0,13.37,67.1
201211161700,201211161730,3.97275,0.0,0.386,4.24,13.0,3.77898,-0.206228,5.91519,0.053728,0.0,-9999.0,13.4,71.7
201211161730,201211161800,-9999.0,1.0,0.0,4.093,12.57,3.69071,-0.291846,5.8038,0.0,0.0,-9999.0,13.42,71.9
201211161800,201211161830,-9999.0,1.0,0.0,3.566,11.95,3.56392,-0.336211,5.63619,0.0,0.0,-9999.0,13.43,74.5
201211161830,201211161900,-9999.0,1.0,0.0,2.67,10.95,3.36186,-0.365339,5.35934,0.0,0.0,-9999.0,13.44,79.6
201211161900,201211161930,-9999.0,1.0,0.0,2.064,10.0,3.17443,-0.174983,5.10968,0.0,0.0,-9999.0,13.45,83.2
201211161930,201211162000,-9999.0,1.0,0.0,2.076,10.09,3.19398,-0.18845,5.1674,0.0,0.0,-9999.0,13.45,83.2
201211162000,201211162030,2.87729,0.0,0.0,2.578,10.5,3.27721,0.486267,5.31811,0.0,0.0,-9999.0,13.44,79.7
201211162030,201211162100,4.14862,0.0,0.0,2.339,10.11,3.20154,-0.846897,5.23627,0.0,0.0,-9999.0,13.43,81.1
201211162100,201211162130,2.02834,0.0,0.0,2.21,9.91,3.16388,1.24244,5.2107,0.0,0.0,-9999.0,13.41,81.9
201211162130,201211162200,2.52243,0.0,0.0,2.037,9.63,3.11072,0.704598,5.16345,0.0,0.0,-9999.0,13.39,83.0
201211162200,201211162230,2.74513,0.0,0.0,2.156,9.71,3.12814,0.496112,5.21796,0.0,0.0,-9999.0,13.36,82.1
201211162230,201211162300,4.03834,0.0,0.0,1.927,9.52,3.09273,-0.826324,5.19702,0.0,0.0,-9999.0,13.34,83.8
201211162300,201211162330,3.27845,0.0,0.0,1.527,9.0,2.99367,-0.148383,5.08649,0.0,0.0,-9999.0,13.31,86.7
201211162330,201211170000,1.90449,0.0,0.0,1.759,9.11,3.01658,1.24445,5.14915,0.0,0.0,-9999.0,13.29,84.8
201211170000,201211170030,3.58535,0.0,0.0,1.738,9.03,3.00283,-0.447899,5.16012,0.0,0.0,-9999.0,13.26,84.9
201211170030,201211170100,4.43446,0.0,0.0,1.517,8.68,2.93731,-1.3515,5.09899,0.0,0.0,-9999.0,13.23,86.5
201211170100,201211170130,2.54837,0.0,0.0,1.407,8.47,2.89894,0.502512,5.07639,0.0,0.0,-9999.0,13.2,87.3
201211170130,201211170200,-9999.0,1.0,0.0,1.17,8.14,2.83813,0.01567,5.02316,0.0,0.0,-9999.0,13.17,89.2
201211170200,201211170230,-9999.0,1.0,0.0,0.969,7.89,2.79279,0.071827,4.99193,0.0,0.0,-9999.0,13.14,90.9
201211170230,201211170300,4.91499,0.0,0.0,1.089,8.07,2.82813,-1.92363,5.07214,0.0,0.0,-9999.0,13.11,89.9
201211170300,201211170330,-9999.0,1.0,0.127,1.264,8.23,2.85991,-0.018409,5.14711,0.019537,0.0,-9999.0,13.08,88.4
201211170330,201211170400,1.03361,0.0,0.011,1.133,8.08,2.83319,1.9618,5.14195,0.001702,0.0,-9999.0,13.05,89.5
201211170400,201211170430,1.66311,0.0,0.0,1.237,8.29,2.87449,1.36677,5.22952,0.0,0.0,-9999.0,13.01,88.7
201211170430,201211170500,2.8985,0.0,0.0,1.26,8.18,2.85525,0.115201,5.23474,0.0,0.0,-9999.0,12.98,88.4
201211170500,201211170530,4.03355,0.0,0.0,1.138,8.01,2.82476,-1.04549,5.22497,0.0,0.0,-9999.0,12.95,89.4
201211170530,201211170600,1.22593,0.0,0.0,1.161,8.03,2.83011,1.76652,5.2637,0.0,0.0,-9999.0,12.92,89.2
201211170600,201211170630,2.68622,0.0,0.052,1.067,7.91,2.80909,0.288504,5.26708,0.008229,0.0,-9999.0,12.88,90.0
201211170630,201211170700,2.33848,0.0,0.727,1.132,7.93,2.81442,0.640628,5.30585,0.114918,0.0,-9999.0,12.85,89.4
201211170700,201211170730,5.7968,0.0,9.83,1.118,7.89,2.80847,-2.82278,5.32956,1.4503,24.2154,-9999.0,12.82,89.5
201211170730,201211170800,-9999.0,1.0,32.58,1.206,8.18,2.86484,1.11806,5.43588,4.10385,134.177,-9999.0,12.78,88.9
201211170800,201211170830,-9999.0,1.0,97.6,2.241,9.79,3.17929,5.14688,5.87868,8.66625,244.823,-9999.0,12.76,81.5
201211170830,201211170900,-3.70641,0.0,165.3,3.171,11.03,3.43154,7.19219,6.23318,11.2546,345.973,-9999.0,12.73,75.9
201211170900,201211170930,-4.73695,0.0,229.7,3.603,11.93,3.62027,8.37377,6.50097,12.8108,435.896,-9999.0,12.7,74.2
201211170930,201211171000,-7.26017,0.0,290.3,4.526,13.21,3.89495,11.114,6.87188,13.8405,513.053,-9999.0,12.67,70.2
201211171000,201211171030,-6.926,0.0,342.3,5.219,14.26,4.12668,10.9604,7.18248,14.5149,576.125,-9999.0,12.65,67.91
201211171030,201211171100,-6.32465,0.0,384.2,6.154,15.48,4.40208,10.571,7.54,14.9609,624.032,-9999.0,12.63,65.02
201211171100,201211171130,-3.53541,0.0,414.2,8.196,17.28,4.81926,8.09764,8.05885,15.2407,655.954,-9999.0,12.62,58.46
201211171130,201211171200,-6.67806,0.0,433.3,10.038,18.8,5.18243,11.5107,8.50066,15.4005,671.346,-9999.0,12.63,53.76
201211171200,201211171230,-9999.0,1.0,303.2,11.114,19.87,5.44439,10.7798,8.81413,13.9402,669.943,-9999.0,12.64,52.1
201211171230,201211171300,-9999.0,1.0,430.1,12.832,20.52,5.60688,11.8755,9.00652,14.9397,651.771,-9999.0,12.66,46.87
201211171300,201211171330,-6.44639,0.0,407.9,14.074,21.28,5.79838,11.7286,9.22657,14.5854,617.139,-9999.0,12.69,44.39
201211171330,201211171400,-6.79628,0.0,376.3,12.96,20.69,5.6551,11.9746,9.07096,14.5049,566.64,-9999.0,12.73,46.9
201211171400,201211171430,-3.24291,0.0,341.8,13.0,20.63,5.64339,8.41252,9.06311,14.1793,501.139,-9999.0,12.77,46.54
201211171430,201211171500,-2.09968,0.0,274.1,10.222,19.21,5.29875,7.01721,8.69344,13.7317,421.756,-9999.0,12.82,54.1
201211171500,201211171530,-2.94817,0.0,175.2,8.165,17.44,4.87835,7.55359,8.24516,11.7941,329.85,-9999.0,12.87,59.03
201211171530,201211171600,8.22644,0.0,103.9,6.121,16.38,4.63327,-3.80558,7.99213,9.29247,226.992,-9999.0,12.92,67.15
201211171600,201211171630,-9999.0,1.0,37.43,4.065,15.02,4.32463,0.526721,7.67108,4.84004,114.944,-9999.0,12.97,76.2
201211171630,201211171700,9.86267,0.0,6.705,2.897,13.68,4.02817,-5.90636,7.36385,1.09653,13.1726,-9999.0,13.02,81.5
201211171700,201211171730,-9999.0,1.0,0.174,2.413,12.91,3.86232,-0.168361,7.20261,0.030258,0.0,-9999.0,13.06,83.8
201211171730,201211171800,3.88018,0.0,0.002,1.671,11.89,3.64607,-0.224686,6.98496,0.00035,0.0,-9999.0,13.08,88.0
201211171800,201211171830,-9999.0,1.0,0.0,1.294,10.93,3.44716,-0.280375,6.7861,0.0,0.0,-9999.0,13.11,90.1
201211171830,201211171900,-9999.0,1.0,0.001,0.719,10.14,3.28718,-0.114861,6.63088,0.000176,0.0,-9999.0,13.12,94.2
201211171900,201211171930,-9999.0,1.0,0.0,0.387,9.77,3.21426,-0.113623,6.57609,0.0,0.0,-9999.0,13.13,96.8
201211171930,201211172000,-9999.0,1.0,0.0,0.228,9.62,3.18593,-0.084717,6.57325,0.0,0.0,-9999.0,13.14,98.1
201211172000,201211172030,-9999.0,1.0,0.0,0.201,10.31,3.32723,-0.098122,6.76466,0.0,0.0,-9999.0,13.13,98.4
201211172030,201211172100,-9999.0,1.0,0.0,0.496,10.14,3.29442,-0.10937,6.75688,0.0,0.0,-9999.0,13.12,96.0
201211172100,201211172130,-9999.0,1.0,0.0,0.314,9.77,3.22134,-0.108232,6.70383,0.0,0.0,-9999.0,13.11,97.4
201211172130,201211172200,-9999.0,1.0,0.0,0.229,9.7,3.20902,-0.09983,6.71986,0.0,0.0,-9999.0,13.09,98.1
201211172200,201211172230,-9999.0,1.0,0.0,0.182,9.84,3.23901,-0.095395,6.78353,0.0,0.0,-9999.0,13.08,98.5
201211172230,201211172300,-9999.0,1.0,0.0,0.322,10.14,3.30167,-0.10388,6.88288,0.0,0.0,-9999.0,13.06,97.4
201211172300,201211172330,-9999.0,1.0,0.0,0.357,10.03,3.28109,-0.071471,6.88977,0.0,0.0,-9999.0,13.04,97.1
201211172330,201211180000,-9999.0,1.0,0.0,0.469,11.31,3.54752,-0.353775,7.2057,0.0,0.0,-9999.0,13.02,96.5
201211180000,201211180030,0.5674,0.0,0.0,0.725,11.91,3.67648,3.11087,7.36759,0.0,0.0,-9999.0,13.0,94.8
201211180030,201211180100,3.75295,0.0,0.0,0.797,11.94,3.6849,-0.068115,7.34562,0.0,0.0,-9999.0,12.98,94.3
201211180100,201211180130,1.92141,0.0,0.0,0.471,11.82,3.66132,1.74461,7.29065,0.0,0.0,-9999.0,12.96,96.6
201211180130,201211180200,3.47075,0.0,0.0,0.027,11.59,3.61444,0.157905,7.21138,0.0,0.0,-9999.0,12.95,99.8
201211180200,201211180230,1.62327,0.0,0.0,1.732,11.52,3.60159,1.99505,7.1673,0.0,0.0,-9999.0,12.94,87.2546
201211180230,201211180300,2.26541,0.0,0.0,1.86,11.61,3.62264,1.36956,7.15853,0.0,0.0,-9999.0,12.93,86.3943
201211180300,201211180330,1.31285,0.0,0.0,1.993,11.74,3.65227,2.34558,7.15862,0.0,0.0,-9999.0,12.92,85.546
201211180330,201211180400,1.73361,0.0,0.0,1.98,11.81,3.6692,1.93815,7.1455,0.0,0.0,-9999.0,12.92,85.7066
201211180400,201211180430,2.1989,0.0,0.006,1.772,11.71,3.64986,1.45741,7.09478,0.001069,0.0,-9999.0,12.92,87.1284
201211180430,201211180500,2.83966,0.0,0.004,1.81,11.67,3.64333,0.811355,7.0573,0.00071,0.0,-9999.0,12.91,86.8173
201211180500,201211180530,1.80201,0.0,0.0,1.771,11.56,3.62189,1.83187,7.00429,0.0,0.0,-9999.0,12.91,87.0044
201211180530,201211180600,3.53189,0.0,0.0,1.763,11.47,3.60474,0.088235,6.95568,0.0,0.0,-9999.0,12.91,86.9866
201211180600,201211180630,6.65162,0.0,0.0,1.622,11.24,3.55799,-3.06887,6.87591,0.0,0.0,-9999.0,12.91,87.8432
201211180630,201211180700,5.45611,0.0,0.298,1.497,11.1,3.5304,-1.89551,6.81607,0.051811,0.0,-9999.0,12.91,88.6771
201211180700,201211180730,7.55239,0.0,6.707,1.593,11.06,3.52389,-3.99709,6.77845,1.09728,21.5997,-9999.0,12.9,87.9156
201211180730,201211180800,11.1347,0.0,31.44,1.529,11.05,3.5237,-7.57965,6.7475,4.23152,129.83,-9999.0,12.9,88.395
201211180800,201211180830,-0.216356,0.0,69.09,1.649,11.34,3.58693,3.82179,6.78343,7.33835,240.362,-9999.0,12.9,87.7222
201211180830,201211180900,-2.32239,0.0,93.5,1.999,11.94,3.71717,6.03114,6.88858,8.73083,341.409,-9999.0,12.89,85.6953
201211180900,201211180930,-5.10052,0.0,168.3,2.348,12.65,3.87343,8.93225,7.01849,11.5254,431.24,-9999.0,12.89,83.9658
201211180930,201211181000,-4.82292,0.0,213.3,1.279,14.19,4.2187,8.92294,7.33392,12.5828,508.318,-9999.0,12.89,92.1
201211181000,201211181030,-8.93412,0.0,242.6,1.973,14.82,4.36466,13.1461,7.44666,13.1198,571.325,-9999.0,12.89,88.3
201211181030,201211181100,-9.53203,0.0,318.5,3.046,15.86,4.60824,13.9292,7.65133,14.2037,619.183,-9999.0,12.89,83.1
201211181100,201211181130,-9.22924,0.0,292.1,3.853,16.59,4.78295,13.758,7.78722,13.8436,651.073,-9999.0,12.9,79.6
201211181130,201211181200,-8.53629,0.0,249.0,3.872,16.67,4.80456,13.0811,7.77807,13.1627,666.448,-9999.0,12.91,79.6
201211181200,201211181230,-6.30978,0.0,246.7,3.711,16.79,4.83575,10.8779,7.77797,13.1005,665.047,-9999.0,12.94,80.6
201211181230,201211181300,-6.64518,0.0,241.1,3.393,16.56,4.78358,11.174,7.69929,12.9793,646.893,-9999.0,12.97,82.0
201211181300,201211181330,-8.69432,0.0,241.8,3.55,16.84,4.85293,13.275,7.73529,12.969,612.297,-9999.0,13.0,81.5
201211181330,201211181400,-5.85068,0.0,192.1,3.551,16.76,4.83643,10.4189,7.69028,11.9185,561.85,-9999.0,13.04,81.4
201211181400,201211181430,-5.35972,0.0,159.4,3.215,16.52,4.78181,9.88688,7.60902,11.0212,496.416,-9999.0,13.08,82.9
201211181430,201211181500,-2.09466,0.0,111.7,3.006,16.41,4.75823,6.60399,7.557,9.28789,417.114,-9999.0,13.12,83.9
201211181500,201211181530,-2.29698,0.0,101.1,2.885,16.26,4.72519,6.78134,7.49581,8.78492,325.302,-9999.0,13.16,84.4
201211181530,201211181600,-9999.0,1.0,70.1,2.522,15.96,4.65676,4.4268,7.40039,7.06253,222.55,-9999.0,13.2,86.1
201211181600,201211181630,-9999.0,1.0,19.1,2.069,15.56,4.5589,0.387843,7.28196,2.62558,110.616,-9999.0,13.24,88.3
201211181630,201211181700,-9999.0,1.0,3.066,1.517,14.99,4.42253,0.142452,7.1245,0.475296,11.2699,-9999.0,13.28,91.1
201211181700,201211181730,-9999.0,1.0,0.067,1.125,14.53,4.313,0.173221,6.99184,0.010601,0.0,-9999.0,13.32,93.2
201211181730,201211181800,3.5805,0.0,0.0,1.109,14.31,4.25915,0.548868,6.91374,0.0,0.0,-9999.0,13.34,93.2
201211181800,201211181830,2.45118,0.0,0.0,1.092,14.07,4.20107,1.63337,6.83095,0.0,0.0,-9999.0,13.37,93.2
201211181830,201211181900,3.34284,0.0,0.0,0.996,13.82,4.1411,0.695297,6.74576,0.0,0.0,-9999.0,13.39,93.7
201211181900,201211181930,3.47568,0.0,0.0,0.787,13.46,4.05695,0.497143,6.6353,0.0,0.0,-9999.0,13.4,94.9
201211181930,201211182000,3.74171,0.0,0.0,0.924,13.42,4.0446,0.221409,6.59795,0.0,0.0,-9999.0,13.41,94.0
201211182000,201211182030,4.22534,0.0,0.0,1.353,13.57,4.07462,-0.239028,6.60413,0.0,0.0,-9999.0,13.42,91.3
201211182030,201211182100,3.18322,0.0,0.0,1.375,13.47,4.04887,0.782999,6.55301,0.0,0.0,-9999.0,13.43,91.1
201211182100,201211182130,4.62564,0.0,0.0,1.345,13.31,4.0099,-0.689828,6.48807,0.0,0.0,-9999.0,13.43,91.2
201211182130,201211182200,2.8394,0.0,0.0,1.715,13.47,4.042,1.12126,6.49663,0.0,0.0,-9999.0,13.43,88.9
201211182200,201211182230,-9999.0,1.0,0.038,1.801,13.55,4.05635,0.033004,6.48688,0.005724,0.0,-9999.0,13.43,88.4
201211182230,201211182300,-9999.0,1.0,0.0,1.137,13.18,3.97098,-0.049405,6.37341,0.0,0.0,-9999.0,13.43,92.5
201211182300,201211182330,-9999.0,1.0,0.0,0.564,12.87,3.89952,-0.11288,6.27372,0.0,0.0,-9999.0,13.43,96.2
201211182330,201211190000,3.35481,0.0,0.049,0.015,12.51,3.8178,0.430227,6.16249,0.007268,0.0,-9999.0,13.43,99.9
201211190000,201211190030,4.95182,0.0,0.153,1.795,12.28,3.76483,-1.20858,6.08114,0.022559,0.0,-9999.0,13.43,87.4385
201211190030,201211190100,4.08692,0.0,0.13,1.862,12.16,3.73581,-0.366684,6.02505,0.019073,0.0,-9999.0,13.42,86.8674
201211190100,201211190130,3.0912,0.0,0.012,1.892,12.15,3.73047,0.62472,5.99423,0.001753,0.0,-9999.0,13.42,86.6477
201211190130,201211190200,3.84153,0.0,0.0,1.93,12.19,3.73585,-0.121455,5.97493,0.0,0.0,-9999.0,13.42,86.4148
201211190200,201211190230,3.57484,0.0,0.0,2.05,12.1,3.71338,0.12738,5.92567,0.0,0.0,-9999.0,13.41,85.4857
201211190230,201211190300,3.74559,0.0,0.0,2.07,12.01,3.69098,-0.061186,5.87639,0.0,0.0,-9999.0,13.4,85.253
201211190300,201211190330,2.93492,0.0,0.0,1.974,12.02,3.68995,0.748568,5.85014,0.0,0.0,-9999.0,13.4,85.9502
201211190330,201211190400,3.92551,0.0,0.0,2.231,12.06,3.6953,-0.237881,5.83083,0.0,0.0,-9999.0,13.39,84.1583
201211190400,201211190430,3.03507,0.0,0.0,0.268,12.1,3.70065,0.656694,5.81154,0.0,0.0,-9999.0,13.38,98.1
201211190430,201211190500,3.03458,0.0,0.0,0.453,12.15,3.70813,0.662999,5.79459,0.0,0.0,-9999.0,13.37,96.8
201211190500,201211190530,2.59205,0.0,0.0,0.628,12.27,3.73055,1.12314,5.7939,0.0,0.0,-9999.0,13.36,95.6
201211190530,201211190600,3.55977,0.0,0.0,0.31,12.08,3.68686,0.120786,5.72131,0.0,0.0,-9999.0,13.35,97.8
201211190600,201211190630,9.5686,0.0,0.039,0.239,12.02,3.67095,-5.90074,5.67885,0.005399,0.0,-9999.0,13.34,98.3
201211190630,201211190700,2.99876,0.0,0.2,0.295,12.04,3.67202,0.669854,5.65495,0.0275,0.0,-9999.0,13.33,97.9
201211190700,201211190730,3.83758,0.0,3.221,0.153,11.87,3.63291,-0.200075,5.58692,0.43078,19.1859,-9999.0,13.33,98.9
201211190730,201211190800,6.91033,0.0,25.66,2.107,11.9,3.6361,-3.27039,5.56532,2.94148,125.583,-9999.0,13.32,84.8844
201211190800,201211190830,-1.70022,0.0,53.29,0.2,12.26,3.70914,5.39793,5.6206,5.21085,236.004,-9999.0,13.31,98.6
201211190830,201211190900,-1.71197,0.0,89.4,0.573,12.69,3.79769,5.4794,5.69276,7.35422,336.947,-9999.0,13.3,96.1
201211190900,201211190930,-4.04768,0.0,112.2,1.217,13.23,3.91079,7.9037,5.79151,8.38525,426.687,-9999.0,13.29,92.0
201211190930,201211191000,-4.89687,0.0,149.6,1.608,13.78,4.02724,8.84355,5.8936,9.74358,503.687,-9999.0,13.29,89.8
201211191000,201211191030,-4.71528,0.0,151.5,2.285,14.43,4.16705,8.77011,6.02061,9.77977,566.631,-9999.0,13.29,86.1
201211191030,201211191100,-4.89175,0.0,182.8,2.718,15.03,4.29727,9.04662,6.13692,10.6642,614.44,-9999.0,13.29,84.1
201211191100,201211191130,-7.5976,0.0,224.7,3.765,15.85,4.47883,11.8909,6.30785,11.6239,646.297,-9999.0,13.29,79.1
201211191130,201211191200,-7.65816,0.0,313.95,6.306,17.77,4.91932,12.2829,6.75162,13.1165,661.657,-9999.0,13.3,69.01
201211191200,201211191230,-7.33832,0.0,394.3,8.061,18.94,5.19269,12.1656,7.01611,14.045,660.258,-9999.0,13.31,63.19
201211191230,201211191300,-5.42519,0.0,454.0,8.452,19.06,5.2169,10.2701,7.02025,14.5727,642.122,-9999.0,13.33,61.69
201211191300,201211191330,-10.1116,0.0,431.8,8.495,19.39,5.29158,15.0114,7.07735,14.365,607.561,-9999.0,13.36,62.28
201211191330,201211191400,-4.65364,0.0,307.7,7.023,18.34,5.03645,9.36501,6.78791,12.9459,557.165,-9999.0,13.4,66.7
201211191400,201211191430,-3.04194,0.0,107.0,5.199,17.19,4.76269,7.54898,6.4746,7.9124,491.797,-9999.0,13.44,73.5
201211191430,201211191500,-4.45931,0.0,136.6,4.022,16.37,4.5698,8.8209,6.24443,9.05226,412.576,-9999.0,13.49,78.4
201211191500,201211191530,3.26308,0.0,147.4,4.004,16.37,4.5658,1.09537,6.21727,9.39639,320.857,-9999.0,13.53,78.5
201211191530,201211191600,-0.615182,0.0,114.0,3.975,16.11,4.50264,4.92565,6.12573,8.1357,218.209,-9999.0,13.57,78.3
201211191600,201211191630,1.86155,0.0,33.52,2.784,15.21,4.29625,2.2914,5.87651,3.39053,106.389,-9999.0,13.61,83.9
201211191630,201211191700,2.87991,0.0,7.86,1.789,14.26,4.08275,1.10846,5.61659,0.915617,9.55247,-9999.0,13.64,89.0
201211191700,201211191730,4.17156,0.0,0.215,1.385,13.76,3.97049,-0.270496,5.46725,0.026126,0.0,-9999.0,13.66,91.2
201211191730,201211191800,7.43748,0.0,0.0,1.019,13.23,3.85313,-3.62821,5.31113,0.0,0.0,-9999.0,13.68,93.3
201211191800,201211191830,9.44261,0.0,0.0,0.666,12.81,3.76051,-5.70621,5.18195,0.0,0.0,-9999.0,13.69,95.5
201211191830,201211191900,8.29117,0.0,0.0,0.623,12.48,3.68774,-4.61231,5.07461,0.0,0.0,-9999.0,13.7,95.7
201211191900,201211191930,6.68661,0.0,0.0,0.483,12.19,3.62392,-3.05841,4.97701,0.0,0.0,-9999.0,13.7,96.6
201211191930,201211192000,5.27001,0.0,0.0,0.892,12.63,3.71269,-1.5716,5.05364,0.0,0.0,-9999.0,13.69,93.9
201211192000,201211192030,4.84688,0.0,0.0,1.095,12.61,3.70521,-1.15447,5.02043,0.0,0.0,-9999.0,13.69,92.5
201211192030,201211192100,2.40713,0.0,0.0,0.745,12.02,3.57911,1.1852,4.85096,0.0,0.0,-9999.0,13.68,94.7
201211192100,201211192130,5.58498,0.0,0.0,0.463,11.54,3.47733,-2.07397,4.70851,0.0,0.0,-9999.0,13.67,96.6
201211192130,201211192200,2.06597,0.0,0.0,0.455,11.74,3.51516,1.47521,4.72725,0.0,0.0,-9999.0,13.66,96.7
201211192200,201211192230,-9999.0,1.0,0.0,1.035,12.16,3.59852,-0.3571,4.79876,0.0,0.0,-9999.0,13.64,92.7
201211192230,201211192300,1.91898,0.0,0.0,0.974,12.1,3.58294,1.67606,4.75588,0.0,0.0,-9999.0,13.63,93.1
201211192300,201211192330,2.73341,0.0,0.0,1.27,12.6,3.68347,0.9413,4.84752,0.0,0.0,-9999.0,13.61,91.3
201211192330,201211200000,2.91821,0.0,0.0,1.258,12.64,3.68854,0.760424,4.82876,0.0,0.0,-9999.0,13.59,91.4
201211200000,201211200030,4.51293,0.0,0.0,1.041,12.45,3.64574,-0.868263,4.75446,0.0,0.0,-9999.0,13.58,92.8
201211200030,201211200100,4.19131,0.0,0.0,1.289,12.83,3.72163,-0.486703,4.82785,0.0,0.0,-9999.0,13.56,91.3
201211200100,201211200130,2.49136,0.0,0.001,1.809,13.35,3.82759,1.29655,4.93519,0.00011,0.0,-9999.0,13.54,88.2
201211200130,201211200200,5.87244,0.0,0.014,2.264,13.74,3.90687,-2.02255,5.011,0.001543,0.0,-9999.0,13.53,85.6
201211200200,201211200230,4.32521,0.0,0.0,2.244,13.71,3.897,-0.483113,4.98444,0.0,0.0,-9999.0,13.52,85.7
201211200230,201211200300,4.34539,0.0,0.0,1.897,13.44,3.83634,-0.550876,4.89998,0.0,0.0,-9999.0,13.5,87.7
201211200300,201211200330,2.3802,0.0,0.0,1.759,13.32,3.80762,1.39169,4.85214,0.0,0.0,-9999.0,13.5,88.5
201211200330,201211200400,6.70088,0.0,0.037,1.874,13.51,3.84424,-2.90034,4.87867,0.004039,0.0,-9999.0,13.49,87.9
201211200400,201211200430,2.73822,0.0,0.0,2.205,13.88,3.91915,1.12084,4.94822,0.0,0.0,-9999.0,13.48,86.1
201211200430,201211200500,5.12664,0.0,0.0,1.803,13.7,3.87748,-1.30024,4.88579,0.0,0.0,-9999.0,13.48,88.5
201211200500,201211200530,3.46341,0.0,0.019,1.147,13.32,3.79399,0.297437,4.77639,0.00206,0.0,-9999.0,13.47,92.5
201211200530,201211200600,4.97525,0.0,0.024,0.632,13.07,3.73834,-1.25828,4.69863,0.002595,0.0,-9999.0,13.47,95.8
201211200600,201211200630,4.03852,0.0,0.0,0.208,12.84,3.68722,-0.361993,4.62617,0.0,0.0,-9999.0,13.47,98.6
201211200630,201211200700,4.0363,0.0,0.07,1.878,12.7,3.65497,-0.385369,4.57512,0.007531,0.0,-9999.0,13.46,87.2159
201211200700,201211200730,2.79266,0.0,2.845,1.945,12.78,3.66818,0.868652,4.57517,0.300721,16.966,-9999.0,13.46,86.8306
201211200730,201211200800,2.49257,0.0,33.12,2.058,12.98,3.70623,1.19874,4.60284,2.99595,121.439,-9999.0,13.46,86.2438
201211200800,201211200830,0.770695,0.0,50.37,0.03,13.25,3.75895,2.96211,4.64654,4.20553,231.749,-9999.0,13.45,99.8
201211200830,201211200900,-2.11719,0.0,82.4,0.53,13.62,3.83284,5.90798,4.71326,6.02706,332.592,-9999.0,13.45,96.6
201211200900,201211200930,-9999.0,1.0,117.9,0.983,14.12,3.93469,6.53411,4.81015,7.58078,422.241,-9999.0,13.45,93.9
201211200930,201211201000,-9999.0,1.0,182.2,2.018,14.78,4.07168,7.97457,4.9446,9.61831,499.164,-9999.0,13.45,88.0
201211201000,201211201030,-3.80565,0.0,164.5,3.043,15.57,4.23849,7.91094,5.11017,9.11063,562.044,-9999.0,13.46,82.8
201211201030,201211201100,3.18724,0.0,193.9,3.727,16.07,4.34379,0.998622,5.20758,9.87621,609.806,-9999.0,13.46,79.6
201211201100,201211201130,-7.16226,0.0,275.2,4.983,16.7,4.47866,11.4508,5.33593,11.4963,641.631,-9999.0,13.47,73.8
201211201130,201211201200,-6.82419,0.0,206.6,5.267,16.64,4.46132,11.0994,5.30001,10.1373,656.976,-9999.0,13.48,72.2
201211201200,201211201230,-7.77791,0.0,243.3,5.687,16.86,4.50597,12.0869,5.33048,10.8844,655.577,-9999.0,13.5,70.4
201211201230,201211201300,-6.69494,0.0,327.7,6.465,17.44,4.63104,11.0984,5.44624,12.2064,637.46,-9999.0,13.51,67.56
201211201300,201211201330,-7.35393,0.0,369.7,7.707,18.48,4.86136,11.9301,5.6722,12.6975,602.933,-9999.0,13.54,63.78
201211201330,201211201400,-6.41586,0.0,346.5,7.891,18.47,4.85466,10.987,5.64667,12.3995,552.588,-9999.0,13.56,62.89
201211201400,201211201430,-2.98831,0.0,144.4,6.615,17.37,4.60277,7.37023,5.3629,8.35045,487.286,-9999.0,13.6,66.66
201211201430,201211201500,-0.742538,0.0,67.77,5.579,16.56,4.41941,4.98538,5.15165,5.11021,408.145,-9999.0,13.63,70.4
201211201500,201211201530,1.53613,0.0,55.88,4.983,16.17,4.33009,2.6385,5.0401,4.41405,316.517,-9999.0,13.67,72.9
201211201530,201211201600,0.696736,0.0,53.09,3.956,15.4,4.15969,3.34702,4.84323,4.23358,213.972,-9999.0,13.7,77.4
201211201600,201211201630,1.80309,0.0,28.11,3.551,14.94,4.05769,2.16176,4.71898,2.50171,102.264,-9999.0,13.73,79.1
201211201630,201211201700,3.0527,0.0,5.227,3.59,14.74,4.01159,0.876322,4.65405,0.520624,8.01183,-9999.0,13.75,78.6
201211201700,201211201730,3.79401,0.0,0.053,3.584,14.5,3.95732,0.092736,4.58073,0.005415,0.0,-9999.0,13.78,78.3
201211201730,201211201800,4.23615,0.0,0.0,3.559,14.32,3.91594,-0.381737,4.52118,0.0,0.0,-9999.0,13.79,78.2
201211201800,201211201830,4.91258,0.0,0.0,3.515,14.13,3.87269,-1.09204,4.45985,0.0,0.0,-9999.0,13.8,78.2
201211201830,201211201900,1.11843,0.0,0.0,3.32,13.97,3.83588,2.67322,4.40546,0.0,0.0,-9999.0,13.81,79.2
201211201900,201211201930,-9999.0,1.0,0.0,3.011,13.62,3.76007,-0.124885,4.31048,0.0,0.0,-9999.0,13.81,80.7
201211201930,201211202000,2.63891,0.0,0.0,2.987,13.5,3.73198,1.07094,4.2656,0.0,0.0,-9999.0,13.81,80.7
201211202000,201211202030,9.40635,0.0,0.0,2.31,12.82,3.59027,-5.80871,4.10243,0.0,0.0,-9999.0,13.81,84.4
201211202030,201211202100,2.55122,0.0,0.0,2.04,12.36,3.49468,0.970195,3.98774,0.0,0.0,-9999.0,13.8,85.8
201211202100,201211202130,3.37161,0.0,0.0,2.169,12.36,3.49145,0.147159,3.96956,0.0,0.0,-9999.0,13.79,84.9
201211202130,201211202200,4.86076,0.0,0.0,2.165,12.23,3.46236,-1.36532,3.92457,0.0,0.0,-9999.0,13.78,84.8
201211202200,201211202230,3.68521,0.0,0.0,2.439,12.34,3.48101,-0.174913,3.92911,0.0,0.0,-9999.0,13.77,83.0
201211202230,201211202300,3.992,0.0,0.003,2.548,12.22,3.45397,-0.503403,3.88639,0.000298,0.0,-9999.0,13.75,82.1
201211202300,201211202330,-9999.0,1.0,0.106,2.496,11.99,3.40535,-0.398461,3.82159,0.010497,0.0,-9999.0,13.73,82.2
201211202330,201211210000,5.2423,0.0,0.001,2.009,11.4,3.2869,-1.8883,3.6852,9.9e-05,0.0,-9999.0,13.71,85.1
201211210000,201211210030,5.72308,0.0,0.0,1.851,11.1,3.22591,-2.41858,3.60828,0.0,0.0,-9999.0,13.69,86.0
201211210030,201211210100,6.15854,0.0,0.0,1.538,10.64,3.13497,-2.92817,3.50091,0.0,0.0,-9999.0,13.67,88.0
201211210100,201211210130,3.47523,0.0,0.046,1.631,10.55,3.11499,-0.26126,3.46662,0.004509,0.0,-9999.0,13.65,87.2
201211210130,201211210200,3.03852,0.0,0.025,1.797,10.55,3.11209,0.17302,3.44988,0.002445,0.0,-9999.0,13.63,85.9
201211210200,201211210230,2.93997,0.0,0.0,1.521,10.1,3.02458,0.199708,3.34694,0.0,0.0,-9999.0,13.6,87.7
201211210230,201211210300,4.89143,0.0,0.008,1.172,9.6,2.92901,-1.83073,3.23614,0.000778,0.0,-9999.0,13.57,90.2
201211210300,201211210330,2.86658,0.0,0.112,1.045,9.5,2.90789,0.176557,3.20146,0.010859,0.0,-9999.0,13.54,91.2
201211210330,201211210400,5.09068,0.0,0.0,0.831,9.29,2.86676,-2.08177,3.14661,0.0,0.0,-9999.0,13.51,92.9
201211210400,201211210430,2.39107,0.0,0.0,1.011,9.69,2.93736,0.67639,3.20485,0.0,0.0,-9999.0,13.48,91.6
201211210430,201211210500,2.86046,0.0,0.0,0.931,9.58,2.91439,0.187919,3.16845,0.0,0.0,-9999.0,13.45,92.2
201211210500,201211210530,1.84349,0.0,0.059,0.89,9.69,2.93185,1.21931,3.17272,0.005661,0.0,-9999.0,13.42,92.6
201211210530,201211210600,8.17787,0.0,0.115,1.035,9.87,2.96224,-5.08998,3.18974,0.011001,0.0,-9999.0,13.38,91.5
201211210600,201211210630,1.36282,0.0,0.0,0.928,9.72,2.93185,1.69988,3.14606,0.0,0.0,-9999.0,13.35,92.3
201211210630,201211210700,4.77725,0.0,0.251,0.813,9.6,2.90711,-1.73511,3.10815,0.023865,0.0,-9999.0,13.32,93.2
201211210700,201211210730,3.71382,0.0,5.731,1.018,9.98,2.97416,-0.616228,3.16115,0.528006,13.0099,-9999.0,13.29,91.7
201211210730,201211210800,0.392143,0.0,24.21,1.283,10.35,3.03992,2.75958,3.21231,2.03062,113.586,-9999.0,13.26,89.8
201211210800,201211210830,-2.18141,0.0,77.6,1.95,11.36,3.22734,5.48619,3.38178,5.18731,224.07,-9999.0,13.23,85.5
201211210830,201211210900,-3.97443,0.0,143.5,2.791,12.54,3.45237,7.46057,3.58571,7.66934,325.157,-9999.0,13.2,80.8
201211210900,201211210930,-3.55529,0.0,203.7,3.187,13.27,3.59316,7.15363,3.70622,9.19542,415.116,-9999.0,13.17,79.1
201211210930,201211211000,-4.8667,0.0,262.1,4.234,14.58,3.85375,8.67038,3.93996,10.2771,492.409,-9999.0,13.15,74.5
201211211000,201211211030,-3.6018,0.0,314.0,4.823,15.43,4.02499,7.53883,4.08624,11.0184,555.713,-9999.0,13.13,72.5
201211211030,201211211100,-6.18262,0.0,355.6,6.088,16.56,4.25784,10.2991,4.2891,11.5014,603.945,-9999.0,13.12,67.7
201211211100,201211211130,-4.52568,0.0,385.8,8.211,18.34,4.63587,8.92933,4.62561,11.7987,636.28,-9999.0,13.11,61.07
201211211130,201211211200,-5.65856,0.0,404.1,9.454,19.37,4.85742,10.2282,4.81283,11.9527,652.164,-9999.0,13.11,57.97
201211211200,201211211230,-7.45859,0.0,279.9,10.418,19.96,4.98369,12.1221,4.91011,10.2686,651.326,-9999.0,13.11,55.35
201211211230,201211211300,-4.39995,0.0,399.5,11.892,20.91,5.19183,9.21714,5.08178,10.8423,633.78,-9999.0,13.13,51.93
201211211300,201211211330,-6.00561,0.0,375.7,12.403,21.32,5.27953,10.8871,5.14155,10.3613,599.826,-9999.0,13.16,51.11
201211211330,201211211400,-4.95468,0.0,345.5,11.412,20.97,5.19545,9.7744,5.04385,10.5462,550.045,-9999.0,13.19,54.04
201211211400,201211211430,-5.01528,0.0,295.7,10.874,20.87,5.168,9.81473,4.99816,10.1973,485.289,-9999.0,13.23,55.94
201211211430,201211211500,-4.0336,0.0,245.1,9.965,20.32,5.04001,8.73849,4.86117,9.77015,406.667,-9999.0,13.28,58.23
201211211500,201211211530,-2.62179,0.0,183.9,9.098,19.51,4.85588,7.18981,4.67372,8.5078,315.522,-9999.0,13.33,59.9
201211211530,201211211600,-9999.0,1.0,116.9,8.233,18.79,4.69378,6.18754,4.50697,6.56857,213.415,-9999.0,13.38,62.05
201211211600,201211211630,-9999.0,1.0,46.8,6.869,18.01,4.52085,2.97141,4.33106,3.39508,102.092,-9999.0,13.42,66.75
201211211630,201211211700,1.9552,0.0,4.712,3.991,15.89,4.07006,2.016,3.90391,0.414021,8.03405,-9999.0,13.46,77.9
201211211700,201211211730,2.65771,0.0,0.155,2.516,14.43,3.76886,1.07905,3.61326,0.013903,0.0,-9999.0,13.5,84.7
201211211730,201211211800,-9999.0,1.0,0.013,1.895,13.55,3.59035,-0.202797,3.43486,0.001164,0.0,-9999.0,13.53,87.8
201211211800,201211211830,-9999.0,1.0,0.013,1.104,12.33,3.35006,-0.410257,3.20115,0.00116,0.0,-9999.0,13.55,92.3
201211211830,201211211900,-9999.0,1.0,0.002,0.496,11.73,3.23285,-0.419651,3.07983,0.000178,0.0,-9999.0,13.56,96.4
201211211900,201211211930,-9999.0,1.0,0.007,0.279,11.16,3.12303,-0.412934,2.96578,0.000621,0.0,-9999.0,13.57,97.9
201211211930,201211212000,-9999.0,1.0,0.011,0.128,10.67,3.03051,-0.391988,2.86705,0.000973,0.0,-9999.0,13.58,99.0
201211212000,201211212030,-9999.0,1.0,0.011,0.062,10.15,2.93379,-0.2975,2.7651,0.00097,0.0,-9999.0,13.57,99.5
201211212030,201211212100,-9999.0,1.0,0.0,1.243,10.03,2.9102,-0.226592,2.72926,0.0,0.0,-9999.0,13.56,89.8993
201211212100,201211212130,-9999.0,1.0,0.001,1.012,9.56,2.82415,-0.028864,2.63782,8.8e-05,0.0,-9999.0,13.55,91.5144
201211212130,201211212200,-9999.0,1.0,0.003,0.857,9.33,2.78153,0.045698,2.58559,0.000262,0.0,-9999.0,13.53,92.6995
201211212200,201211212230,-9999.0,1.0,0.0,1.252,9.14,2.74624,0.13616,2.54014,0.0,0.0,-9999.0,13.51,89.2047
201211212230,201211212300,-9999.0,1.0,0.0,1.508,8.8,2.68504,0.208035,2.47204,0.0,0.0,-9999.0,13.48,86.6923
201211212300,201211212330,-9999.0,1.0,0.028,1.346,8.83,2.68849,0.210568,2.46125,0.002426,0.0,-9999.0,13.45,88.1435
201211212330,201211220000,-9999.0,1.0,0.194,1.403,8.72,2.66763,0.172517,2.42913,0.016745,0.0,-9999.0,13.42,87.5537
201211220000,201211220030,-9999.0,1.0,0.226,1.397,8.65,2.65377,0.16858,2.40325,0.019446,0.0,-9999.0,13.39,87.5443
201211220030,201211220100,-9999.0,1.0,0.034,1.575,8.26,2.58505,0.216573,2.34741,0.002958,0.0,-9999.0,13.35,85.5834
201211220100,201211220130,-9999.0,1.0,0.004,1.597,8.05,2.54763,0.296653,2.31853,0.000352,0.0,-9999.0,13.32,85.1686
201211220130,201211220200,-9999.0,1.0,0.005,1.662,7.42,2.44017,0.205741,2.22715,0.000444,0.0,-9999.0,13.28,83.889
201211220200,201211220230,-9999.0,1.0,0.0,1.308,7.26,2.41204,0.229777,2.20557,0.0,0.0,-9999.0,13.25,87.182
201211220230,201211220300,-9999.0,1.0,0.0,1.214,7.74,2.49036,0.301955,2.27922,0.0,0.0,-9999.0,13.21,88.487
201211220300,201211220330,-9999.0,1.0,0.0,0.852,8.1,2.54938,0.315883,2.33616,0.0,0.0,-9999.0,13.17,92.1159
201211220330,201211220400,-9999.0,1.0,0.0,1.253,8.79,2.66568,0.358835,2.44549,0.0,0.0,-9999.0,13.13,88.9336
201211220400,201211220430,-9999.0,1.0,0.0,1.362,8.76,2.65874,0.30546,2.4438,0.0,0.0,-9999.0,13.09,87.9467
201211220430,201211220500,-9999.0,1.0,0.122,1.509,8.66,2.63978,0.255597,2.43106,0.011464,0.0,-9999.0,13.05,86.5549
201211220500,201211220530,-9999.0,1.0,0.241,1.845,7.47,2.4372,0.281743,2.24939,0.022841,0.0,-9999.0,13.01,82.1714
201211220530,201211220600,-9999.0,1.0,0.146,1.62,6.728,2.31406,0.478475,2.13931,0.013973,0.0,-9999.0,12.96,83.5276
201211220600,201211220630,-9999.0,1.0,0.006,0.951,6.838,2.33036,0.420183,2.15751,0.00058,0.0,-9999.0,12.92,90.4054
201211220630,201211220700,-9.73312,0.0,0.506,1.162,8.03,2.5258,12.4468,2.3429,0.049198,0.0,-9999.0,12.89,89.1919
201211220700,201211220730,-9999.0,1.0,6.714,1.332,8.0,2.51908,0.423688,2.34066,0.632879,11.2809,-9999.0,12.85,87.5879
201211220730,201211220800,-9999.0,1.0,32.22,0.862,7.65,2.45895,1.14964,2.28807,2.6424,109.659,-9999.0,12.81,91.7739
201211220800,201211220830,-9999.0,1.0,79.9,1.45,9.5,2.77292,3.11418,2.58942,5.274,220.035,-9999.0,12.77,87.7932
201211220830,201211220900,-0.96849,0.0,141.3,1.655,10.76,2.99525,4.07326,2.80717,7.47334,321.023,-9999.0,12.74,87.193
201211220900,201211220930,-9999.0,1.0,204.9,1.833,10.83,3.00591,8.85653,2.8239,8.99986,410.895,-9999.0,12.7,85.8806
201211220930,201211221000,-9999.0,1.0,248.9,2.001,11.84,3.18889,10.2046,3.00772,9.79429,488.112,-9999.0,12.66,85.5875
201211221000,201211221030,-9999.0,1.0,292.8,2.746,13.26,3.45416,11.2265,3.27459,10.438,551.355,-9999.0,12.63,81.9815
201211221030,201211221100,-11.469,0.0,328.5,0.714,15.32,3.85423,15.2588,3.67901,10.8814,599.54,-9999.0,12.61,95.9
201211221100,201211221130,-10.9783,0.0,322.0,3.795,17.31,4.25545,15.0772,4.09193,10.8247,631.843,-9999.0,12.6,80.8
201211221130,201211221200,-7.38953,0.0,352.6,6.504,18.78,4.55966,11.7185,4.4141,11.1664,647.712,-9999.0,12.59,70.0
201211221200,201211221230,-6.33304,0.0,320.4,8.404,19.8,4.7737,10.8217,4.64952,10.8393,646.874,-9999.0,12.59,63.62
201211221230,201211221300,-6.72903,0.0,297.9,8.664,19.78,4.76623,11.2115,4.65984,10.5897,629.345,-9999.0,12.61,62.45
201211221300,201211221330,-6.60341,0.0,295.0,7.709,19.31,4.66276,11.008,4.57043,10.571,595.424,-9999.0,12.64,65.6
201211221330,201211221400,-4.90619,0.0,285.6,8.74,20.02,4.81129,9.42107,4.74311,10.469,545.692,-9999.0,12.68,62.68
201211221400,201211221430,-7.2144,0.0,211.9,7.441,19.38,4.67139,11.6243,4.61419,9.34836,480.999,-9999.0,12.73,66.94
201211221430,201211221500,-5.33446,0.0,159.8,6.255,18.37,4.45536,9.58127,4.40326,8.25427,402.453,-9999.0,12.78,70.4
201211221500,201211221530,-3.6466,0.0,135.3,5.376,17.78,4.32965,7.79756,4.28585,7.61799,311.397,-9999.0,12.84,73.6
201211221530,201211221600,-9999.0,1.0,93.1,4.465,17.3,4.22784,4.67894,4.1925,6.20014,209.39,-9999.0,12.89,77.4
201211221600,201211221630,-9999.0,1.0,32.28,3.175,16.14,3.98948,0.403588,3.95235,2.94171,98.1763,-9999.0,12.94,82.7
201211221630,201211221700,-9999.0,1.0,3.435,2.085,14.9,3.74065,-0.401847,3.69932,0.384643,6.69159,-9999.0,12.99,87.7
201211221700,201211221730,-9999.0,1.0,0.121,0.822,14.13,3.58834,-0.230061,3.5477,0.014019,0.0,-9999.0,13.03,94.9
201211221730,201211221800,-9999.0,1.0,0.006,0.565,13.29,3.42531,-0.2829,3.38342,0.000701,0.0,-9999.0,13.07,96.3
201211221800,201211221830,-9999.0,1.0,0.005,0.409,12.63,3.29891,-0.221158,3.25721,0.000589,0.0,-9999.0,13.1,97.2
201211221830,201211221900,-9999.0,1.0,0.003,0.057,12.18,3.21318,-0.228427,3.17368,0.000356,0.0,-9999.0,13.12,99.6
201211221900,201211221930,-9999.0,1.0,0.0,1.533,11.58,3.10109,-0.24471,3.06109,0.0,0.0,-9999.0,13.14,88.7673
201211221930,201211222000,-9999.0,1.0,0.005,1.379,11.13,3.01764,-0.182968,2.97856,0.000602,0.0,-9999.0,13.15,89.5895
201211222000,201211222030,-9999.0,1.0,0.0,1.827,10.87,2.96903,-0.158312,2.93303,0.0,0.0,-9999.0,13.16,85.9635
201211222030,201211222100,-9999.0,1.0,0.0,1.767,10.3,2.86605,-0.04642,2.82817,0.0,0.0,-9999.0,13.15,85.8999
201211222100,201211222130,-9999.0,1.0,0.0,1.439,9.68,2.75604,0.154877,2.71506,0.0,0.0,-9999.0,13.15,88.0346
201211222130,201211222200,-9999.0,1.0,0.091,1.28,9.08,2.65136,0.321376,2.60714,0.011263,0.0,-9999.0,13.14,88.9155
201211222200,201211222230,-9999.0,1.0,0.208,1.327,9.2,2.66998,0.334051,2.63258,0.025901,0.0,-9999.0,13.12,88.6021
201211222230,201211222300,-9999.0,1.0,0.147,1.687,9.4,2.70232,0.240395,2.6733,0.018443,0.0,-9999.0,13.1,85.7001
201211222300,201211222330,-9999.0,1.0,0.022,1.524,9.03,2.63749,0.361457,2.60751,0.002783,0.0,-9999.0,13.08,86.7569
201211222330,201211230000,-9999.0,1.0,0.001,1.582,8.86,2.607,0.362276,2.57906,0.000127,0.0,-9999.0,13.06,86.0929
201211230000,201211230030,-9999.0,1.0,0.0,1.704,8.66,2.57165,0.252465,2.54502,0.0,0.0,-9999.0,13.04,84.8177
201211230030,201211230100,-9999.0,1.0,0.0,1.437,8.56,2.5532,0.361438,2.52942,0.0,0.0,-9999.0,13.02,87.1119
201211230100,201211230130,-9999.0,1.0,0.0,1.176,9.08,2.63879,0.303711,2.62972,0.0,0.0,-9999.0,12.99,89.8142
201211230130,201211230200,-9999.0,1.0,0.0,1.37,9.95,2.78583,-0.017629,2.80084,0.0,0.0,-9999.0,12.97,88.8078
201211230200,201211230230,-9999.0,1.0,0.0,1.87,10.0,2.79258,-0.073639,2.81458,0.0,0.0,-9999.0,12.95,84.7797
201211230230,201211230300,-9999.0,1.0,0.038,1.891,9.63,2.72696,0.134971,2.74575,0.005039,0.0,-9999.0,12.92,84.2178
201211230300,201211230330,-9999.0,1.0,0.133,1.743,9.6,2.71996,0.131205,2.74351,0.017737,0.0,-9999.0,12.88,85.4267
201211230330,201211230400,-9999.0,1.0,0.139,1.764,9.6,2.71811,0.123536,2.74713,0.018657,0.0,-9999.0,12.85,85.2485
201211230400,201211230430,-9999.0,1.0,0.005,1.382,9.52,2.7026,0.194888,2.73498,0.000676,0.0,-9999.0,12.83,88.3847
201211230430,201211230500,-9999.0,1.0,0.0,1.397,9.83,2.7538,-0.038853,2.80014,0.0,0.0,-9999.0,12.81,88.4968
201211230500,201211230530,-9999.0,1.0,0.0,1.707,9.74,2.73648,0.030668,2.78591,0.0,0.0,-9999.0,12.8,85.861
201211230530,201211230600,-9999.0,1.0,0.0,1.839,9.89,2.76034,-0.05795,2.81983,0.0,0.0,-9999.0,12.78,84.9175
201211230600,201211230630,-9999.0,1.0,0.0,1.78,9.83,2.74815,0.020992,2.81153,0.0,0.0,-9999.0,12.76,85.3416
201211230630,201211230700,-9999.0,1.0,0.14,1.695,9.65,2.7155,0.183156,2.77891,0.019527,0.0,-9999.0,12.74,85.8693
201211230700,201211230730,-9999.0,1.0,3.183,1.72,9.28,2.6509,0.227168,2.70819,0.433888,9.71582,-9999.0,12.73,85.3054
201211230730,201211230800,-9999.0,1.0,10.49,1.723,9.05,2.61043,0.401346,2.66569,1.34577,105.841,-9999.0,12.71,85.0512
201211230800,201211230830,-9999.0,1.0,63.25,1.501,9.56,2.69462,1.13416,2.77155,5.59925,216.112,-9999.0,12.7,87.4126
201211230830,201211230900,-9999.0,1.0,141.1,1.744,11.2,2.97705,5.42642,3.12022,8.63585,317.003,-9999.0,12.68,86.8942
201211230900,201211230930,-9999.0,1.0,244.8,2.055,12.64,3.23406,10.2101,3.4465,10.6588,406.788,-9999.0,12.67,85.9586
201211230930,201211231000,-9999.0,1.0,316.2,3.092,14.35,3.55029,11.6526,3.8564,11.5025,483.932,-9999.0,12.65,81.1003
201211231000,201211231030,-9999.0,1.0,251.4,0.847,15.53,3.77403,10.7623,4.15686,10.7873,547.113,-9999.0,12.63,95.2
201211231030,201211231100,-9999.0,1.0,320.3,2.2,16.39,3.93939,11.0047,4.38672,11.5745,595.252,-9999.0,12.63,88.2
201211231100,201211231130,-9999.0,1.0,402.6,3.548,17.09,4.07523,10.3948,4.58134,12.2411,627.524,-9999.0,12.63,81.8
201211231130,201211231200,-9999.0,1.0,435.1,5.446,18.23,4.30145,10.2883,4.90162,12.4572,643.378,-9999.0,12.63,74.0
201211231200,201211231230,-9999.0,1.0,318.4,6.802,18.93,4.44113,10.3544,5.10953,11.6059,642.541,-9999.0,12.65,68.92
201211231230,201211231300,-9999.0,1.0,264.1,6.55,18.26,4.3016,10.2819,4.93516,11.0444,625.029,-9999.0,12.67,68.79
201211231300,201211231330,-5.88418,0.0,259.5,6.392,17.99,4.24408,9.94546,4.87263,11.0069,591.141,-9999.0,12.71,69.02
201211231330,201211231400,-5.81057,0.0,339.7,7.278,18.7,4.38499,9.97782,5.08465,11.8427,541.456,-9999.0,12.76,66.26
201211231400,201211231430,-7.11197,0.0,326.8,8.394,19.19,4.4821,11.3516,5.23851,11.7474,476.826,-9999.0,12.8,62.26
201211231430,201211231500,-5.51444,0.0,242.6,7.824,18.66,4.37079,9.66983,5.09964,10.8469,398.355,-9999.0,12.85,63.64
201211231500,201211231530,-3.0332,0.0,167.4,6.641,17.93,4.22028,7.07417,4.90484,9.58376,307.386,-9999.0,12.9,67.69
201211231530,201211231600,-1.74628,0.0,120.3,5.783,17.45,4.1214,5.71144,4.78186,8.3738,205.477,-9999.0,12.96,71.0
201211231600,201211231630,-9999.0,1.0,43.75,3.779,16.44,3.91931,1.23171,4.51355,4.69961,94.3696,-9999.0,13.01,79.8
201211231630,201211231700,-9999.0,1.0,6.212,2.263,14.96,3.63132,-0.537894,4.12663,0.916652,5.50215,-9999.0,13.05,86.7
201211231700,201211231730,-9999.0,1.0,0.27,1.329,13.65,3.38324,-0.265715,3.79718,0.042564,0.0,-9999.0,13.08,91.5
201211231730,201211231800,-9999.0,1.0,0.007,0.838,13.26,3.30911,-0.335165,3.70617,0.001113,0.0,-9999.0,13.11,94.5
201211231800,201211231830,-9999.0,1.0,0.017,0.407,12.0,3.07925,-0.311099,3.40327,0.002717,0.0,-9999.0,13.14,97.1
201211231830,201211231900,-9999.0,1.0,0.022,0.067,11.29,2.95186,-0.374642,3.23987,0.003535,0.0,-9999.0,13.15,99.5
201211231900,201211231930,-9999.0,1.0,0.008,2.047,10.84,2.87158,-0.268672,3.13966,0.001293,0.0,-9999.0,13.16,84.2478
201211231930,201211232000,-9999.0,1.0,0.007,1.95,10.16,2.75312,-0.123177,2.98822,0.001137,0.0,-9999.0,13.17,84.2908
201211232000,201211232030,-9999.0,1.0,0.017,1.444,9.7,2.67363,0.071134,2.88874,0.002777,0.0,-9999.0,13.16,88.0083
201211232030,201211232100,-9999.0,1.0,0.008,1.646,9.76,2.68182,0.060762,2.90588,0.001314,0.0,-9999.0,13.16,86.3787
201211232100,201211232130,-9999.0,1.0,0.003,2.274,9.42,2.62321,0.256351,2.83364,0.000495,0.0,-9999.0,13.14,80.7546
201211232130,201211232200,-9999.0,1.0,0.002,2.105,8.61,2.48842,0.320125,2.65992,0.000332,0.0,-9999.0,13.13,81.1778
201211232200,201211232230,-9999.0,1.0,0.009,1.25,8.34,2.44307,0.383511,2.60493,0.001502,0.0,-9999.0,13.11,88.619
201211232230,201211232300,-9999.0,1.0,0.082,1.895,8.83,2.52071,0.417578,2.71352,0.013743,0.0,-9999.0,13.09,83.3072
201211232300,201211232330,-9999.0,1.0,0.186,2.104,8.19,2.4156,0.409426,2.57828,0.0313,0.0,-9999.0,13.06,80.6453
201211232330,201211240000,-9999.0,1.0,0.148,1.841,7.92,2.37092,0.476978,2.52355,0.025045,0.0,-9999.0,13.02,82.7494
201211240000,201211240030,-9999.0,1.0,0.019,1.886,7.99,2.38036,0.521492,2.5408,0.003236,0.0,-9999.0,12.99,82.4135
201211240030,201211240100,-9999.0,1.0,0.022,2.091,7.32,2.27342,0.623824,2.40402,0.003741,0.0,-9999.0,12.96,79.5842
201211240100,201211240130,-9999.0,1.0,0.021,2.002,6.68,2.17336,0.846625,2.27635,0.003564,0.0,-9999.0,12.92,79.5804
201211240130,201211240200,-9999.0,1.0,0.0,1.709,6.402,2.12971,0.854152,2.22312,0.0,0.0,-9999.0,12.89,82.2285
201211240200,201211240230,-9999.0,1.0,0.0,1.395,6.87,2.19928,0.775851,2.32038,0.0,0.0,-9999.0,12.85,85.9549
201211240230,201211240300,-9999.0,1.0,0.0,2.01,6.836,2.19254,0.884418,2.31617,0.0,0.0,-9999.0,12.81,79.7183
201211240300,201211240330,-9999.0,1.0,0.0,1.921,6.789,2.18383,1.00209,2.30922,0.0,0.0,-9999.0,12.77,80.5523
201211240330,201211240400,-9999.0,1.0,0.07,2.052,5.816,2.03643,0.817332,2.11528,0.011768,0.0,-9999.0,12.73,77.7784
201211240400,201211240430,-13.1995,0.0,0.204,1.577,6.757,2.17588,15.5806,2.30798,0.034184,0.0,-9999.0,12.68,83.9988
201211240430,201211240500,-9999.0,1.0,0.151,2.044,7.22,2.2452,0.741976,2.40864,0.025271,0.0,-9999.0,12.63,79.9103
201211240500,201211240530,-9999.0,1.0,0.003,2.253,6.242,2.09527,1.12494,2.20668,0.000502,0.0,-9999.0,12.59,76.3133
201211240530,201211240600,-9999.0,1.0,0.0,1.631,5.841,2.03436,0.979473,2.12753,0.0,0.0,-9999.0,12.54,82.3692
201211240600,201211240630,-9999.0,1.0,0.0,1.838,6.587,2.14403,1.24923,2.28284,0.0,0.0,-9999.0,12.5,81.1273
201211240630,201211240700,-9999.0,1.0,0.145,1.427,6.859,2.18368,1.08181,2.34318,0.024093,0.0,-9999.0,12.46,85.6206
201211240700,201211240730,6.95858,0.0,5.004,2.139,7.4,2.265,-4.50254,2.46412,0.78934,8.30513,-9999.0,12.42,79.2351
201211240730,201211240800,-9999.0,1.0,27.98,1.968,6.463,2.12086,1.55814,2.26408,3.58282,102.135,-9999.0,12.37,79.6253
201211240800,201211240830,-5.36002,0.0,58.11,1.662,7.37,2.25716,7.80862,2.46411,5.97822,212.302,-9999.0,12.33,83.8278
201211240830,201211240900,-9999.0,1.0,73.8,1.921,8.13,2.37396,3.1114,2.6416,6.88974,313.098,-9999.0,12.29,82.2607
201211240900,201211240930,-9999.0,1.0,160.8,1.55,9.01,2.51261,5.54823,2.85749,9.95379,402.799,-9999.0,12.26,86.5103
201211240930,201211241000,-9999.0,1.0,224.6,1.728,10.66,2.7831,8.74062,3.28838,11.1649,479.87,-9999.0,12.22,86.5374
201211241000,201211241030,-9.45473,0.0,254.8,2.229,11.98,3.00717,12.527,3.66388,11.596,542.992,-9999.0,12.19,84.0886
201211241030,201211241100,-9.81458,0.0,342.8,3.321,13.75,3.31897,13.1364,4.206,12.5132,591.086,-9999.0,12.17,78.8889
201211241100,201211241130,-9999.0,1.0,300.9,0.068,14.96,3.53797,11.7804,4.60961,12.1446,623.328,-9999.0,12.15,99.6
201211241130,201211241200,-9999.0,1.0,380.1,2.159,16.09,3.74681,10.2841,5.01047,12.8309,639.166,-9999.0,12.14,88.2
201211241200,201211241230,-5.79424,0.0,270.8,4.655,17.21,3.95782,9.61194,5.4306,11.8397,638.331,-9999.0,12.14,76.3
201211241230,201211241300,-6.20335,0.0,343.3,6.251,17.91,4.09056,10.1217,5.71386,12.5785,620.835,-9999.0,12.15,69.55
201211241300,201211241330,-5.89368,0.0,310.7,7.032,18.47,4.19713,9.89215,5.95333,12.297,586.978,-9999.0,12.17,66.93
201211241330,201211241400,-5.2521,0.0,296.3,7.926,18.89,4.27684,9.31007,6.14469,12.1638,537.341,-9999.0,12.21,63.69
201211241400,201211241430,-4.35637,0.0,256.8,8.185,19.06,4.30738,8.43672,6.23984,11.7116,472.771,-9999.0,12.26,62.9
201211241430,201211241500,-9999.0,1.0,178.5,7.596,18.56,4.20578,7.51509,6.06566,10.4127,394.374,-9999.0,12.31,64.48
201211241500,201211241530,-9999.0,1.0,92.7,6.157,17.52,4.00049,4.38647,5.68083,7.78485,303.491,-9999.0,12.36,69.26
201211241530,201211241600,-9999.0,1.0,62.0,4.786,16.25,3.75553,2.9399,5.22029,6.17874,201.677,-9999.0,12.42,74.1
201211241600,201211241630,0.049428,0.0,27.14,3.693,15.4,3.59398,3.48319,4.92747,3.43381,90.6743,-9999.0,12.47,78.9
201211241630,201211241700,-9999.0,1.0,5.985,2.02,14.16,3.3644,-0.456678,4.50613,0.905601,4.45607,-9999.0,12.51,87.5
201211241700,201211241730,-9999.0,1.0,0.137,1.5,12.87,3.13206,-0.344369,4.08664,0.021891,0.0,-9999.0,12.55,89.9
201211241730,201211241800,-9999.0,1.0,0.0,0.845,12.57,3.07729,-0.330354,4.00046,0.0,0.0,-9999.0,12.59,94.2
201211241800,201211241830,-9999.0,1.0,0.0,0.461,11.95,2.96774,-0.357185,3.81274,0.0,0.0,-9999.0,12.62,96.7
201211241830,201211241900,-9999.0,1.0,0.0,0.04,11.34,2.86159,-0.415839,3.63192,0.0,0.0,-9999.0,12.64,99.7
201211241900,201211241930,-9999.0,1.0,0.0,2.462,10.76,2.76212,-0.352451,3.46394,0.0,0.0,-9999.0,12.66,80.9498
201211241930,201211242000,-9999.0,1.0,0.0,2.103,10.24,2.67406,-0.178174,3.31704,0.0,0.0,-9999.0,12.67,83.1486
201211242000,201211242030,-9999.0,1.0,0.0,2.053,9.99,2.63118,-0.108499,3.25084,0.0,0.0,-9999.0,12.67,83.2776
201211242030,201211242100,-9999.0,1.0,0.0,2.072,9.96,2.62439,-0.062859,3.24872,0.0,0.0,-9999.0,12.67,83.0844
201211242100,201211242130,-9999.0,1.0,0.033,2.237,9.84,2.60298,0.042135,3.22025,0.005198,0.0,-9999.0,12.67,81.5923
201211242130,201211242200,-9999.0,1.0,0.147,2.257,9.76,2.58813,0.14365,3.2033,0.023085,0.0,-9999.0,12.66,81.3263
201211242200,201211242230,-9999.0,1.0,0.146,2.235,9.64,2.56688,0.26178,3.17459,0.022884,0.0,-9999.0,12.65,81.363
201211242230,201211242300,-9999.0,1.0,0.022,2.077,9.45,2.53448,0.395872,3.1255,0.003446,0.0,-9999.0,12.63,82.4549
201211242300,201211242330,-9999.0,1.0,0.024,2.116,9.06,2.4705,0.506157,3.01938,0.003751,0.0,-9999.0,12.62,81.6468
201211242330,201211250000,-9999.0,1.0,0.016,1.851,8.96,2.45289,0.549658,2.99629,0.002496,0.0,-9999.0,12.61,83.8374
201211250000,201211250030,-9999.0,1.0,0.008,2.158,8.47,2.37432,0.65155,2.86402,0.001246,0.0,-9999.0,12.59,80.5183
201211250030,201211250100,-9999.0,1.0,0.007,2.173,7.91,2.28621,0.699561,2.71581,0.001088,0.0,-9999.0,12.58,79.6274
201211250100,201211250130,-9999.0,1.0,0.002,2.046,7.53,2.22679,0.753716,2.61867,0.00031,0.0,-9999.0,12.56,80.3076
201211250130,201211250200,-9999.0,1.0,0.003,2.078,7.2,2.17558,0.879405,2.53604,0.000464,0.0,-9999.0,12.54,79.5501
201211250200,201211250230,-9999.0,1.0,0.024,1.963,7.21,2.17549,0.878982,2.54176,0.003708,0.0,-9999.0,12.51,80.693
201211250230,201211250300,0.38372,0.0,0.159,2.097,7.18,2.16943,1.97649,2.5371,0.024484,0.0,-9999.0,12.49,79.3291
201211250300,201211250330,-9999.0,1.0,0.191,1.986,6.775,2.10786,1.21579,2.43596,0.029345,0.0,-9999.0,12.45,79.8764
201211250330,201211250400,-9999.0,1.0,0.1,1.997,6.867,2.11987,1.02751,2.46219,0.015346,0.0,-9999.0,12.42,79.8904
201211250400,201211250430,8.48138,0.0,0.037,2.314,6.258,2.02943,-6.24375,2.31141,0.00567,0.0,-9999.0,12.39,75.7004
201211250430,201211250500,5.07888,0.0,0.004,2.065,5.741,1.95392,-2.90783,2.18784,0.000612,0.0,-9999.0,12.35,77.5188
201211250500,201211250530,1.25658,0.0,0.0,2.127,5.661,1.94116,0.902902,2.17047,0.0,0.0,-9999.0,12.32,76.7187
201211250530,201211250600,0.681027,0.0,0.001,2.105,5.502,1.91733,1.45709,2.13436,0.000152,0.0,-9999.0,12.28,76.7097
201211250600,201211250630,1.88458,0.0,0.0,2.043,5.744,1.95006,0.28211,2.1938,0.0,0.0,-9999.0,12.24,77.7657
201211250630,201211250700,-9999.0,1.0,0.208,2.093,5.411,1.90177,0.808694,2.11587,0.03151,0.0,-9999.0,12.2,76.6874
201211250700,201211250730,-9999.0,1.0,3.172,1.707,5.963,1.97829,1.10108,2.25097,0.467326,5.74277,-9999.0,12.16,81.7003
201211250730,201211250800,-9999.0,1.0,28.38,1.984,6.57,2.06414,1.39228,2.40677,3.43622,94.7343,-9999.0,12.12,79.6051
201211250800,201211250830,-9999.0,1.0,49.16,2.323,6.762,2.09057,1.69153,2.45954,5.19787,205.08,-9999.0,12.08,76.44
201211250830,201211250900,-9999.0,1.0,95.2,2.01,6.721,2.08306,5.21674,2.4514,7.88367,306.124,-9999.0,12.04,79.5598
201211250900,201211250930,-9999.0,1.0,182.0,1.501,8.62,2.36635,6.17611,2.99159,10.7321,396.138,-9999.0,12.01,86.5907
201211250930,201211251000,-10.7253,0.0,233.6,1.775,10.51,2.66365,13.4969,3.60485,11.7766,473.581,-9999.0,11.97,86.0378
201211251000,201211251030,-10.2557,0.0,282.8,2.51,12.77,3.03833,13.3317,4.44086,12.5333,537.129,-9999.0,11.94,82.9929
201211251030,201211251100,-12.18,0.0,328.4,0.034,15.15,3.45345,15.5842,5.44866,13.0951,585.693,-9999.0,11.92,99.8
201211251100,201211251130,-5.87179,0.0,357.6,1.353,15.67,3.5447,9.34664,5.7008,13.4081,618.444,-9999.0,11.9,92.4
201211251130,201211251200,-6.71139,0.0,379.2,3.378,16.49,3.69175,10.2995,6.10459,13.6232,634.82,-9999.0,11.89,82.0
201211251200,201211251230,-7.72288,0.0,261.6,5.044,17.32,3.84264,11.4263,6.53305,12.281,634.542,-9999.0,11.89,74.5
201211251230,201211251300,-6.98916,0.0,358.7,6.088,17.94,3.95588,10.7783,6.87255,13.4663,617.614,-9999.0,11.89,70.4
201211251300,201211251330,-4.41122,0.0,299.7,7.124,18.42,4.04357,8.26619,7.14974,12.8303,584.325,-9999.0,11.92,66.39
201211251330,201211251400,-4.42099,0.0,127.0,6.193,17.54,3.87511,8.1475,6.71226,9.17951,535.247,-9999.0,11.97,69.12
201211251400,201211251430,-9999.0,1.0,63.63,4.254,16.33,3.64884,2.93619,6.12532,6.1553,471.217,-9999.0,12.02,77.1
201211251430,201211251500,-9999.0,1.0,164.4,4.495,16.2,3.62243,6.8028,6.08101,10.3531,393.332,-9999.0,12.07,75.6
201211251500,201211251530,-9999.0,1.0,166.8,5.736,17.21,3.80519,7.01109,6.60891,10.4234,302.925,-9999.0,12.12,70.8
201211251530,201211251600,-9999.0,1.0,99.2,5.308,16.99,3.76172,4.33478,6.51719,8.06464,201.542,-9999.0,12.16,72.6
201211251600,201211251630,-9999.0,1.0,46.71,4.152,16.09,3.5944,1.09168,6.08386,4.95422,90.9175,-9999.0,12.2,77.3
201211251630,201211251700,0.665949,0.0,6.025,2.461,14.92,3.38202,2.67638,5.53854,0.836985,4.57746,-9999.0,12.24,85.5
201211251700,201211251730,-9999.0,1.0,0.16,0.91,13.97,3.21283,-0.649933,5.11892,0.023229,0.0,-9999.0,12.28,94.3
201211251730,201211251800,-9999.0,1.0,0.0,0.327,13.58,3.143,-0.604851,4.95949,0.0,0.0,-9999.0,12.31,97.9
201211251800,201211251830,-9999.0,1.0,0.0,0.088,12.62,2.97717,-0.526508,4.55987,0.0,0.0,-9999.0,12.34,99.4
201211251830,201211251900,-9999.0,1.0,0.0,2.604,11.93,2.85968,-0.516282,4.28694,0.0,0.0,-9999.0,12.36,81.3568
201211251900,201211251930,-9999.0,1.0,0.0,2.681,11.38,2.76705,-0.545995,4.07767,0.0,0.0,-9999.0,12.38,80.0876
201211251930,201211252000,-9999.0,1.0,0.001,2.263,10.59,2.6372,-0.487378,3.7833,0.000144,0.0,-9999.0,12.39,82.2904
201211252000,201211252030,-9999.0,1.0,0.001,2.25,9.92,2.52893,-0.058741,3.54442,0.000144,0.0,-9999.0,12.4,81.5875
201211252030,201211252100,-9999.0,1.0,0.001,1.935,9.48,2.45829,0.482033,3.39432,0.000143,0.0,-9999.0,12.4,83.6856
201211252100,201211252130,-9999.0,1.0,0.0,1.989,9.31,2.43012,0.492261,3.34071,0.0,0.0,-9999.0,12.4,83.0367
201211252130,201211252200,-9999.0,1.0,0.0,2.017,9.19,2.40981,0.67311,3.30463,0.0,0.0,-9999.0,12.4,82.6638
201211252200,201211252230,-9999.0,1.0,0.0,2.191,9.02,2.38192,0.69463,3.25134,0.0,0.0,-9999.0,12.39,80.9498
201211252230,201211252300,-9999.0,1.0,0.0,2.203,8.52,2.30422,0.60534,3.08704,0.0,0.0,-9999.0,12.38,80.1868
201211252300,201211252330,3.30789,0.0,0.107,2.212,8.05,2.23216,-0.908351,2.93713,0.01515,0.0,-9999.0,12.37,79.4527
201211252330,201211260000,-9999.0,1.0,0.201,2.153,7.52,2.15241,0.755586,2.77259,0.028379,0.0,-9999.0,12.35,79.271
201211260000,201211260030,1.35493,0.0,0.162,2.035,7.42,2.13621,0.961756,2.74489,0.02283,0.0,-9999.0,12.32,80.2666
201211260030,201211260100,-3.58135,0.0,0.036,1.825,7.3,2.11718,5.88131,2.71027,0.005065,0.0,-9999.0,12.3,82.1615
201211260100,201211260130,-9999.0,1.0,0.002,2.019,7.18,2.09823,0.846044,2.67592,0.000281,0.0,-9999.0,12.28,80.1058
201211260130,201211260200,-9999.0,1.0,0.0,2.061,7.08,2.08226,1.01867,2.64791,0.0,0.0,-9999.0,12.25,79.5447
201211260200,201211260230,-9999.0,1.0,0.0,2.251,7.0,2.06921,1.04464,2.6261,0.0,0.0,-9999.0,12.22,77.5347
201211260230,201211260300,-9999.0,1.0,0.0,2.02,6.782,2.03655,1.14575,2.56318,0.0,0.0,-9999.0,12.19,79.5428
201211260300,201211260330,-9999.0,1.0,0.0,1.923,7.02,2.06895,1.00614,2.63696,0.0,0.0,-9999.0,12.16,80.8334
201211260330,201211260400,-0.406,0.0,0.0,1.916,7.53,2.14091,2.72427,2.79708,0.0,0.0,-9999.0,12.13,81.5656
201211260400,201211260430,-9999.0,1.0,0.0,2.042,7.51,2.13639,0.738669,2.79332,0.0,0.0,-9999.0,12.09,80.3245
201211260430,201211260500,-9999.0,1.0,0.058,1.842,7.35,2.11162,0.845321,2.74572,0.007983,0.0,-9999.0,12.06,82.0526
201211260500,201211260530,-9999.0,1.0,0.125,1.949,7.67,2.15639,0.717703,2.84923,0.01715,0.0,-9999.0,12.02,81.4275
201211260530,201211260600,-9999.0,1.0,0.131,2.358,7.03,2.06255,0.998896,2.65205,0.017923,0.0,-9999.0,11.99,76.5238
201211260600,201211260630,-9999.0,1.0,0.035,2.254,6.269,1.95383,0.995093,2.42924,0.004779,0.0,-9999.0,11.96,76.3441
201211260630,201211260700,-9999.0,1.0,0.275,1.902,5.829,1.89164,0.866161,2.30719,0.037378,0.0,-9999.0,11.93,79.4283
201211260700,201211260730,-9999.0,1.0,4.325,1.953,6.503,1.98348,0.913554,2.5016,0.569892,4.72552,-9999.0,11.9,79.8375
201211260730,201211260800,-9999.0,1.0,13.92,2.219,5.984,1.91002,0.843161,2.35473,1.71644,91.2613,-9999.0,11.87,76.2496
201211260800,201211260830,-3.05732,0.0,67.03,1.768,6.36,1.96053,5.21637,2.46439,6.15964,201.508,-9999.0,11.83,81.5592
201211260830,201211260900,-9.65759,0.0,141.8,1.764,8.69,2.2949,12.1034,3.20794,9.61787,302.461,-9999.0,11.8,84.3114
201211260900,201211260930,-4.60543,0.0,195.9,1.761,10.53,2.57455,7.2843,3.89133,11.1803,392.394,-9999.0,11.77,86.1652
201211260930,201211261000,-4.73466,0.0,253.2,2.096,11.54,2.73273,7.54279,4.3057,12.3822,469.768,-9999.0,11.74,84.5968
201211261000,201211261030,-7.90307,0.0,235.5,2.875,12.8,2.93575,10.8749,4.86041,12.0447,533.259,-9999.0,11.71,80.5592
201211261030,201211261100,-8.2671,0.0,263.7,3.477,13.96,3.12736,11.3913,5.41024,12.5647,581.779,-9999.0,11.68,78.2024
201211261100,201211261130,-6.11514,0.0,377.9,0.92,15.87,3.4541,9.49489,6.39482,14.1199,614.5,-9999.0,11.67,94.9
201211261130,201211261200,-5.50845,0.0,197.8,2.592,16.28,3.52363,8.9415,6.62437,11.2017,630.862,-9999.0,11.67,86.0
201211261200,201211261230,-4.1051,0.0,180.0,2.683,16.16,3.49977,7.51919,6.56428,10.7364,630.584,-9999.0,11.69,85.4
201211261230,201211261300,-4.03025,0.0,176.5,2.752,16.03,3.47423,7.42404,6.49902,10.6339,613.671,-9999.0,11.71,84.9
201211261300,201211261330,-5.13741,0.0,339.5,4.75,17.2,3.67903,8.68835,7.16312,13.6866,580.413,-9999.0,11.74,75.8
201211261330,201211261400,-4.74156,0.0,171.8,5.927,17.46,3.72286,8.32544,7.32126,10.4882,531.378,-9999.0,11.77,70.3
201211261400,201211261430,-1.84087,0.0,112.0,5.408,16.72,3.58788,5.3208,6.90073,8.37339,467.406,-9999.0,11.82,71.6
201211261430,201211261500,-1.60465,0.0,68.35,5.009,16.31,3.51271,5.02611,6.67678,6.11273,389.591,-9999.0,11.88,73.0
201211261500,201211261530,-1.06901,0.0,69.1,4.629,16.03,3.4609,4.44988,6.52821,6.14889,299.265,-9999.0,11.93,74.6
201211261530,201211261600,-1.67893,0.0,92.2,4.817,16.23,3.49326,5.08431,6.64431,7.42164,197.973,-9999.0,11.99,73.9
201211261600,201211261630,-9999.0,1.0,22.74,3.763,15.4,3.34616,-0.031023,6.19964,2.5497,87.4479,-9999.0,12.04,78.5
201211261630,201211261700,-9999.0,1.0,3.298,2.35,14.21,3.14067,-0.865109,5.59244,0.415175,3.67419,-9999.0,12.09,85.5
201211261700,201211261730,1.22786,0.0,0.081,1.542,13.44,3.00964,1.79663,5.22167,0.010383,0.0,-9999.0,12.13,90.0
201211261730,201211261800,-9999.0,1.0,0.0,1.112,13.04,2.94138,-0.584363,5.03742,0.0,0.0,-9999.0,12.17,92.6
201211261800,201211261830,-9999.0,1.0,0.0,0.701,12.29,2.81713,-0.414375,4.69921,0.0,0.0,-9999.0,12.21,95.1
201211261830,201211261900,-9999.0,1.0,0.008,0.428,11.27,2.65255,-0.376019,4.26141,0.001017,0.0,-9999.0,12.23,96.8
201211261900,201211261930,-9999.0,1.0,0.022,0.026,10.82,2.58016,-0.195233,4.07889,0.002788,0.0,-9999.0,12.25,99.8
201211261930,201211262000,-9999.0,1.0,0.129,2.257,10.87,2.58593,-0.158665,4.10296,0.016288,0.0,-9999.0,12.26,82.6593
201211262000,201211262030,-9999.0,1.0,0.172,1.945,10.38,2.50826,-0.054658,3.90883,0.021647,0.0,-9999.0,12.27,84.5665
201211262030,201211262100,-9999.0,1.0,0.133,1.796,10.14,2.46962,0.063691,3.81765,0.016693,0.0,-9999.0,12.27,85.5114
201211262100,201211262130,-9999.0,1.0,0.059,1.919,9.89,2.42976,0.155885,3.72395,0.007386,0.0,-9999.0,12.26,84.2604
201211262130,201211262200,-9999.0,1.0,0.013,1.802,9.66,2.39321,0.459041,3.6393,0.001623,0.0,-9999.0,12.26,84.9927
201211262200,201211262230,-9999.0,1.0,0.006,2.05,9.92,2.43051,0.167949,3.74212,0.000747,0.0,-9999.0,12.25,83.2231
201211262230,201211262300,-9999.0,1.0,0.0,2.088,9.91,2.42711,0.172454,3.74156,0.0,0.0,-9999.0,12.24,82.8956
201211262300,201211262330,-9999.0,1.0,0.0,2.256,9.63,2.38313,0.447534,3.63755,0.0,0.0,-9999.0,12.23,81.1698
201211262330,201211270000,-9999.0,1.0,0.001,2.131,9.46,2.35589,0.489172,3.57654,0.000123,0.0,-9999.0,12.21,82.0114
201211270000,201211270030,-9999.0,1.0,0.0,2.051,9.48,2.35703,0.489737,3.58721,0.0,0.0,-9999.0,12.19,82.7125
201211270030,201211270100,-9999.0,1.0,0.0,1.903,9.82,2.40601,0.260005,3.71996,0.0,0.0,-9999.0,12.17,84.3215
201211270100,201211270130,-9999.0,1.0,0.084,1.972,9.88,2.41314,0.227594,3.74643,0.010261,0.0,-9999.0,12.15,83.8133
201211270130,201211270200,-9999.0,1.0,0.148,2.214,10.06,2.43835,0.095827,3.81996,0.018016,0.0,-9999.0,12.12,82.0441
201211270200,201211270230,-9999.0,1.0,0.061,2.536,9.87,2.40787,0.222413,3.74913,0.007407,0.0,-9999.0,12.09,79.1738
201211270230,201211270300,-9999.0,1.0,0.0,2.443,9.69,2.37906,0.418101,3.68296,0.0,0.0,-9999.0,12.07,79.6964
201211270300,201211270330,-9999.0,1.0,0.0,2.5,9.68,2.37571,0.41491,3.68235,0.0,0.0,-9999.0,12.05,79.2085
201211270330,201211270400,-9999.0,1.0,0.0,2.488,9.66,2.37086,0.433779,3.6779,0.0,0.0,-9999.0,12.03,79.2763
201211270400,201211270430,-9999.0,1.0,0.0,2.551,9.97,2.4153,0.116174,3.80134,0.0,0.0,-9999.0,12.02,79.1941
201211270430,201211270500,0.851304,0.0,0.0,2.726,10.47,2.4888,1.74087,4.0041,0.0,0.0,-9999.0,12.0,78.4968
201211270500,201211270530,0.558203,0.0,0.0,3.024,10.88,2.54935,2.08344,4.17627,0.0,0.0,-9999.0,11.98,76.783
201211270530,201211270600,-1.76737,0.0,0.0,3.149,11.27,2.60736,4.45613,4.3447,0.0,0.0,-9999.0,11.96,76.4478
201211270600,201211270630,-9999.0,1.0,0.0,0.0,11.75,2.67989,-0.087496,4.55717,0.0,0.0,-9999.0,11.95,100.0
201211270630,201211270700,-9999.0,1.0,0.041,0.616,12.31,2.7658,-0.080874,4.81283,0.00484,0.0,-9999.0,11.93,95.7
201211270700,201211270730,-0.408868,0.0,1.689,0.929,12.76,2.83512,3.28087,5.02574,0.196848,3.84792,-9999.0,11.91,93.7
201211270730,201211270800,2.50918,0.0,12.9,0.872,12.8,2.83926,0.365698,5.04895,1.4088,87.906,-9999.0,11.89,94.1
201211270800,201211270830,-0.930466,0.0,32.49,0.522,12.94,2.8594,3.82104,5.1197,3.20628,198.056,-9999.0,11.89,96.5
201211270830,201211270900,-9999.0,1.0,49.14,0.606,13.96,3.0221,1.01666,5.62479,4.4845,298.922,-9999.0,11.89,96.2
201211270900,201211270930,-9999.0,1.0,76.9,0.977,14.81,3.15978,2.6105,6.06992,6.25031,388.776,-9999.0,11.89,94.2
201211270930,201211271000,-9999.0,1.0,96.6,1.445,15.32,3.24239,3.33008,6.34957,7.28758,466.082,-9999.0,11.89,91.7
201211271000,201211271030,-2.68185,0.0,124.0,1.624,15.53,3.27508,5.89882,6.47034,8.51499,529.517,-9999.0,11.9,90.8
201211271030,201211271100,0.659195,0.0,75.3,1.342,15.33,3.23892,2.52908,6.36602,6.12831,577.995,-9999.0,11.92,92.3
201211271100,201211271130,-1.30438,0.0,120.6,1.317,15.45,3.25645,4.50582,6.43738,8.3554,610.688,-9999.0,11.94,92.5
201211271130,201211271200,-3.22407,0.0,175.8,1.896,16.19,3.37874,6.51995,6.85877,10.3288,627.035,-9999.0,11.97,89.7
201211271200,201211271230,-0.120607,0.0,92.6,2.083,16.63,3.45106,3.47176,7.11979,7.0376,626.757,-9999.0,12.0,89.0
201211271230,201211271300,-0.780213,0.0,108.8,1.92,16.54,3.43293,4.11688,7.07323,7.80968,609.859,-9999.0,12.03,89.8
201211271300,201211271330,-2.06126,0.0,115.2,2.024,16.47,3.41826,5.38608,7.03847,8.08677,576.63,-9999.0,12.07,89.2
201211271330,201211271400,1.85384,0.0,72.9,1.857,16.48,3.41724,1.46967,7.05036,5.92831,527.638,-9999.0,12.12,90.1
201211271400,201211271430,0.334603,0.0,80.4,1.568,16.6,3.43495,3.00202,7.12669,6.34764,463.722,-9999.0,12.16,91.7
201211271430,201211271500,0.005519,0.0,91.4,1.885,16.72,3.45267,3.34421,7.20357,6.92676,385.975,-9999.0,12.21,90.1
201211271500,201211271530,2.95591,0.0,87.3,2.49,17.06,3.50808,0.435831,7.41274,6.70258,295.728,-9999.0,12.25,87.2
201211271530,201211271600,2.87605,0.0,32.32,2.422,16.87,3.47275,0.488045,7.30514,3.07802,194.524,-9999.0,12.3,87.4
201211271600,201211271630,9.27284,0.0,7.94,2.217,16.78,3.45462,-5.92322,7.25774,0.845576,84.096,-9999.0,12.34,88.4
201211271630,201211271700,-9999.0,1.0,0.401,1.344,16.41,3.38903,-0.89487,7.04574,0.044225,2.90669,-9999.0,12.38,92.8
201211271700,201211271730,3.6857,0.0,0.021,2.01,16.51,3.40324,-0.376699,7.11039,0.002313,0.0,-9999.0,12.42,89.3
201211271730,201211271800,4.34059,0.0,0.0,2.26,16.68,3.42932,-1.01203,7.2169,0.0,0.0,-9999.0,12.47,88.1
201211271800,201211271830,5.33722,0.0,0.0,2.046,16.64,3.41979,-2.01653,7.19933,0.0,0.0,-9999.0,12.5,89.2
201211271830,201211271900,6.30278,0.0,0.0,1.534,16.44,3.38322,-3.0108,7.08744,0.0,0.0,-9999.0,12.54,91.8
201211271900,201211271930,2.72063,0.0,0.0,1.646,16.44,3.3805,0.56872,7.09348,0.0,0.0,-9999.0,12.57,91.2
201211271930,201211272000,5.44094,0.0,0.0,1.538,16.48,3.38452,-2.14902,7.12307,0.0,0.0,-9999.0,12.61,91.8
201211272000,201211272030,3.43119,0.0,0.0,1.632,16.67,3.41386,-0.117193,7.24174,0.0,0.0,-9999.0,12.64,91.4
201211272030,201211272100,4.32314,0.0,0.0,1.493,16.8,3.43309,-0.994885,7.32564,0.0,0.0,-9999.0,12.67,92.2
201211272100,201211272130,3.0181,0.0,0.0,1.009,16.72,3.4168,0.29709,7.28392,0.0,0.0,-9999.0,12.69,94.7
201211272130,201211272200,7.47243,0.0,0.027,0.34,16.59,3.39212,-4.17677,7.21254,0.002882,0.0,-9999.0,12.72,98.2
201211272200,201211272230,-9999.0,1.0,0.079,0.075,16.55,3.38265,-0.993108,7.19487,0.0084,0.0,-9999.0,12.74,99.6
201211272230,201211272300,-9999.0,1.0,0.014,0.0,16.61,3.39,-0.987976,7.23669,0.001484,0.0,-9999.0,12.76,100.0
201211272300,201211272330,3.55911,0.0,0.0,0.365,16.88,3.43274,-0.233808,7.40505,0.0,0.0,-9999.0,12.78,98.1
201211272330,201211280000,6.87019,0.0,0.0,0.52,16.91,3.43502,-3.54367,7.42948,0.0,0.0,-9999.0,12.81,97.3
201211280000,201211280030,3.35112,0.0,0.0,1.242,17.27,3.49315,0.019404,7.65619,0.0,0.0,-9999.0,12.84,93.7
201211280030,201211280100,4.76086,0.0,0.0,1.753,17.43,3.51749,-1.37228,7.7468,0.0,0.0,-9999.0,12.86,91.2
201211280100,201211280130,3.25665,0.0,0.002,0.919,17.14,3.46548,0.091601,7.5593,0.000208,0.0,-9999.0,12.88,95.3
201211280130,201211280200,3.53848,0.0,0.002,0.754,16.95,3.43062,-0.217503,7.43519,0.000207,0.0,-9999.0,12.9,96.1
201211280200,201211280230,4.30962,0.0,0.0,1.698,17.29,3.4852,-0.947365,7.63446,0.0,0.0,-9999.0,12.93,91.4
201211280230,201211280300,4.33366,0.0,0.0,2.519,17.49,3.51623,-0.948236,7.74953,0.0,0.0,-9999.0,12.95,87.4
201211280300,201211280330,5.88169,0.0,0.0,2.538,17.48,3.51167,-2.5003,7.73467,0.0,0.0,-9999.0,12.97,87.3
201211280330,201211280400,-9999.0,1.0,0.029,2.49,17.56,3.52237,-1.28164,7.77566,0.002949,0.0,-9999.0,12.99,87.6
201211280400,201211280430,-9999.0,1.0,0.006,2.599,17.49,3.50764,-1.29343,7.72355,0.000607,0.0,-9999.0,13.01,87.0
201211280430,201211280500,5.99292,0.0,0.0,2.663,17.28,3.46932,-2.64554,7.58574,0.0,0.0,-9999.0,13.03,86.5
201211280500,201211280530,2.94251,0.0,0.0,2.93,17.23,3.45807,0.39572,7.54671,0.0,0.0,-9999.0,13.06,85.1
201211280530,201211280600,4.66136,0.0,0.0,3.16,17.2,3.4502,-1.3297,7.51997,0.0,0.0,-9999.0,13.08,83.9
201211280600,201211280630,5.70374,0.0,0.001,1.842,16.36,3.30739,-2.48243,7.0118,9.9e-05,0.0,-9999.0,13.11,90.1
201211280630,201211280700,4.97395,0.0,0.013,0.509,15.44,3.15389,-1.87226,6.48123,0.001287,0.0,-9999.0,13.14,97.1
201211280700,201211280730,1.27443,0.0,0.239,0.034,14.92,3.06729,1.75904,6.18985,0.023527,2.25287,-9999.0,13.16,99.8
201211280730,201211280800,-0.33436,0.0,0.565,0.167,13.17,2.78863,3.14673,5.28554,0.05528,80.8635,-9999.0,13.17,98.9
201211280800,201211280830,1.2476,0.0,0.528,1.945,11.78,2.57451,1.39171,4.62988,0.051432,191.198,-9999.0,13.18,85.9344
201211280830,201211280900,2.87924,0.0,0.612,1.766,11.86,2.58439,-0.23234,4.66052,0.059316,292.316,-9999.0,13.23,87.298
201211280900,201211280930,3.69549,0.0,4.086,1.81,12.06,2.61233,-1.02636,4.74563,0.38802,382.486,-9999.0,13.22,87.149
201211280930,201211281000,4.60485,0.0,5.758,1.483,12.76,2.71645,-1.85217,5.06502,0.540191,460.167,-9999.0,13.19,89.9444
201211281000,201211281030,3.27544,0.0,2.376,1.606,14.91,3.05059,-0.258047,6.14258,0.225268,524.029,-9999.0,13.15,90.5329
201211281030,201211281100,3.39912,0.0,4.559,1.662,14.95,3.05447,-0.373945,6.15699,0.425993,572.979,-9999.0,13.09,90.2263
201211281100,201211281130,2.72807,0.0,29.1,1.642,15.58,3.15885,0.379271,6.49261,2.43788,606.18,-9999.0,13.06,90.7245
201211281130,201211281200,4.52735,0.0,26.43,2.008,15.66,3.17485,-1.40705,6.52949,2.22783,623.064,-9999.0,13.03,88.7147
201211281200,201211281230,5.37195,0.0,91.0,2.115,15.1,3.08732,-2.31958,6.21632,6.04189,623.342,-9999.0,13.02,87.6839
201211281230,201211281300,3.41598,0.0,74.6,2.711,14.07,2.92611,-0.490222,5.67117,5.20561,607.008,-9999.0,13.02,83.1213
201211281300,201211281330,2.99859,0.0,54.79,2.936,13.49,2.83789,-0.142551,5.37539,4.08086,574.344,-9999.0,13.03,81.0201
201211281330,201211281400,1.45063,0.0,56.92,0.571,12.27,2.65266,1.257,4.79232,4.18678,525.906,-9999.0,13.04,96.0
201211281400,201211281430,-9999.0,1.0,58.82,0.401,12.32,2.66279,1.40702,4.80963,4.27644,462.525,-9999.0,13.05,97.2
201211281430,201211281500,-9999.0,1.0,46.76,2.589,12.52,2.69587,0.757453,4.89591,3.53686,385.285,-9999.0,13.06,82.1683
201211281500,201211281530,0.555712,0.0,73.1,0.238,12.92,2.76,2.23974,5.077,5.00654,295.507,-9999.0,13.06,98.4
201211281530,201211281600,0.941915,0.0,53.62,0.577,12.8,2.74407,1.84116,5.01475,3.91559,194.727,-9999.0,13.06,96.1
201211281600,201211281630,9.75908,0.0,14.99,0.403,12.38,2.68208,-7.02555,4.8149,1.2689,84.6703,-9999.0,13.06,97.2
201211281630,201211281700,-9999.0,1.0,2.629,1.023,11.78,2.59334,0.610141,4.54084,0.23377,3.08794,-9999.0,13.05,92.6
201211281700,201211281730,1.37282,0.0,0.319,1.102,11.17,2.50422,1.21677,4.273,0.02852,0.0,-9999.0,13.04,91.7
201211281730,201211281800,1.24525,0.0,0.272,0.599,10.56,2.41629,1.27236,4.01579,0.024201,0.0,-9999.0,13.03,95.3
201211281800,201211281830,3.03869,0.0,0.132,0.319,10.55,2.4171,-0.52002,4.00709,0.011693,0.0,-9999.0,13.02,97.5
201211281830,201211281900,2.61969,0.0,0.037,0.178,10.55,2.41937,-0.098748,4.00246,0.003262,0.0,-9999.0,13.0,98.6
201211281900,201211281930,1.31922,0.0,0.049,2.48,10.14,2.36159,1.15424,3.8345,0.004298,0.0,-9999.0,12.98,79.9955
201211281930,201211282000,1.29608,0.0,0.011,2.546,10.26,2.38134,1.19416,3.87734,0.00096,0.0,-9999.0,12.96,79.6341
201211282000,201211282030,0.622192,0.0,0.017,2.663,10.3,2.38944,1.87514,3.88866,0.001476,0.0,-9999.0,12.94,78.7513
201211282030,201211282100,0.699846,0.0,0.0,0.259,10.79,2.46404,1.8595,4.08123,0.0,0.0,-9999.0,12.91,98.0
201211282100,201211282130,2.04131,0.0,0.0,0.691,10.89,2.48124,0.532594,4.11744,0.0,0.0,-9999.0,12.88,94.7
201211282130,201211282200,-9999.0,1.0,0.048,1.662,11.31,2.54658,0.628059,4.28735,0.004102,0.0,-9999.0,12.85,87.6
201211282200,201211282230,-9999.0,1.0,0.137,1.997,11.21,2.53389,0.658242,4.24038,0.011642,0.0,-9999.0,12.83,85.0
201211282230,201211282300,-9999.0,1.0,0.111,0.739,10.29,2.39918,0.689481,3.86211,0.009384,0.0,-9999.0,12.79,94.1
201211282300,201211282330,-0.036094,0.0,0.003,0.024,9.82,2.33257,2.48845,3.67567,0.000252,0.0,-9999.0,12.77,99.8
201211282330,201211290000,0.680699,0.0,0.0,2.382,9.92,2.34934,1.786,3.70954,0.0,0.0,-9999.0,12.73,80.5041
201211290000,201211290030,1.44808,0.0,0.0,2.421,9.9,2.34861,1.01839,3.69755,0.0,0.0,-9999.0,12.68,80.1539
201211290030,201211290100,0.311924,0.0,0.0,2.519,10.08,2.3772,2.1787,3.76234,0.0,0.0,-9999.0,12.64,79.6002
201211290100,201211290130,0.65543,0.0,0.0,2.44,9.95,2.36032,1.82153,3.70796,0.0,0.0,-9999.0,12.59,80.073
201211290130,201211290200,1.41193,0.0,0.0,2.204,9.68,2.32302,1.03433,3.60137,0.0,0.0,-9999.0,12.54,81.6683
201211290200,201211290230,-9999.0,1.0,0.0,2.252,9.89,2.3559,0.640576,3.67639,0.0,0.0,-9999.0,12.51,81.5316
201211290230,201211290300,-9999.0,1.0,0.0,2.374,9.77,2.3405,0.853398,3.62668,0.0,0.0,-9999.0,12.47,80.3708
201211290300,201211290330,1.49615,0.0,0.06,2.384,9.33,2.2786,0.914044,3.45936,0.00483,0.0,-9999.0,12.44,79.6991
201211290330,201211290400,-9999.0,1.0,0.114,2.09,8.88,2.21591,1.0004,3.29379,0.009124,0.0,-9999.0,12.41,81.6552
201211290400,201211290430,-9999.0,1.0,0.073,2.131,9.11,2.25101,1.05094,3.37169,0.005811,0.0,-9999.0,12.38,81.5781
201211290430,201211290500,-9999.0,1.0,0.062,2.23,8.87,2.21859,1.00337,3.28247,0.004907,0.0,-9999.0,12.36,80.4075
201211290500,201211290530,-0.249458,0.0,0.015,2.198,8.74,2.20202,2.59663,3.23306,0.001181,0.0,-9999.0,12.33,80.5241
201211290530,201211290600,0.36094,0.0,0.005,2.214,8.67,2.19405,1.97985,3.20492,0.000391,0.0,-9999.0,12.31,80.2889
201211290600,201211290630,-9999.0,1.0,0.001,2.086,8.68,2.19751,0.837498,3.20457,7.8e-05,0.0,-9999.0,12.28,81.4414
201211290630,201211290700,-9999.0,1.0,0.015,2.272,9.06,2.25419,0.858776,3.33393,0.00116,0.0,-9999.0,12.25,80.2939
201211290700,201211290730,-9999.0,1.0,0.322,2.106,8.91,2.2346,0.842637,3.27702,0.024732,1.69756,-9999.0,12.23,81.5493
201211290730,201211290800,0.40627,0.0,14.11,2.001,9.08,2.26124,1.99263,3.33307,1.01479,77.7525,-9999.0,12.2,82.6739
201211290800,201211290830,-9999.0,1.0,17.05,2.085,9.28,2.29242,0.748158,3.40046,1.20415,187.996,-9999.0,12.16,82.1871
201211290830,201211290900,-9999.0,1.0,9.21,2.098,9.37,2.30768,0.681803,3.4288,0.668422,289.031,-9999.0,12.13,82.1815
201211290900,201211290930,5.92902,0.0,21.99,2.143,9.44,2.32006,-3.47966,3.45001,1.50389,379.127,-9999.0,12.1,81.8873
201211290930,201211291000,2.45572,0.0,38.38,2.199,9.63,2.35018,0.019193,3.51512,2.44604,456.744,-9999.0,12.07,81.6443
201211291000,201211291030,0.84253,0.0,21.52,2.396,9.59,2.34642,1.62962,3.49627,1.45706,520.554,-9999.0,12.04,79.9494
201211291030,201211291100,1.24046,0.0,29.41,2.55,9.32,2.30881,1.20058,3.39443,1.91768,569.464,-9999.0,12.01,78.2708
201211291100,201211291130,0.436253,0.0,36.09,2.398,9.56,2.34628,2.03652,3.47694,2.27903,602.638,-9999.0,11.99,79.8889
201211291130,201211291200,-9999.0,1.0,48.43,2.299,9.56,2.34842,1.08686,3.47275,2.90229,619.507,-9999.0,11.96,80.7212
201211291200,201211291230,-9999.0,1.0,42.95,2.108,9.75,2.37878,0.839844,3.53796,2.61072,619.785,-9999.0,11.94,82.5487
201211291230,201211291300,2.62452,0.0,24.56,2.144,10.25,2.45593,-0.059395,3.72042,1.59325,603.465,-9999.0,11.91,82.8354
201211291300,201211291330,3.62309,0.0,98.2,2.455,10.72,2.52961,-0.996739,3.89699,4.8879,570.827,-9999.0,11.88,80.9545
201211291330,201211291400,0.119048,0.0,34.75,2.647,10.9,2.55953,2.5323,3.96302,2.13906,522.429,-9999.0,11.86,79.7109
201211291400,201211291430,-9999.0,1.0,26.02,2.348,10.8,2.54648,0.515074,3.91886,1.647,459.101,-9999.0,11.85,81.8778
201211291430,201211291500,-9999.0,1.0,18.82,2.699,10.56,2.51203,0.670737,3.8208,1.21866,381.924,-9999.0,11.83,78.8372
201211291500,201211291530,-9999.0,1.0,192.1,2.297,10.29,2.47318,5.57822,3.71305,7.23231,292.219,-9999.0,11.82,81.6564
201211291530,201211291600,-9999.0,1.0,51.06,2.347,10.85,2.56112,1.25017,3.92416,2.88402,191.522,-9999.0,11.81,81.9492
201211291600,201211291630,2.91195,0.0,15.92,2.337,11.11,2.60368,-0.222388,4.02208,1.02333,81.5561,-9999.0,11.81,82.3349
201211291630,201211291700,-9999.0,1.0,2.307,2.433,11.18,2.61692,0.691958,4.04508,0.156112,2.43045,-9999.0,11.8,81.6907
201211291700,201211291730,4.65669,0.0,0.044,2.389,10.67,2.54033,-2.01836,3.83991,0.002987,0.0,-9999.0,11.8,81.4015
201211291730,201211291800,3.80024,0.0,0.001,2.459,10.49,2.51497,-1.18242,3.76619,6.7e-05,0.0,-9999.0,11.8,80.6283
201211291800,201211291830,8.80951,0.0,0.027,2.505,10.3,2.48816,-6.21345,3.6897,0.001809,0.0,-9999.0,11.79,80.0136
201211291830,201211291900,-9999.0,1.0,0.073,0.025,10.38,2.50265,0.571962,3.7153,0.004857,0.0,-9999.0,11.79,99.8
201211291900,201211291930,-9999.0,1.0,0.0,0.386,10.69,2.5526,0.721043,3.82882,0.0,0.0,-9999.0,11.79,97.0
201211291930,201211292000,0.999658,0.0,0.04,0.554,10.71,2.55799,1.65519,3.83181,0.002626,0.0,-9999.0,11.79,95.7
201211292000,201211292030,2.37901,0.0,0.004,0.038,10.45,2.52017,0.245054,3.72801,0.000261,0.0,-9999.0,11.78,99.7
201211292030,201211292100,2.51664,0.0,0.001,2.214,10.26,2.49325,0.085567,3.65217,6.5e-05,0.0,-9999.0,11.78,82.2829
201211292100,201211292130,4.05085,0.0,0.002,2.215,10.03,2.46033,-1.47554,3.56271,0.000129,0.0,-9999.0,11.77,82.007
201211292130,201211292200,2.17211,0.0,0.001,2.206,9.8,2.42756,0.376338,3.47477,6.4e-05,0.0,-9999.0,11.76,81.7942
201211292200,201211292230,-9999.0,1.0,0.0,2.22,9.63,2.40399,0.762918,3.40963,0.0,0.0,-9999.0,11.76,81.476
201211292230,201211292300,-9999.0,1.0,0.003,2.214,9.47,2.382,0.81884,3.34885,0.000189,0.0,-9999.0,11.75,81.3236
201211292300,201211292330,-9999.0,1.0,0.006,2.158,9.01,2.31525,0.922134,3.18576,0.000375,0.0,-9999.0,11.75,81.2252
201211292330,201211300000,-9999.0,1.0,0.034,2.197,8.7,2.27135,0.739483,3.07768,0.002109,0.0,-9999.0,11.74,80.4756
201211300000,201211300030,3.49876,0.0,0.105,2.206,8.14,2.19129,-1.14729,2.89175,0.006465,0.0,-9999.0,11.73,79.6332
201211300030,201211300100,3.6417,0.0,0.153,2.056,7.75,2.13682,-1.33636,2.74374,0.009355,0.0,-9999.0,11.73,80.5087
201211300100,201211300130,-9999.0,1.0,0.241,2.134,7.28,2.07155,0.841148,2.57783,0.01463,0.0,-9999.0,11.72,79.1142
201211300130,201211300200,-9999.0,1.0,0.16,1.721,6.725,1.99524,0.597942,2.39564,0.00965,0.0,-9999.0,11.7,82.5034
201211300200,201211300230,-9999.0,1.0,0.305,1.721,7.09,2.0483,0.83061,2.47503,0.018256,0.0,-9999.0,11.69,82.9322
201211300230,201211300300,-9999.0,1.0,0.194,1.964,7.31,2.08135,0.833988,2.51371,0.011537,0.0,-9999.0,11.67,80.8157
201211300300,201211300330,-9999.0,1.0,0.086,1.873,7.34,2.08748,0.870683,2.4979,0.005081,0.0,-9999.0,11.64,81.7449
201211300330,201211300400,-9999.0,1.0,0.019,1.854,7.7,2.14103,0.885896,2.57618,0.001115,0.0,-9999.0,11.61,82.3675
201211300400,201211300430,-9999.0,1.0,0.007,1.783,8.05,2.19377,0.751371,2.65233,0.000408,0.0,-9999.0,11.59,83.4426
201211300430,201211300500,-9999.0,1.0,0.0,1.853,8.6,2.27676,0.75916,2.78931,0.0,0.0,-9999.0,11.56,83.4224
201211300500,201211300530,-9999.0,1.0,0.0,1.825,8.68,2.29068,0.759748,2.78544,0.0,0.0,-9999.0,11.53,83.7622
201211300530,201211300600,-9999.0,1.0,0.0,1.7,9.46,2.41031,0.847719,2.99688,0.0,0.0,-9999.0,11.51,85.6511
201211300600,201211300630,1.40697,0.0,0.0,2.003,9.41,2.40481,1.12889,2.95073,0.0,0.0,-9999.0,11.48,83.0355
201211300630,201211300700,1.4789,0.0,0.003,2.273,9.1,2.35987,1.01968,2.82577,0.000169,0.0,-9999.0,11.46,80.3445
201211300700,201211300730,0.774577,0.0,0.831,2.633,8.59,2.28534,1.66158,2.64671,0.046181,1.22962,-9999.0,11.44,76.4295
201211300730,201211300800,-9999.0,1.0,5.864,2.741,8.43,2.26353,0.679736,2.57345,0.316682,74.7646,-9999.0,11.42,75.1918
201211300800,201211300830,-9999.0,1.0,16.76,0.088,8.39,2.25957,0.839107,2.53486,0.859519,184.921,-9999.0,11.41,99.2
201211300830,201211300900,-9999.0,1.0,59.06,2.703,8.41,2.26454,2.30282,2.51304,2.57567,285.875,-9999.0,11.4,75.5006
201211300900,201211300930,-2.09028,0.0,91.5,0.723,8.99,2.3536,4.56565,2.64717,3.57082,375.9,-9999.0,11.39,93.7
201211300930,201211301000,-2.15033,0.0,110.3,1.471,9.72,2.46739,4.71538,2.8288,4.04342,453.456,-9999.0,11.37,87.8
201211301000,201211301030,-2.36328,0.0,156.0,1.539,10.03,2.5177,4.96491,2.88921,5.02202,517.215,-9999.0,11.36,87.5
201211301030,201211301100,-1.82311,0.0,146.5,2.131,10.57,2.6048,4.49092,3.01962,4.79852,566.086,-9999.0,11.35,83.3
201211301100,201211301130,-2.49643,0.0,180.5,2.904,10.74,2.63408,5.18302,3.03739,5.3973,599.233,-9999.0,11.34,77.5
201211301130,201211301200,0.504016,0.0,125.6,4.116,11.2,2.70448,2.23877,3.14448,4.28721,616.09,-9999.0,11.34,69.07
201211301200,201211301230,-1.03652,0.0,175.1,4.599,11.5,2.74961,3.81494,3.20193,5.22994,616.367,-9999.0,11.33,66.12
201211301230,201211301300,-3.50136,0.0,127.4,4.541,11.48,2.7431,6.27398,3.15837,4.26507,600.06,-9999.0,11.34,66.5
201211301300,201211301330,-0.651224,0.0,391.9,6.103,12.58,2.91956,3.56372,3.47192,7.61429,567.448,-9999.0,11.33,58.13
201211301330,201211301400,-2.62938,0.0,260.9,6.954,12.96,2.97914,5.58828,3.55604,6.33518,519.089,-9999.0,11.33,53.46
201211301400,201211301430,0.479044,0.0,112.4,5.937,11.86,2.79471,2.33306,3.16235,3.83514,455.81,-9999.0,11.34,57.29
201211301430,201211301500,-0.948605,0.0,138.5,5.367,11.58,2.74611,3.72128,3.03918,4.37094,378.695,-9999.0,11.36,60.67
201211301500,201211301530,-2.11972,0.0,137.9,5.543,11.77,2.77346,4.91367,3.0581,4.32622,289.061,-9999.0,11.38,59.89
201211301530,201211301600,-9999.0,1.0,44.15,4.916,11.0,2.64698,0.77448,2.79762,1.81955,188.444,-9999.0,11.39,62.56
201211301600,201211301630,-9999.0,1.0,17.89,4.453,10.27,2.52933,0.637304,2.56396,0.804489,78.5652,-9999.0,11.4,64.4
201211301630,201211301700,4.23092,0.0,3.023,3.353,9.1,2.34752,-1.78453,2.23699,0.142895,1.86438,-9999.0,11.41,71.0
201211301700,201211301730,1.42973,0.0,0.159,2.715,7.94,2.17331,0.871077,1.94296,0.007538,0.0,-9999.0,11.41,74.6
201211301730,201211301800,-9999.0,1.0,0.026,1.95,7.04,2.04187,0.765853,1.72943,0.001222,0.0,-9999.0,11.41,80.6
201211301800,201211301830,-9999.0,1.0,0.005,1.448,6.355,1.94389,0.574495,1.57353,0.000233,0.0,-9999.0,11.41,84.9
201211301830,201211301900,-9999.0,1.0,0.001,1.171,6.021,1.89578,0.485481,1.49062,4.6e-05,0.0,-9999.0,11.4,87.5
201211301900,201211301930,-9999.0,1.0,0.001,1.059,6.158,1.91217,0.528616,1.49412,4.6e-05,0.0,-9999.0,11.38,88.8
201211301930,201211302000,-9999.0,1.0,0.001,0.903,6.086,1.90004,0.499715,1.46004,4.5e-05,0.0,-9999.0,11.36,90.4
201211302000,201211302030,-9999.0,1.0,0.017,0.671,5.367,1.80111,0.533152,1.31749,0.000764,0.0,-9999.0,11.34,92.5
201211302030,201211302100,-9999.0,1.0,0.014,0.49,5.293,1.78912,0.522274,1.28614,0.000623,0.0,-9999.0,11.31,94.5
201211302100,201211302130,0.356229,0.0,0.0,0.677,6.285,1.92022,1.72586,1.43045,0.0,0.0,-9999.0,11.27,92.9
201211302130,201211302200,4.95195,0.0,0.0,0.838,6.766,1.98403,-2.81565,1.49188,0.0,0.0,-9999.0,11.24,91.5
201211302200,201211302230,0.49095,0.0,0.0,0.588,7.68,2.10995,1.75168,1.63352,0.0,0.0,-9999.0,11.21,94.4
201211302230,201211302300,-2.08702,0.0,0.001,2.421,7.45,2.07478,4.29948,1.56631,4.3e-05,0.0,-9999.0,11.17,76.5719
201211302300,201211302330,6.89277,0.0,0.006,2.483,7.44,2.07083,-4.68413,1.53984,0.000255,0.0,-9999.0,11.13,75.963
201211302330,201212010000,-9999.0,1.0,0.051,2.546,7.48,2.07394,0.836047,1.52218,0.002143,0.0,-9999.0,11.09,75.42
201212010000,201212010030,-9999.0,1.0,0.007,2.502,7.46,2.06858,0.83104,1.49396,0.000291,0.0,-9999.0,11.06,75.8104
201212010030,201212010100,-9999.0,1.0,0.0,2.563,7.46,2.06605,0.828417,1.46924,0.0,0.0,-9999.0,11.03,75.2146
201212010100,201212010130,-9999.0,1.0,0.0,2.65,7.4,2.05509,0.797454,1.43452,0.0,0.0,-9999.0,11.01,74.2686
201212010130,201212010200,-9999.0,1.0,0.0,2.828,7.47,2.06238,0.824357,1.42145,0.0,0.0,-9999.0,10.98,72.6794
201212010200,201212010230,0.554731,0.0,0.0,0.133,7.28,2.0333,1.61927,1.3662,0.0,0.0,-9999.0,10.96,98.7
201212010230,201212010300,0.428739,0.0,0.001,0.29,7.46,2.0559,1.76393,1.37037,4e-05,0.0,-9999.0,10.94,97.2
201212010300,201212010330,-9999.0,1.0,0.0,0.567,7.69,2.08562,0.755089,1.3819,0.0,0.0,-9999.0,10.92,94.6
201212010330,201212010400,-9999.0,1.0,0.042,0.368,7.71,2.08585,0.754804,1.35968,0.001625,0.0,-9999.0,10.9,96.5
201212010400,201212010430,-9999.0,1.0,0.006,2.436,7.44,2.04551,0.529628,1.2932,0.00023,0.0,-9999.0,10.88,76.4149
201212010430,201212010500,-9999.0,1.0,0.042,2.412,7.41,2.03881,0.503958,1.2641,0.00159,0.0,-9999.0,10.86,76.5949
201212010500,201212010530,1.03281,0.0,0.017,2.419,7.31,2.02242,1.12912,1.2251,0.000636,0.0,-9999.0,10.85,76.3666
201212010530,201212010600,-9999.0,1.0,0.013,2.475,7.3,2.01852,0.457168,1.19938,0.000481,0.0,-9999.0,10.83,75.8036
201212010600,201212010630,-9999.0,1.0,0.005,2.46,7.24,2.00774,0.447551,1.16683,0.000183,0.0,-9999.0,10.81,75.8496
201212010630,201212010700,-9999.0,1.0,0.05,2.406,6.962,1.96716,0.408312,1.10565,0.001809,0.0,-9999.0,10.79,75.9343
201212010700,201212010730,-9999.0,1.0,1.843,2.379,6.879,1.95342,0.418785,1.07158,0.065487,0.444409,-9999.0,10.78,76.063
201212010730,201212010800,0.08683,0.0,9.15,2.711,7.41,2.02364,2.07376,1.11661,0.312984,68.0957,-9999.0,10.76,73.6983
201212010800,201212010830,-0.12343,0.0,32.24,3.016,7.88,2.08634,2.33644,1.15358,1.0079,178.443,-9999.0,10.75,71.6595
201212010830,201212010900,1.09998,0.0,58.63,2.704,7.77,2.0684,1.09745,1.1134,1.67001,279.656,-9999.0,10.73,74.4047
201212010900,201212010930,1.45299,0.0,52.08,2.575,7.73,2.06026,0.737088,1.08277,1.49587,370.002,-9999.0,10.72,75.5581
201212010930,201212011000,-9999.0,1.0,89.4,2.658,8.09,2.10785,3.34156,1.10244,2.28432,447.936,-9999.0,10.7,75.3781
201212011000,201212011030,-9999.0,1.0,209.5,0.283,9.37,2.28766,5.72514,1.24331,4.01934,512.125,-9999.0,10.69,97.6
201212011030,201212011100,-2.87537,0.0,275.6,1.424,10.52,2.45404,5.38956,1.37406,4.62868,561.47,-9999.0,10.68,88.8
201212011100,201212011130,-9999.0,1.0,283.4,2.582,11.68,2.62657,7.2227,1.51252,4.65058,595.126,-9999.0,10.68,81.2
201212011130,201212011200,-9999.0,1.0,389.7,3.702,12.46,2.74397,6.1268,1.59563,5.35947,612.519,-9999.0,10.68,74.4
201212011200,201212011230,-3.51376,0.0,244.9,4.29,13.02,2.8284,6.32564,1.64357,4.21841,613.35,-9999.0,10.68,71.4
201212011230,201212011300,-4.63476,0.0,253.4,4.686,13.35,2.87706,7.4843,1.65318,4.25466,597.605,-9999.0,10.69,69.43
201212011300,201212011330,-5.12997,0.0,352.6,6.087,14.38,3.03862,8.105,1.77617,4.97867,565.553,-9999.0,10.71,62.86
201212011330,201212011400,-4.29504,0.0,333.0,6.439,14.69,3.08512,7.30543,1.77896,4.79812,517.744,-9999.0,10.74,61.49
201212011400,201212011430,-2.29998,0.0,306.1,6.021,14.48,3.04711,5.28027,1.69538,4.55693,454.994,-9999.0,10.76,63.5
201212011430,201212011500,-3.09538,0.0,237.3,4.981,13.57,2.89736,5.95829,1.50846,3.93429,378.378,-9999.0,10.8,67.97
201212011500,201212011530,-1.4517,0.0,151.8,4.185,12.8,2.77257,4.21577,1.35569,2.94862,289.206,-9999.0,10.84,71.7
201212011530,201212011600,-0.88554,0.0,86.3,3.314,11.95,2.6379,3.54203,1.20422,1.93007,189.005,-9999.0,10.88,76.3
201212011600,201212011630,1.12781,0.0,30.87,2.901,11.62,2.58439,1.48527,1.12572,0.792755,79.4888,-9999.0,10.92,78.8
201212011630,201212011700,1.35575,0.0,2.615,2.02,10.41,2.40082,1.1085,0.95489,0.07224,2.06642,-9999.0,10.95,84.0
201212011700,201212011730,1.91816,0.0,0.054,1.635,9.46,2.26025,0.430451,0.828041,0.001482,0.0,-9999.0,10.98,86.2
201212011730,201212011800,-9999.0,1.0,0.007,1.265,8.62,2.13885,0.427164,0.723222,0.000189,0.0,-9999.0,11.0,88.7
201212011800,201212011830,-9999.0,1.0,0.008,0.997,7.99,2.04918,0.463323,0.644609,0.000213,0.0,-9999.0,11.01,90.7
201212011830,201212011900,-9999.0,1.0,0.002,0.733,7.65,2.00036,0.517945,0.593164,5.2e-05,0.0,-9999.0,11.03,93.0
201212011900,201212011930,-9999.0,1.0,0.0,0.799,8.09,2.05758,0.405887,0.599526,0.0,0.0,-9999.0,11.03,92.6
201212011930,201212012000,-9999.0,1.0,0.0,0.897,8.28,2.08096,0.47251,0.586536,0.0,0.0,-9999.0,11.03,91.8
201212012000,201212012030,-9999.0,1.0,0.0,0.657,8.29,2.07965,0.470919,0.560211,0.0,0.0,-9999.0,11.03,94.0
201212012030,201212012100,-9999.0,1.0,0.0,0.243,8.43,2.0962,0.403925,0.542443,0.0,0.0,-9999.0,11.01,97.8
201212012100,201212012130,-9999.0,1.0,0.003,0.064,7.89,2.01986,0.427428,0.481393,7.2e-05,0.0,-9999.0,11.0,99.4
201212012130,201212012200,-9999.0,1.0,0.004,2.102,7.42,1.95421,0.5178,0.428834,9.5e-05,0.0,-9999.0,10.99,79.6206
201212012200,201212012230,-9999.0,1.0,0.021,2.207,7.3,1.93575,0.478651,0.397927,0.000489,0.0,-9999.0,10.98,78.4254
201212012230,201212012300,-9999.0,1.0,0.128,2.212,7.02,1.89635,0.44487,0.359965,0.002925,0.0,-9999.0,10.96,77.9589
201212012300,201212012330,-9999.0,1.0,0.195,2.265,7.14,1.90964,0.451733,0.341921,0.004375,0.0,-9999.0,10.94,77.6185
201212012330,201212020000,2.2305,0.0,0.308,2.322,6.592,1.8358,-0.244819,0.2949,0.006779,0.0,-9999.0,10.93,76.1702
201212020000,201212020030,-9999.0,1.0,0.201,2.367,6.237,1.78792,0.206176,0.259027,0.004342,0.0,-9999.0,10.91,75.1073
201212020030,201212020100,-9999.0,1.0,0.145,2.035,5.71,1.71911,0.095795,0.242209,0.003155,0.0,-9999.0,10.88,77.8046
201212020100,201212020130,-9999.0,1.0,0.117,1.945,5.531,1.69459,0.169176,0.238121,0.002563,0.0,-9999.0,10.86,78.5145
201212020130,201212020200,-9999.0,1.0,0.053,1.892,6.017,1.75311,0.117712,0.257852,0.001169,0.0,-9999.0,10.83,79.7987
201212020200,201212020230,1.86772,0.0,0.001,2.241,6.131,1.76519,0.054954,0.264431,2.2e-05,0.0,-9999.0,10.81,76.2605
201212020230,201212020300,2.24126,0.0,0.0,2.083,5.696,1.7084,-0.368225,0.250607,0.0,0.0,-9999.0,10.78,77.2549
201212020300,201212020330,4.02494,0.0,0.004,2.018,5.712,1.70815,-2.15256,0.253415,9e-05,0.0,-9999.0,10.75,77.9895
201212020330,201212020400,-9999.0,1.0,0.088,2.092,5.84,1.72182,0.059544,0.260389,0.001995,0.0,-9999.0,10.72,77.3858
201212020400,201212020430,-9999.0,1.0,0.158,2.088,5.895,1.72641,0.238267,0.264721,0.003605,0.0,-9999.0,10.69,77.5146
201212020430,201212020500,-1.41615,0.0,0.049,2.066,5.903,1.72513,3.30198,0.267297,0.001126,0.0,-9999.0,10.66,77.7689
201212020500,201212020530,-9999.0,1.0,0.009,2.081,5.688,1.69621,0.295559,0.261423,0.000208,0.0,-9999.0,10.63,77.2665
201212020530,201212020600,-9999.0,1.0,0.001,1.851,6.106,1.74588,0.322201,0.279757,2.3e-05,0.0,-9999.0,10.6,80.3541
201212020600,201212020630,-9999.0,1.0,0.0,2.018,6.833,1.83546,0.392803,0.311987,0.0,0.0,-9999.0,10.57,79.6338
201212020630,201212020700,-9999.0,1.0,0.0,2.293,6.94,1.84672,0.467424,0.319112,0.0,0.0,-9999.0,10.55,77.0225
201212020700,201212020730,-9999.0,1.0,1.487,2.369,6.027,1.72913,0.292042,0.283572,0.035128,0.248263,-9999.0,10.52,74.7251
201212020730,201212020800,-9999.0,1.0,11.13,2.134,5.578,1.67155,0.313476,0.268297,0.256208,65.3621,-9999.0,10.5,76.513
201212020800,201212020830,-9999.0,1.0,31.42,1.872,5.796,1.69604,0.311511,0.278978,0.682095,175.629,-9999.0,10.48,79.6997
201212020830,201212020900,-9999.0,1.0,115.4,1.67,7.2,1.87021,4.91036,0.340956,2.00895,276.768,-9999.0,10.46,83.5655
201212020900,201212020930,-9999.0,1.0,97.4,2.161,8.56,2.0459,3.69682,0.410045,1.7773,367.048,-9999.0,10.43,80.6133
201212020930,201212021000,-9999.0,1.0,57.99,2.258,8.56,2.04317,1.84342,0.413027,1.18028,444.925,-9999.0,10.41,79.7397
201212021000,201212021030,-9999.0,1.0,82.9,2.236,9.05,2.10622,2.69286,0.442353,1.58154,509.067,-9999.0,10.4,80.5931
201212021030,201212021100,-9999.0,1.0,157.1,2.351,9.88,2.21672,4.37342,0.493023,2.51456,558.376,-9999.0,10.39,80.7018
201212021100,201212021130,-9999.0,1.0,182.7,2.515,10.58,2.31116,4.80644,0.539411,2.7754,592.008,-9999.0,10.38,80.3011
201212021130,201212021200,-9999.0,1.0,347.3,0.095,11.51,2.43998,5.12401,0.604409,3.94831,609.388,-9999.0,10.38,99.3
201212021200,201212021230,-3.88211,0.0,351.8,2.379,12.23,2.54076,6.43659,0.659289,3.97491,610.218,-9999.0,10.39,83.3
201212021230,201212021300,-3.01737,0.0,139.7,2.831,12.6,2.59142,5.61155,0.690867,2.34928,594.484,-9999.0,10.41,80.6
201212021300,201212021330,-0.588029,0.0,58.93,1.638,10.97,2.35349,2.99093,0.579338,1.23177,562.456,-9999.0,10.43,87.5
201212021330,201212021400,1.16823,0.0,203.9,0.282,9.97,2.21125,1.11824,0.518788,2.99452,514.681,-9999.0,10.46,97.7
201212021400,201212021430,-1.24399,0.0,265.9,0.475,11.51,2.4236,3.70232,0.623863,3.47485,451.978,-9999.0,10.49,96.5
201212021430,201212021500,-3.84617,0.0,214.0,1.541,12.12,2.50777,6.37136,0.671783,3.09032,375.418,-9999.0,10.52,89.1
201212021500,201212021530,-1.4943,0.0,90.8,2.36,11.75,2.45126,3.97367,0.6488,1.7561,286.311,-9999.0,10.55,82.9
201212021530,201212021600,-9999.0,1.0,37.91,1.78,10.84,2.31945,0.42133,0.589093,0.866445,186.183,-9999.0,10.57,86.3
201212021600,201212021630,-9999.0,1.0,16.67,1.242,9.73,2.1637,0.560486,0.520774,0.413272,76.7468,-9999.0,10.6,89.7
201212021630,201212021700,-9999.0,1.0,2.723,0.652,8.43,1.98797,0.322956,0.447489,0.071708,1.6007,-9999.0,10.62,94.1
201212021700,201212021730,-9999.0,1.0,0.162,0.336,8.16,1.95022,0.414465,0.435502,0.004336,0.0,-9999.0,10.63,96.9
201212021730,201212021800,-9999.0,1.0,0.07,0.277,7.88,1.91155,0.442816,0.423182,0.001885,0.0,-9999.0,10.65,97.4
201212021800,201212021830,-9999.0,1.0,0.211,0.178,6.792,1.7721,0.325412,0.370207,0.005711,0.0,-9999.0,10.66,98.2
201212021830,201212021900,-9999.0,1.0,0.081,2.163,6.29,1.70819,0.366431,0.348697,0.002206,0.0,-9999.0,10.66,77.3375
201212021900,201212021930,2.64842,0.0,0.025,2.281,6.207,1.69579,-0.80067,0.347187,0.000685,0.0,-9999.0,10.66,75.9564
201212021930,201212022000,-9999.0,1.0,0.052,2.253,6.318,1.7069,0.364441,0.354761,0.001432,0.0,-9999.0,10.65,76.4355
201212022000,201212022030,-9999.0,1.0,0.102,2.388,6.611,1.74022,0.315707,0.371273,0.002824,0.0,-9999.0,10.64,75.5231
201212022030,201212022100,-9999.0,1.0,0.048,2.469,7.01,1.78686,0.531256,0.393714,0.001336,0.0,-9999.0,10.62,75.383
201212022100,201212022130,-1.03443,0.0,0.0,2.741,7.06,1.79058,2.96176,0.39884,0.0,0.0,-9999.0,10.61,72.7662
201212022130,201212022200,-9999.0,1.0,0.0,2.668,6.779,1.75355,0.306344,0.387041,0.0,0.0,-9999.0,10.59,72.969
201212022200,201212022230,-9999.0,1.0,0.0,2.493,6.44,1.70992,0.373567,0.372608,0.0,0.0,-9999.0,10.57,74.1502
201212022230,201212022300,0.932192,0.0,0.0,2.364,6.241,1.6836,0.901946,0.365278,0.0,0.0,-9999.0,10.55,75.143
201212022300,201212022330,-9999.0,1.0,0.0,2.361,6.09,1.66323,0.27139,0.36033,0.0,0.0,-9999.0,10.53,74.9172
201212022330,201212030000,-9999.0,1.0,0.0,2.293,6.15,1.66807,0.297156,0.365555,0.0,0.0,-9999.0,10.5,75.7343
201212030000,201212030030,-9999.0,1.0,0.0,2.685,6.036,1.6522,0.255222,0.362356,0.0,0.0,-9999.0,10.48,71.3713
201212030030,201212030100,-9999.0,1.0,0.065,0.279,5.429,1.57871,0.109972,0.336046,0.001889,0.0,-9999.0,10.46,96.9
201212030100,201212030130,-9999.0,1.0,0.167,0.299,5.123,1.54124,0.089664,0.324336,0.004876,0.0,-9999.0,10.44,96.6
201212030130,201212030200,-9999.0,1.0,0.184,0.137,4.734,1.49485,-0.324928,0.309298,0.005399,0.0,-9999.0,10.41,98.4
201212030200,201212030230,-9999.0,1.0,0.214,1.773,9.361,2.05649,-0.320588,0.562586,0.006311,0.0,-9999.0,10.39,-9999.0
201212030230,201212030300,-9999.0,1.0,0.092,2.27,3.508,1.35569,-0.670918,0.263023,0.002729,0.0,-9999.0,10.36,71.1114
201212030300,201212030330,-9999.0,1.0,0.058,2.533,3.775,1.38262,-0.547935,0.275218,0.001729,0.0,-9999.0,10.34,68.3601
201212030330,201212030400,-9999.0,1.0,0.149,2.316,2.809,1.27795,-1.24419,0.240313,0.004464,0.0,-9999.0,10.31,69.0291
201212030400,201212030430,-9999.0,1.0,0.075,1.77,9.392,2.04902,-0.352584,0.577536,0.002259,0.0,-9999.0,10.27,-9999.0
201212030430,201212030500,-9999.0,1.0,0.0,0.065,4.085,1.41051,-0.388938,0.293298,0.0,0.0,-9999.0,10.24,99.2
201212030500,201212030530,0.772344,0.0,0.0,0.32,4.143,1.41486,0.820541,0.297589,0.0,0.0,-9999.0,10.2,96.1
201212030530,201212030600,7.15933,0.0,0.061,0.428,4.458,1.44749,-5.53778,0.313024,0.001865,0.0,-9999.0,10.16,94.9
201212030600,201212030630,-9999.0,1.0,0.134,0.551,4.582,1.45917,-0.360115,0.320447,0.004116,0.0,-9999.0,10.12,93.5
201212030630,201212030700,5.32313,0.0,0.231,0.575,4.354,1.43197,-3.71617,0.312318,0.007128,0.0,-9999.0,10.09,93.1
201212030700,201212030730,-0.035868,0.0,2.387,0.836,3.971,1.38823,1.6034,0.297709,0.073216,0.0,-9999.0,10.06,89.7
201212030730,201212030800,-9999.0,1.0,14.11,1.098,3.891,1.37764,-0.420655,0.296149,0.410799,58.948,-9999.0,10.02,86.4
201212030800,201212030830,-9999.0,1.0,50.23,1.196,4.102,1.39846,0.008849,0.306999,1.2564,169.41,-9999.0,9.99,85.4
201212030830,201212030900,-9999.0,2.0,116.4,2.085,5.237,1.52185,2.63144,0.361155,2.31765,270.811,-9999.0,9.96,76.5
201212030900,201212030930,-9999.0,1.0,167.1,2.986,6.458,1.66005,3.098,0.426573,2.88403,361.416,-9999.0,9.93,69.07
201212030930,201212031000,-3.44804,0.0,222.0,3.394,7.02,1.72412,5.30712,0.460737,3.35057,439.675,-9999.0,9.89,66.18
201212031000,201212031030,-3.23039,0.0,273.6,4.954,8.47,1.89825,5.23635,0.553175,3.69491,504.249,-9999.0,9.86,55.29
201212031030,201212031100,-4.71526,0.0,315.2,6.114,9.38,2.01007,6.81384,0.618608,3.92468,554.033,-9999.0,9.84,48.11
201212031100,201212031130,-2.86898,0.0,347.9,6.316,9.18,1.98181,4.94362,0.607643,4.08186,588.174,-9999.0,9.81,45.67
201212031130,201212031200,-3.76584,0.0,369.2,6.984,9.51,2.02087,5.87231,0.634433,4.17534,606.089,-9999.0,9.78,41.24
201212031200,201212031230,-2.2065,0.0,378.6,7.534,9.88,2.06533,4.3491,0.665035,4.21553,607.472,-9999.0,9.77,38.17
201212031230,201212031300,-2.50799,0.0,236.6,7.875,10.23,2.10752,4.68469,0.695108,3.48383,592.299,-9999.0,9.77,36.87
201212031300,201212031330,-3.86092,0.0,357.4,8.414,10.45,2.13305,6.05795,0.715809,4.13368,560.828,-9999.0,9.77,33.53
201212031330,201212031400,-3.06303,0.0,326.3,8.903,11.29,2.24033,5.34666,0.78803,3.99827,513.6,-9999.0,9.78,33.49
201212031400,201212031430,-2.78376,0.0,283.9,8.594,11.11,2.21329,5.04495,0.776717,3.78644,451.421,-9999.0,9.8,35.03
201212031430,201212031500,-1.96814,0.0,230.4,8.396,10.76,2.16417,4.18889,0.751503,3.46114,375.356,-9999.0,9.83,35.03
201212031500,201212031530,-2.31998,0.0,170.9,8.51,10.49,2.12593,4.50902,0.733219,2.99071,286.706,-9999.0,9.85,32.95
201212031530,201212031600,-0.981922,0.0,106.6,7.637,9.77,2.03056,3.0922,0.680198,2.27469,186.989,-9999.0,9.87,36.86
201212031600,201212031630,-9999.0,1.0,36.07,6.613,8.44,1.86203,-0.065639,0.586569,1.01752,77.9091,-9999.0,9.9,40.19
201212031630,201212031700,-9999.0,1.0,4.193,5.467,7.16,1.70608,0.101577,0.50523,0.139062,1.82503,-9999.0,9.91,46.04
201212031700,201212031730,-9999.0,1.0,0.216,4.513,6.052,1.57597,-0.054275,0.44169,0.007354,0.0,-9999.0,9.92,51.93
201212031730,201212031800,-9999.0,1.0,0.018,3.836,5.078,1.46546,-0.074878,0.390843,0.000616,0.0,-9999.0,9.92,56.28
201212031800,201212031830,-9999.0,1.0,0.054,1.764,9.4,1.96941,-0.443498,0.668446,0.001856,0.0,-9999.0,9.92,-9999.0
201212031830,201212031900,-9999.0,1.0,0.032,1.766,9.387,1.96492,-0.427942,0.670685,0.001105,0.0,-9999.0,9.91,-9999.0
201212031900,201212031930,-9999.0,1.0,0.129,1.773,9.377,1.96079,-0.429423,0.673146,0.004472,0.0,-9999.0,9.89,-9999.0
201212031930,201212032000,-9999.0,1.0,0.171,1.771,9.366,1.95655,-0.413443,0.675525,0.005953,0.0,-9999.0,9.86,-9999.0
201212032000,201212032030,-9999.0,1.0,0.016,1.766,9.353,1.95207,-0.412985,0.677744,0.00056,0.0,-9999.0,9.83,-9999.0
201212032030,201212032100,-9999.0,1.0,0.106,1.762,9.338,1.94734,-0.413138,0.679803,0.003724,0.0,-9999.0,9.8,-9999.0
201212032100,201212032130,-9999.0,1.0,0.086,1.756,9.325,1.94287,-0.408702,0.682009,0.003035,0.0,-9999.0,9.75,-9999.0
201212032130,201212032200,-9999.0,1.0,0.037,1.752,9.313,1.93852,-0.41015,0.684285,0.001312,0.0,-9999.0,9.71,-9999.0
201212032200,201212032230,-9999.0,1.0,0.008,1.75,9.3,1.93406,-0.402156,0.686478,0.000285,0.0,-9999.0,9.66,-9999.0
201212032230,201212032300,-9999.0,1.0,0.006,1.751,9.287,1.9296,-0.393417,0.688663,0.000215,0.0,-9999.0,9.61,-9999.0
201212032300,201212032330,-9999.0,1.0,0.0,1.75,9.271,1.92478,-0.39793,0.690608,0.0,0.0,-9999.0,9.56,-9999.0
201212032330,201212040000,-9999.0,1.0,0.13,1.748,9.254,1.91984,-0.40254,0.692467,0.004685,0.0,-9999.0,9.5,-9999.0
201212040000,201212040030,-9999.0,1.0,0.187,1.747,9.236,1.91479,-0.407245,0.694239,0.006765,0.0,-9999.0,9.44,-9999.0
201212040030,201212040100,-9999.0,1.0,0.063,1.744,9.214,1.90926,-0.42906,0.706692,0.002318,0.0,-9999.0,9.39,-9999.0
201212040100,201212040130,-9999.0,1.0,0.0,1.742,9.194,1.90398,-0.433955,0.719316,0.0,0.0,-9999.0,9.33,-9999.0
201212040130,201212040200,-9999.0,1.0,0.0,1.738,9.172,1.89847,-0.439046,0.731803,0.0,0.0,-9999.0,9.28,-9999.0
201212040200,201212040230,-9999.0,1.0,0.0,1.732,9.149,1.89285,-0.44446,0.744231,0.0,0.0,-9999.0,9.23,-9999.0
201212040230,201212040300,-9999.0,1.0,0.0,1.727,9.125,1.88711,-0.467488,0.756601,0.0,0.0,-9999.0,9.18,-9999.0
201212040300,201212040330,-9999.0,1.0,0.0,1.721,9.098,1.88102,-0.473058,0.768763,0.0,0.0,-9999.0,9.14,-9999.0
201212040330,201212040400,-9999.0,1.0,0.0,1.717,9.072,1.87507,-0.47852,0.781023,0.0,0.0,-9999.0,9.09,-9999.0
201212040400,201212040430,-9999.0,1.0,0.0,1.713,9.046,1.86913,-0.483973,0.793303,0.0,0.0,-9999.0,9.04,-9999.0
201212040430,201212040500,-9999.0,1.0,0.094,1.71,9.018,1.86296,-0.501797,0.805455,0.003897,0.0,-9999.0,9.0,-9999.0
201212040500,201212040530,-9999.0,1.0,0.18,1.707,8.989,1.85669,-0.5019,0.817556,0.007561,0.0,-9999.0,8.96,-9999.0
201212040530,201212040600,-9999.0,1.0,0.113,1.704,8.959,1.85438,-0.522735,0.829607,0.004816,0.0,-9999.0,8.91,-9999.0
201212040600,201212040630,-9999.0,1.0,0.0,1.715,8.928,1.85194,-0.515978,0.841609,0.0,0.0,-9999.0,8.87,-9999.0
201212040630,201212040700,-9999.0,1.0,0.006,1.723,8.896,1.84939,-0.521979,0.853563,0.000263,0.0,-9999.0,8.83,-9999.0
201212040700,201212040730,-9999.0,1.0,8.43,1.738,8.887,1.84958,-0.559157,0.867195,0.346448,0.0,-9999.0,8.8,-9999.0
201212040730,201212040800,-9999.0,1.0,26.95,1.457,4.088,1.31807,-0.657595,0.591323,0.968537,56.4745,-9999.0,8.76,82.2
201212040800,201212040830,-9999.0,1.0,50.03,1.701,5.522,1.46948,0.068275,0.682299,1.56262,166.864,-9999.0,8.73,81.2
201212040830,201212040900,-9999.0,1.0,50.93,2.04,6.828,1.6143,1.55303,0.773832,1.59248,268.198,-9999.0,8.7,79.4
201212040900,201212040930,-9999.0,1.0,77.5,2.17,7.59,1.70221,2.17624,0.836604,2.1114,358.743,-9999.0,8.67,79.2
201212040930,201212041000,-9999.0,1.0,81.8,2.141,8.49,1.80859,2.19077,0.91105,2.19193,436.95,-9999.0,8.65,80.7
201212041000,201212041030,-9999.0,1.0,48.27,2.219,9.33,1.91059,0.479866,0.984356,1.56331,501.481,-9999.0,8.64,81.1
201212041030,201212041100,-9999.0,1.0,87.5,2.068,10.03,1.99772,2.60878,1.04982,2.30072,551.231,-9999.0,8.63,83.2
201212041100,201212041130,-9999.0,1.0,91.8,1.888,10.67,2.079,3.03203,1.11236,2.37452,585.35,-9999.0,8.64,85.3
201212041130,201212041200,-1.13885,0.0,106.1,1.664,10.97,2.11835,3.25035,1.14931,2.58034,603.254,-9999.0,8.66,87.3
201212041200,201212041230,-1.27986,0.0,97.7,1.605,11.28,2.15931,3.41934,1.18719,2.47736,604.636,-9999.0,8.68,88.0
201212041230,201212041300,-2.61,0.0,116.1,1.593,11.94,2.24599,4.81283,1.25364,2.72171,589.472,-9999.0,8.71,88.6
201212041300,201212041330,-2.5832,0.0,112.9,3.007,13.52,2.45697,4.94377,1.40113,2.69215,558.022,-9999.0,8.74,80.6
201212041330,201212041400,-1.28107,0.0,75.2,3.484,13.92,2.51285,3.67925,1.44883,2.16268,510.825,-9999.0,8.78,78.1
201212041400,201212041430,3.24256,0.0,54.82,3.118,13.84,2.50366,-0.856187,1.45348,1.7874,448.688,-9999.0,8.82,80.3
201212041430,201212041500,-9999.0,1.0,49.55,2.159,13.33,2.43633,0.311082,1.42088,1.68236,372.673,-9999.0,8.87,85.9
201212041500,201212041530,-9999.0,1.0,36.54,2.238,13.35,2.44067,-0.095939,1.43476,1.37162,284.082,-9999.0,8.92,85.4
201212041530,201212041600,0.043757,0.0,27.04,2.113,13.33,2.43962,2.28477,1.44523,1.10504,184.43,-9999.0,8.97,86.2
201212041600,201212041630,1.07745,0.0,10.27,1.872,13.12,2.41301,1.23109,1.43985,0.498572,75.423,-9999.0,9.03,87.6
201212041630,201212041700,1.47345,0.0,2.517,1.701,12.94,2.3905,0.818164,1.43736,0.135292,1.41807,-9999.0,9.09,88.6
201212041700,201212041730,1.08382,0.0,0.0,1.484,12.7,2.36005,1.18479,1.4304,0.0,0.0,-9999.0,9.14,89.9
201212041730,201212041800,0.831482,0.0,0.0,0.959,12.31,2.30988,1.39897,1.4122,0.0,0.0,-9999.0,9.19,93.3
201212041800,201212041830,0.647039,0.0,0.0,0.554,11.8,2.24441,1.53329,1.38593,0.0,0.0,-9999.0,9.24,96.0
201212041830,201212041900,0.911875,0.0,0.0,0.191,11.59,2.21853,1.24866,1.38332,0.0,0.0,-9999.0,9.28,98.6
201212041900,201212041930,6.16185,0.0,0.0,2.558,10.91,2.13222,-4.06808,1.34715,0.0,0.0,-9999.0,9.33,80.4
201212041930,201212042000,1.38414,0.0,0.0,4.675,10.58,2.09155,0.678055,1.33745,0.0,0.0,-9999.0,9.36,63.39
201212042000,201212042030,1.6273,0.0,0.0,5.989,11.24,2.17757,0.502017,1.39758,0.0,0.0,-9999.0,9.39,55.11
201212042030,201212042100,-9999.0,1.0,0.0,5.652,11.45,2.20626,-0.060259,1.42593,0.0,0.0,-9999.0,9.42,58.22
201212042100,201212042130,-9999.0,1.0,0.0,4.154,10.48,2.08304,-0.060112,1.37157,0.0,0.0,-9999.0,9.46,67.25
201212042130,201212042200,2.96983,0.0,0.0,3.383,10.13,2.04016,-0.947315,1.36176,0.0,0.0,-9999.0,9.48,72.7
201212042200,201212042230,1.78495,0.0,0.0,2.492,9.63,1.97893,0.18943,1.34289,0.0,0.0,-9999.0,9.51,79.2
201212042230,201212042300,1.899,0.0,0.001,2.084,8.96,1.89763,0.010931,1.31449,6.3e-05,0.0,-9999.0,9.53,81.8
201212042300,201212042330,-9999.0,1.0,0.14,1.771,8.18,1.80459,0.098231,1.2812,0.008825,0.0,-9999.0,9.54,83.7
201212042330,201212050000,-9999.0,1.0,0.214,1.493,7.39,1.71239,0.301284,1.24941,0.0136,0.0,-9999.0,9.56,85.5
201212050000,201212050030,-9999.0,1.0,0.262,1.34,7.19,1.69022,0.267007,1.25267,0.01679,0.0,-9999.0,9.57,86.8
201212050030,201212050100,-9999.0,1.0,0.06,1.67,7.59,1.73814,0.285162,1.29024,0.003892,0.0,-9999.0,9.58,84.0
201212050100,201212050130,-9999.0,1.0,0.194,1.132,6.243,1.58394,0.023481,1.2297,0.012672,0.0,-9999.0,9.58,88.1
201212050130,201212050200,-9999.0,1.0,0.19,0.619,5.197,1.46893,-0.152525,1.18914,0.012522,0.0,-9999.0,9.58,93.0
201212050200,201212050230,-9999.0,1.0,0.235,0.324,4.295,1.37311,-0.370493,1.15821,0.015614,0.0,-9999.0,9.57,96.1
201212050230,201212050300,-9999.0,1.0,0.247,0.206,3.65,1.30671,-0.565896,1.14138,0.016552,0.0,-9999.0,9.56,97.4
201212050300,201212050330,-9999.0,1.0,0.086,0.047,3.552,1.29749,-0.657012,1.15165,0.005828,0.0,-9999.0,9.55,99.4
201212050330,201212050400,-9999.0,1.0,0.129,1.812,7.524,1.7373,-0.283402,1.37433,0.008811,0.0,-9999.0,9.53,-9999.0
201212050400,201212050430,-9999.0,1.0,0.199,1.81,7.465,1.7315,-0.287372,1.38569,0.013693,0.0,-9999.0,9.51,-9999.0
201212050430,201212050500,-9999.0,1.0,0.196,1.807,7.405,1.72558,-0.26013,1.39702,0.013602,0.0,-9999.0,9.48,-9999.0
201212050500,201212050530,-9999.0,1.0,0.263,1.801,7.341,1.7192,-0.257742,1.40816,0.018384,0.0,-9999.0,9.45,-9999.0
201212050530,201212050600,-9999.0,1.0,0.199,1.794,7.277,1.71282,-0.229254,1.41934,0.014041,0.0,-9999.0,9.42,-9999.0
201212050600,201212050630,-9999.0,1.0,0.037,1.792,7.215,1.70668,-0.203457,1.43066,0.002639,0.0,-9999.0,9.38,-9999.0
201212050630,201212050700,-9999.0,1.0,0.08,1.796,7.158,1.70113,-0.182761,1.44228,0.005749,0.0,-9999.0,9.35,-9999.0
201212050700,201212050730,-9999.0,1.0,3.203,1.803,7.117,1.69746,-0.227036,1.4548,0.220589,0.0,-9999.0,9.31,-9999.0
201212050730,201212050800,-9999.0,1.0,26.24,1.881,7.129,1.69999,-0.423901,1.47017,1.34403,54.1859,-9999.0,9.27,-9999.0
201212050800,201212050830,-9999.0,1.0,61.07,2.261,9.396,1.97601,0.989055,1.6101,2.28127,164.452,-9999.0,9.23,-9999.0
201212050830,201212050900,-9999.0,1.0,114.1,2.754,9.884,2.03887,2.95528,1.65203,3.04781,265.722,-9999.0,9.19,-9999.0
201212050900,201212050930,-9999.0,2.0,166.2,0.338,5.668,1.53587,0.363944,1.43809,3.48564,356.211,-9999.0,9.15,96.3
201212050930,201212051000,-9999.0,1.0,65.89,0.845,6.381,1.61767,2.12798,1.48984,2.40345,434.369,-9999.0,9.11,91.2
201212051000,201212051030,-9999.0,1.0,55.65,0.736,6.494,1.63173,1.95449,1.51057,2.21069,498.86,-9999.0,9.08,92.4
201212051030,201212051100,-9999.0,1.0,53.57,0.611,6.756,1.66312,1.93307,1.53904,2.17553,548.579,-9999.0,9.05,93.8
201212051100,201212051130,-9999.0,1.0,193.6,0.303,7.1,1.70444,3.76894,1.57178,3.67003,582.677,-9999.0,9.03,97.0
201212051130,201212051200,-1.6541,0.0,116.8,0.722,8.28,1.8469,3.52701,1.64872,3.12736,600.569,-9999.0,9.02,93.4
201212051200,201212051230,-2.73759,0.0,47.94,0.559,7.48,1.75168,4.53365,1.62105,2.07479,601.95,-9999.0,9.01,94.6
201212051230,201212051300,-9999.0,1.0,89.2,0.763,8.02,1.81771,2.71437,1.66395,2.82886,586.796,-9999.0,9.01,92.9
201212051300,201212051330,-9999.0,1.0,99.9,1.518,8.47,1.87382,2.57676,1.70209,2.9724,555.366,-9999.0,9.01,86.3
201212051330,201212051400,-2.21095,0.0,88.6,1.53,8.7,1.90341,4.12972,1.72857,2.84017,508.198,-9999.0,9.02,86.4
201212051400,201212051430,-2.08596,0.0,72.3,2.25,8.33,1.85909,3.96936,1.72362,2.6067,446.1,-9999.0,9.03,79.5
201212051430,201212051500,1.62133,0.0,43.3,1.476,6.836,1.68123,0.117857,1.6615,2.00562,370.132,-9999.0,9.03,85.1
201212051500,201212051530,0.040014,0.0,52.02,0.525,5.528,1.53227,1.57595,1.61051,2.23155,281.597,-9999.0,9.04,94.2
201212051530,201212051600,1.49019,0.0,10.2,1.004,5.64,1.54588,0.137256,1.63106,0.711377,182.008,-9999.0,9.04,89.0
201212051600,201212051630,0.354376,0.0,1.237,0.711,4.397,1.40968,1.15842,1.58435,0.100536,73.0686,-9999.0,9.02,91.5
201212051630,201212051700,-9999.0,1.0,0.575,1.81,6.84,1.68611,-0.107337,1.72085,0.047619,1.08663,-9999.0,8.98,-9999.0
201212051700,201212051730,-9999.0,1.0,0.002,1.813,6.823,1.68521,-0.112175,1.73479,0.000169,0.0,-9999.0,8.93,-9999.0
201212051730,201212051800,-9999.0,1.0,0.008,1.817,6.808,1.68455,-0.118041,1.74883,0.000679,0.0,-9999.0,8.87,-9999.0
201212051800,201212051830,-9999.0,1.0,0.0,1.825,6.78,1.68235,-0.109101,1.76223,0.0,0.0,-9999.0,8.81,-9999.0
201212051830,201212051900,-9999.0,1.0,0.023,1.831,6.747,1.67958,-0.104255,1.7754,0.001978,0.0,-9999.0,8.75,-9999.0
201212051900,201212051930,-9999.0,1.0,0.052,1.826,6.712,1.67656,-0.111414,1.78848,0.004499,0.0,-9999.0,8.7,-9999.0
201212051930,201212052000,-9999.0,1.0,0.007,1.821,6.676,1.67342,-0.118961,1.80152,0.00061,0.0,-9999.0,8.65,-9999.0
201212052000,201212052030,-9999.0,1.0,0.0,1.816,6.641,1.67041,-0.132823,1.81463,0.0,0.0,-9999.0,8.6,-9999.0
201212052030,201212052100,-9999.0,1.0,0.006,1.819,6.602,1.66692,-0.146553,1.82755,0.00053,0.0,-9999.0,8.56,-9999.0
201212052100,201212052130,-9999.0,1.0,0.0,1.821,6.56,1.66308,-0.148004,1.84034,0.0,0.0,-9999.0,8.51,-9999.0
201212052130,201212052200,-9999.0,1.0,0.0,1.817,6.512,1.65854,-0.151614,1.85285,0.0,0.0,-9999.0,8.47,-9999.0
201212052200,201212052230,-9999.0,1.0,0.0,1.812,6.462,1.65377,-0.155418,1.86527,0.0,0.0,-9999.0,8.43,-9999.0
201212052230,201212052300,-9999.0,1.0,0.0,1.811,6.419,1.64982,-0.158551,1.87805,0.0,0.0,-9999.0,8.39,-9999.0
201212052300,201212052330,-9999.0,1.0,0.007,1.813,6.374,1.64564,-0.180236,1.89075,0.000639,0.0,-9999.0,8.36,-9999.0
201212052330,201212060000,-9999.0,1.0,0.057,1.805,6.325,1.64098,-0.195709,1.90327,0.005232,0.0,-9999.0,8.32,-9999.0
201212060000,201212060030,-9999.0,1.0,0.295,1.797,6.276,1.63634,-0.203902,1.9158,0.027126,0.0,-9999.0,8.29,-9999.0
201212060030,201212060100,-9999.0,1.0,0.127,1.789,6.225,1.63146,-0.22361,1.90935,0.011653,0.0,-9999.0,8.26,-9999.0
201212060100,201212060130,-9999.0,1.0,0.08,1.78,6.173,1.62646,-0.240305,1.90287,0.007308,0.0,-9999.0,8.23,-9999.0
201212060130,201212060200,-9999.0,1.0,0.036,1.773,6.124,1.62182,-0.249332,1.89654,0.003274,0.0,-9999.0,8.2,-9999.0
201212060200,201212060230,-9999.0,1.0,0.032,1.767,6.076,1.61729,-0.252954,1.89026,0.002894,0.0,-9999.0,8.17,-9999.0
201212060230,201212060300,-9999.0,1.0,0.002,1.759,6.029,1.61289,-0.256483,1.88404,0.00018,0.0,-9999.0,8.13,-9999.0
201212060300,201212060330,-9999.0,1.0,0.002,1.752,5.986,1.60895,-0.264178,1.87802,0.000179,0.0,-9999.0,8.1,-9999.0
201212060330,201212060400,-9999.0,1.0,0.0,1.745,5.945,1.60524,-0.267133,1.8721,0.0,0.0,-9999.0,8.07,-9999.0
201212060400,201212060430,-9999.0,1.0,0.083,1.739,5.902,1.60129,-0.270282,1.86609,0.007337,0.0,-9999.0,8.04,-9999.0
201212060430,201212060500,-9999.0,1.0,0.072,1.732,5.86,1.59747,-0.259165,1.86014,0.006331,0.0,-9999.0,8.01,-9999.0
201212060500,201212060530,-9999.0,1.0,0.073,1.725,5.82,1.59388,-0.264129,1.85428,0.006383,0.0,-9999.0,7.98,-9999.0
201212060530,201212060600,-9999.0,1.0,0.046,1.718,5.783,1.59063,-0.295966,1.84858,0.004002,0.0,-9999.0,7.95,-9999.0
201212060600,201212060630,-9999.0,1.0,0.002,1.713,5.747,1.5875,-0.301979,1.84293,0.000173,0.0,-9999.0,7.93,-9999.0
201212060630,201212060700,-9999.0,1.0,0.001,1.708,5.71,1.58425,-0.30456,1.83724,8.6e-05,0.0,-9999.0,7.91,-9999.0
201212060700,201212060730,-9999.0,1.0,1.342,1.704,5.675,1.58123,-0.306951,1.83165,0.112109,0.0,-9999.0,7.89,-9999.0
201212060730,201212060800,-9999.0,1.0,4.195,1.708,5.674,1.58213,-0.363352,1.82765,0.331653,48.4961,-9999.0,7.86,-9999.0
201212060800,201212060830,-9999.0,1.0,20.95,1.744,5.276,1.53757,-0.585169,1.80513,1.28655,158.637,-9999.0,7.84,-9999.0
201212060830,201212060900,-9999.0,1.0,60.1,2.363,8.382,1.91068,1.30757,1.94323,2.4445,260.178,-9999.0,7.82,-9999.0
201212060900,201212060930,-9999.0,1.0,98.8,2.618,9.165,2.01145,2.82918,1.9738,3.01991,350.999,-9999.0,7.8,-9999.0
201212060930,201212061000,-9999.0,1.0,146.0,3.486,9.656,2.07632,3.30354,1.99109,3.43091,429.545,-9999.0,7.79,-9999.0
201212061000,201212061030,-9999.0,1.0,178.5,3.307,9.107,2.00656,3.56979,1.96266,3.61849,494.472,-9999.0,7.77,-9999.0
201212061030,201212061100,-9999.0,1.0,244.4,4.669,9.888,2.10935,3.83174,1.9925,3.88323,544.669,-9999.0,7.76,-9999.0
201212061100,201212061130,-9999.0,1.0,320.0,1.248,5.941,1.62027,2.15677,1.81223,4.07711,579.278,-9999.0,7.76,86.6
201212061130,201212061200,-2.42772,0.0,350.2,2.069,7.54,1.81312,4.2799,1.88049,4.13312,597.706,-9999.0,7.76,80.1
201212061200,201212061230,-3.0012,0.0,359.0,3.037,8.75,1.96592,4.97625,1.92988,4.14564,599.638,-9999.0,7.76,73.1
201212061230,201212061300,-3.08852,0.0,227.0,4.359,9.6,2.07695,5.15166,1.96261,3.80226,585.041,-9999.0,7.77,63.55
201212061300,201212061330,-3.32664,0.0,338.8,4.928,10.26,2.16533,5.45924,1.98663,4.10081,554.165,-9999.0,7.78,60.57
201212061330,201212061400,-0.74007,0.0,309.3,4.305,10.08,2.1428,2.85521,1.97454,4.03392,507.538,-9999.0,7.79,65.14
201212061400,201212061430,-1.27573,0.0,268.2,3.965,9.56,2.07568,3.33832,1.94788,3.92294,445.957,-9999.0,7.83,66.75
201212061430,201212061500,-1.15226,0.0,215.7,3.268,8.72,1.96834,3.12996,1.9073,3.73661,370.477,-9999.0,7.87,71.0
201212061500,201212061530,-1.43466,0.0,156.6,3.408,8.49,1.94026,3.3901,1.89307,3.42601,282.389,-9999.0,7.91,69.28
201212061530,201212061600,-1.03769,0.0,95.7,3.33,7.82,1.85712,2.92653,1.85966,2.8783,183.2,-9999.0,7.95,68.59
201212061600,201212061630,-9999.0,1.0,24.0,2.466,6.653,1.71528,-0.124436,1.80416,1.31357,74.6075,-9999.0,7.98,74.8
201212061630,201212061700,-9999.0,1.0,3.219,1.708,5.28,1.55475,-0.11959,1.73881,0.232753,1.31867,-9999.0,8.01,80.8
201212061700,201212061730,-9999.0,1.0,0.184,1.396,4.214,1.4354,-0.23029,1.68665,0.013896,0.0,-9999.0,8.04,83.1
201212061730,201212061800,-9999.0,1.0,0.244,1.695,5.471,1.57878,-0.274912,1.73954,0.01829,0.0,-9999.0,8.06,-9999.0
201212061800,201212061830,-9999.0,1.0,0.23,1.698,5.452,1.57758,-0.206366,1.73476,0.017132,0.0,-9999.0,8.08,-9999.0
201212061830,201212061900,-9999.0,1.0,0.172,1.709,5.435,1.57661,-0.212659,1.73008,0.01274,0.0,-9999.0,8.09,-9999.0
201212061900,201212061930,-9999.0,1.0,0.122,1.716,5.418,1.57563,-0.215782,1.72539,0.008984,0.0,-9999.0,8.09,-9999.0
201212061930,201212062000,-9999.0,1.0,0.22,1.722,5.4,1.57454,-0.233954,1.72067,0.016068,0.0,-9999.0,8.09,-9999.0
201212062000,201212062030,-9999.0,1.0,0.162,1.73,5.382,1.57344,-0.206047,1.71595,0.011764,0.0,-9999.0,8.08,-9999.0
201212062030,201212062100,-9999.0,1.0,0.259,1.729,5.364,1.57235,-0.200311,1.71123,0.018651,0.0,-9999.0,8.06,-9999.0
201212062100,201212062130,-9999.0,1.0,0.15,1.729,5.346,1.57125,-0.178947,1.70652,0.010748,0.0,-9999.0,8.04,-9999.0
201212062130,201212062200,-9999.0,1.0,0.01,1.731,5.332,1.57062,-0.174747,1.70198,0.000713,0.0,-9999.0,8.03,-9999.0
201212062200,201212062230,-9999.0,1.0,0.0,1.732,5.321,1.57033,-0.164087,1.69758,0.0,0.0,-9999.0,8.0,-9999.0
201212062230,201212062300,-9999.0,1.0,0.001,1.734,5.312,1.57027,-0.151854,1.69327,7e-05,0.0,-9999.0,7.97,-9999.0
201212062300,201212062330,-9999.0,1.0,0.0,1.736,5.306,1.57056,-0.148582,1.68909,0.0,0.0,-9999.0,7.94,-9999.0
201212062330,201212070000,-9999.0,1.0,0.0,1.737,5.302,1.57109,-0.129905,1.685,0.0,0.0,-9999.0,7.91,-9999.0
201212070000,201212070030,-9999.0,1.0,0.001,1.74,5.301,1.57195,-0.103148,1.68105,6.9e-05,0.0,-9999.0,7.87,-9999.0
201212070030,201212070100,-9999.0,1.0,0.0,1.742,5.302,1.57306,-0.074047,1.67718,0.0,0.0,-9999.0,7.84,-9999.0
201212070100,201212070130,-9999.0,1.0,0.122,1.744,5.306,1.57451,-0.064334,1.67343,0.008267,0.0,-9999.0,7.8,-9999.0
201212070130,201212070200,-9999.0,1.0,0.176,1.75,5.312,1.57619,-0.055446,1.66978,0.011831,0.0,-9999.0,7.76,-9999.0
201212070200,201212070230,-9999.0,1.0,0.092,1.757,5.318,1.57788,-0.050908,1.66612,0.006147,0.0,-9999.0,7.72,-9999.0
201212070230,201212070300,-9999.0,1.0,0.0,1.761,5.323,1.57945,-0.042826,1.66242,0.0,0.0,-9999.0,7.69,-9999.0
201212070300,201212070330,-9999.0,1.0,0.002,1.764,5.328,1.58102,-0.033303,1.65872,0.000132,0.0,-9999.0,7.65,-9999.0
201212070330,201212070400,-9999.0,1.0,0.0,1.766,5.331,1.58236,-0.027865,1.65493,0.0,0.0,-9999.0,7.61,-9999.0
201212070400,201212070430,-9999.0,1.0,0.0,1.765,5.332,1.58346,-0.020532,1.65106,0.0,0.0,-9999.0,7.58,-9999.0
201212070430,201212070500,-9999.0,1.0,0.0,1.762,5.329,1.5841,-0.017809,1.64701,0.0,0.0,-9999.0,7.54,-9999.0
201212070500,201212070530,-9999.0,1.0,0.0,1.756,5.324,1.5845,-0.016042,1.64288,0.0,0.0,-9999.0,7.5,-9999.0
201212070530,201212070600,-9999.0,1.0,0.0,1.75,5.316,1.58455,-0.015478,1.63863,0.0,0.0,-9999.0,7.47,-9999.0
201212070600,201212070630,-9999.0,1.0,0.0,1.742,5.309,1.58472,-0.017688,1.63442,0.0,0.0,-9999.0,7.43,-9999.0
201212070630,201212070700,-9999.0,1.0,0.0,1.736,5.304,1.58512,-0.022242,1.63029,0.0,0.0,-9999.0,7.4,-9999.0
201212070700,201212070730,-9999.0,1.0,2.34,1.726,5.303,1.58599,-0.031486,1.62633,0.140405,0.0,-9999.0,7.36,-9999.0
201212070730,201212070800,-9999.0,1.0,6.486,1.719,5.309,1.58768,-0.031445,1.62267,0.365764,46.6222,-9999.0,7.33,-9999.0
201212070800,201212070830,-9999.0,1.0,20.68,1.72,4.698,1.51773,-0.242104,1.59306,0.985028,156.502,-9999.0,7.3,-9999.0
201212070830,201212070900,-9999.0,1.0,26.81,1.717,4.878,1.53942,-0.129599,1.59678,1.19439,257.987,-9999.0,7.27,-9999.0
201212070900,201212070930,-9999.0,1.0,108.4,2.975,8.817,2.02727,3.11226,1.7538,2.74642,348.758,-9999.0,7.25,-9999.0
201212070930,201212071000,-9999.0,1.0,158.4,3.623,9.175,2.07577,3.3838,1.76371,3.189,427.261,-9999.0,7.22,-9999.0
201212071000,201212071030,-9999.0,1.0,187.5,4.27,9.012,2.05547,3.31924,1.75299,3.37177,492.152,-9999.0,7.2,-9999.0
201212071030,201212071100,-9999.0,1.0,158.7,3.661,9.177,2.0786,3.25469,1.75519,3.17774,542.322,-9999.0,7.19,-9999.0
201212071100,201212071130,-9999.0,1.0,155.0,3.606,9.319,2.09879,3.1058,1.75646,3.14369,576.912,-9999.0,7.18,-9999.0
201212071130,201212071200,-9999.0,1.0,281.1,1.816,5.937,1.67039,0.770525,1.61711,3.77081,595.33,-9999.0,7.17,80.5
201212071200,201212071230,-1.22615,0.0,356.9,3.039,8.06,1.9362,3.18429,1.69841,3.98032,597.261,-9999.0,7.17,71.8
201212071230,201212071300,-9999.0,1.0,212.8,4.317,9.49,2.12559,3.08183,1.75015,3.47981,582.672,-9999.0,7.17,63.63
201212071300,201212071330,-9999.0,1.0,265.2,5.129,10.8,2.30597,3.78371,1.79598,3.7011,551.813,-9999.0,7.18,60.42
201212071330,201212071400,-1.93961,0.0,284.3,5.433,11.54,2.41127,4.27036,1.81938,3.76416,505.211,-9999.0,7.2,60.08
201212071400,201212071430,-1.09729,0.0,150.9,5.04,11.13,2.35493,3.38493,1.7995,3.07109,443.664,-9999.0,7.23,61.95
201212071430,201212071500,-0.623696,0.0,104.2,4.39,10.46,2.26309,2.84046,1.76979,2.61093,368.226,-9999.0,7.27,65.34
201212071500,201212071530,-9999.0,1.0,92.9,3.879,9.89,2.18631,2.94473,1.74378,2.46017,280.186,-9999.0,7.31,68.19
201212071530,201212071600,-9999.0,1.0,56.25,3.445,9.4,2.12135,2.2835,1.72076,1.84555,181.051,-9999.0,7.36,70.8
201212071600,201212071630,1.15154,0.0,11.36,2.889,8.86,2.05056,0.898942,1.69579,0.533524,72.5184,-9999.0,7.41,74.6
201212071630,201212071700,2.06262,0.0,0.689,2.392,8.46,1.99909,-0.052912,1.67616,0.03599,1.04101,-9999.0,7.47,78.4
201212071700,201212071730,2.07864,0.0,0.0,1.754,8.04,1.94557,-0.111574,1.65575,0.0,0.0,-9999.0,7.52,83.7
201212071730,201212071800,2.28341,0.0,0.001,0.841,7.51,1.87859,-0.37009,1.63107,5.2e-05,0.0,-9999.0,7.56,91.9
201212071800,201212071830,-0.19424,0.0,0.0,0.0,7.29,1.85175,2.08599,1.61841,0.0,0.0,-9999.0,7.61,100.0
201212071830,201212071900,1.08525,0.0,0.0,2.961,7.65,1.89882,0.844665,1.6282,0.0,0.0,-9999.0,7.64,71.7395
201212071900,201212071930,-9999.0,1.0,0.0,0.035,9.09,2.08881,0.603431,1.67887,0.0,0.0,-9999.0,7.68,99.7
201212071930,201212072000,-9999.0,1.0,0.0,0.782,10.39,2.26731,0.624795,1.72302,0.0,0.0,-9999.0,7.7,93.8
201212072000,201212072030,3.30889,0.0,0.0,0.111,10.05,2.22173,-1.12258,1.70605,0.0,0.0,-9999.0,7.73,99.1
201212072030,201212072100,1.59,0.0,0.0,3.184,9.93,2.2066,0.584658,1.69724,0.0,0.0,-9999.0,7.76,73.9597
201212072100,201212072130,1.79657,0.0,0.0,3.358,10.04,2.22307,0.391106,1.69692,0.0,0.0,-9999.0,7.79,72.7371
201212072130,201212072200,-9999.0,1.0,0.0,1.718,5.538,1.64273,0.082871,1.52201,0.0,0.0,-9999.0,7.81,-9999.0
201212072200,201212072230,-9999.0,1.0,0.0,1.715,5.554,1.64566,0.082479,1.51869,0.0,0.0,-9999.0,7.85,-9999.0
201212072230,201212072300,-9999.0,1.0,0.0,1.706,5.572,1.64883,0.054317,1.51545,0.0,0.0,-9999.0,7.88,-9999.0
201212072300,201212072330,-9999.0,1.0,0.011,1.697,5.59,1.65201,0.10496,1.51221,0.000509,0.0,-9999.0,7.91,-9999.0
201212072330,201212080000,-9999.0,1.0,0.002,1.691,5.607,1.65507,0.108464,1.50892,9.2e-05,0.0,-9999.0,7.94,-9999.0
201212080000,201212080030,-9999.0,1.0,0.031,1.686,5.625,1.65826,0.116882,1.50567,0.001403,0.0,-9999.0,7.97,-9999.0
201212080030,201212080100,-9999.0,1.0,0.0,1.68,5.643,1.66145,0.094642,1.5073,0.0,0.0,-9999.0,8.01,-9999.0
201212080100,201212080130,-9999.0,1.0,0.002,1.674,5.662,1.66476,0.079395,1.50898,9.1e-05,0.0,-9999.0,8.04,-9999.0
201212080130,201212080200,-9999.0,1.0,0.006,1.667,5.681,1.66808,0.04994,1.51065,0.000271,0.0,-9999.0,8.06,-9999.0
201212080200,201212080230,-9999.0,1.0,0.008,1.67,5.701,1.67152,0.04381,1.51237,0.000362,0.0,-9999.0,8.07,-9999.0
201212080230,201212080300,-9999.0,1.0,0.112,1.674,5.722,1.6751,0.053003,1.51412,0.005061,0.0,-9999.0,8.08,-9999.0
201212080300,201212080330,-9999.0,1.0,0.196,1.677,5.743,1.67867,0.056089,1.51588,0.008847,0.0,-9999.0,8.09,-9999.0
201212080330,201212080400,-9999.0,1.0,0.307,1.682,5.764,1.68225,0.068839,1.51764,0.01384,0.0,-9999.0,8.09,-9999.0
201212080400,201212080430,-9999.0,1.0,0.219,1.672,5.786,1.68596,0.078963,1.51943,0.009879,0.0,-9999.0,8.1,-9999.0
201212080430,201212080500,-9999.0,1.0,0.139,1.664,5.809,1.6898,0.082261,1.52127,0.006273,0.0,-9999.0,8.1,-9999.0
201212080500,201212080530,-9999.0,1.0,0.077,1.654,5.834,1.69388,0.064976,1.52318,0.003476,0.0,-9999.0,8.09,-9999.0
201212080530,201212080600,-9999.0,1.0,0.219,1.65,5.858,1.69785,0.062643,1.52506,0.009872,0.0,-9999.0,8.09,-9999.0
201212080600,201212080630,-9999.0,1.0,0.25,1.644,5.882,1.70183,0.071284,1.52694,0.011263,0.0,-9999.0,8.08,-9999.0
201212080630,201212080700,-9999.0,1.0,0.264,1.639,5.907,1.70594,0.077171,1.52885,0.011889,0.0,-9999.0,8.06,-9999.0
201212080700,201212080730,-9999.0,1.0,1.324,1.645,5.963,1.71387,0.089356,1.53197,0.059018,0.0,-9999.0,8.04,-9999.0
201212080730,201212080800,-9999.0,1.0,9.91,1.644,6.008,1.72047,0.092081,1.53466,0.408639,41.5803,-9999.0,8.02,-9999.0
201212080800,201212080830,-9999.0,1.0,39.15,1.711,5.271,1.63142,0.115472,1.50697,1.28899,150.96,-9999.0,8.0,-9999.0
201212080830,201212080900,-9999.0,1.0,101.7,2.67,8.629,2.06103,2.71072,1.63624,2.34602,252.722,-9999.0,7.98,-9999.0
201212080900,201212080930,-9999.0,1.0,157.7,3.404,9.258,2.14756,3.18674,1.66067,2.86759,343.829,-9999.0,7.95,-9999.0
201212080930,201212081000,-9999.0,1.0,200.0,4.218,9.509,2.18333,3.34991,1.67099,3.1317,422.724,-9999.0,7.91,-9999.0
201212081000,201212081030,-9999.0,1.0,262.5,4.928,10.308,2.296,3.80485,1.7014,3.41072,488.055,-9999.0,7.88,-9999.0
201212081030,201212081100,-9999.0,1.0,319.5,5.558,10.196,2.28162,4.33459,1.69835,3.59004,538.705,-9999.0,7.86,-9999.0
201212081100,201212081130,-9999.0,1.0,197.5,4.242,9.559,2.19418,3.31925,1.67594,3.09469,573.807,-9999.0,7.83,-9999.0
201212081130,201212081200,-9999.0,1.0,192.9,4.246,9.408,2.17465,3.14331,1.67138,3.06115,592.761,-9999.0,7.81,-9999.0
201212081200,201212081230,-9999.0,1.0,263.2,5.131,10.209,2.28756,3.67292,1.70198,3.37786,595.243,-9999.0,7.8,-9999.0
201212081230,201212081300,-9999.0,1.0,216.8,4.597,10.046,2.26602,3.28362,1.69704,3.17136,581.209,-9999.0,7.79,-9999.0
201212081300,201212081330,-9999.0,1.0,249.6,4.87,10.347,2.3098,3.44554,1.70915,3.30766,550.9,-9999.0,7.79,-9999.0
201212081330,201212081400,-9999.0,1.0,257.4,5.123,10.199,2.29027,3.43122,1.70476,3.32942,504.836,-9999.0,7.79,-9999.0
201212081400,201212081430,-9999.0,1.0,185.6,4.07,9.388,2.17842,3.14752,1.6758,2.98135,443.803,-9999.0,7.79,-9999.0
201212081430,201212081500,-9999.0,1.0,99.7,2.53,8.512,2.06013,2.72392,1.64401,2.26445,368.846,-9999.0,7.81,-9999.0
201212081500,201212081530,-9999.0,1.0,52.43,2.084,8.601,2.07339,1.40807,1.64837,1.54718,281.247,-9999.0,7.82,-9999.0
201212081530,201212081600,-9999.0,1.0,35.49,1.669,5.78,1.70871,0.167521,1.54099,1.17428,182.507,-9999.0,7.83,-9999.0
201212081600,201212081630,-9999.0,1.0,13.74,1.638,6.387,1.78577,0.184859,1.56562,0.540997,74.313,-9999.0,7.83,-9999.0
201212081630,201212081700,-9999.0,1.0,2.528,1.638,6.392,1.78747,0.173612,1.56678,0.110682,1.30452,-9999.0,7.83,-9999.0
201212081700,201212081730,-9999.0,1.0,0.039,1.632,6.356,1.78398,0.166174,1.56634,0.001752,0.0,-9999.0,7.83,-9999.0
201212081730,201212081800,-9999.0,1.0,0.0,1.636,6.378,1.78783,0.173279,1.56816,0.0,0.0,-9999.0,7.82,-9999.0
201212081800,201212081830,-9999.0,1.0,0.0,1.638,6.402,1.79194,0.177585,1.57005,0.0,0.0,-9999.0,7.81,-9999.0
201212081830,201212081900,-9999.0,1.0,0.0,1.646,6.43,1.79657,0.183911,1.57211,0.0,0.0,-9999.0,7.8,-9999.0
201212081900,201212081930,-9999.0,1.0,0.0,1.657,6.458,1.8012,0.187831,1.57416,0.0,0.0,-9999.0,7.78,-9999.0
201212081930,201212082000,-9999.0,1.0,0.0,1.666,6.486,1.80584,0.191757,1.57621,0.0,0.0,-9999.0,7.76,-9999.0
201212082000,201212082030,-9999.0,1.0,0.011,1.674,6.513,1.81036,0.198592,1.57823,0.000494,0.0,-9999.0,7.74,-9999.0
201212082030,201212082100,-9999.0,1.0,0.112,1.682,6.539,1.81476,0.197138,1.58021,0.005018,0.0,-9999.0,7.72,-9999.0
201212082100,201212082130,-9999.0,1.0,0.13,1.689,6.567,1.81942,0.202466,1.58227,0.005822,0.0,-9999.0,7.69,-9999.0
201212082130,201212082200,-9999.0,1.0,0.004,1.687,6.596,1.82421,0.196794,1.58437,0.000179,0.0,-9999.0,7.67,-9999.0
201212082200,201212082230,-9999.0,1.0,0.0,1.683,6.626,1.82915,0.203532,1.5865,0.0,0.0,-9999.0,7.64,-9999.0
201212082230,201212082300,-9999.0,1.0,0.0,1.679,6.656,1.83409,0.194423,1.58864,0.0,0.0,-9999.0,7.62,-9999.0
201212082300,201212082330,-9999.0,1.0,0.0,1.673,6.686,1.83904,0.205622,1.59078,0.0,0.0,-9999.0,7.6,-9999.0
201212082330,201212090000,-9999.0,1.0,0.0,1.666,6.717,1.84413,0.205809,1.59296,0.0,0.0,-9999.0,7.57,-9999.0
201212090000,201212090030,-9999.0,1.0,0.0,1.662,6.749,1.84935,0.202327,1.59518,0.0,0.0,-9999.0,7.54,-9999.0
201212090030,201212090100,-9999.0,1.0,0.0,1.658,6.782,1.85472,0.206827,1.59744,0.0,0.0,-9999.0,7.51,-9999.0
201212090100,201212090130,-9999.0,1.0,0.0,1.655,6.817,1.86035,0.192312,1.59978,0.0,0.0,-9999.0,7.49,-9999.0
201212090130,201212090200,-9999.0,1.0,0.075,1.653,6.849,1.8656,0.201777,1.602,0.003354,0.0,-9999.0,7.46,-9999.0
201212090200,201212090230,-9999.0,1.0,0.116,1.649,6.881,1.87087,0.211018,1.60423,0.005184,0.0,-9999.0,7.43,-9999.0
201212090230,201212090300,-9999.0,1.0,0.048,1.646,6.913,1.87614,0.224174,1.60645,0.002146,0.0,-9999.0,7.4,-9999.0
201212090300,201212090330,-9999.0,1.0,0.0,1.644,6.946,1.88155,0.247661,1.60872,0.0,0.0,-9999.0,7.37,-9999.0
201212090330,201212090400,-9999.0,1.0,0.0,1.64,6.977,1.88671,0.248403,1.6109,0.0,0.0,-9999.0,7.35,-9999.0
201212090400,201212090430,-9999.0,1.0,0.0,1.637,7.006,1.89162,0.255577,1.61301,0.0,0.0,-9999.0,7.32,-9999.0
201212090430,201212090500,-9999.0,1.0,0.0,1.634,7.035,1.89653,0.239987,1.61512,0.0,0.0,-9999.0,7.29,-9999.0
201212090500,201212090530,-9999.0,1.0,0.0,1.631,7.065,1.90159,0.244217,1.61728,0.0,0.0,-9999.0,7.26,-9999.0
201212090530,201212090600,-9999.0,1.0,0.0,1.629,7.092,1.90625,0.251204,1.61931,0.0,0.0,-9999.0,7.24,-9999.0
201212090600,201212090630,-9999.0,1.0,0.0,1.625,7.115,1.9104,0.254698,1.62119,0.0,0.0,-9999.0,7.21,-9999.0
201212090630,201212090700,-9999.0,1.0,0.084,1.618,7.136,1.91429,0.257983,1.62299,0.003748,0.0,-9999.0,7.19,-9999.0
201212090700,201212090730,-9999.0,1.0,1.358,1.62,7.208,1.92492,0.275196,1.62679,0.059658,0.0,-9999.0,7.16,-9999.0
201212090730,201212090800,-9999.0,1.0,11.1,1.616,7.219,1.92751,0.291603,1.6282,0.437708,40.0729,-9999.0,7.13,-9999.0
201212090800,201212090830,-9999.0,1.0,35.13,1.623,5.884,1.75556,0.227583,1.57639,1.11294,149.106,-9999.0,7.11,-9999.0
201212090830,201212090900,-9999.0,1.0,97.4,2.503,8.503,2.10326,2.84469,1.68008,2.06815,250.82,-9999.0,7.09,-9999.0
201212090900,201212090930,-9999.0,1.0,164.1,3.184,9.164,2.19642,3.11407,1.70646,2.58313,341.885,-9999.0,7.07,-9999.0
201212090930,201212091000,-9999.0,1.0,220.9,4.417,9.923,2.30542,3.21847,1.73636,2.84817,420.742,-9999.0,7.05,-9999.0
201212091000,201212091030,-9999.0,1.0,273.2,5.633,9.935,2.30849,3.2828,1.73785,3.01695,486.043,-9999.0,7.03,-9999.0
201212091030,201212091100,-9999.0,1.0,316.1,5.407,9.606,2.26281,3.95678,1.72641,3.11959,536.669,-9999.0,7.02,-9999.0
201212091100,201212091130,-9999.0,1.0,348.0,5.486,9.463,2.24381,4.14615,1.722,3.17894,571.755,-9999.0,7.01,-9999.0
201212091130,201212091200,-9999.0,1.0,369.7,5.882,9.639,2.27016,4.58045,1.72974,3.21036,590.7,-9999.0,7.01,-9999.0
201212091200,201212091230,-9999.0,1.0,378.4,5.862,9.342,2.22927,4.61191,1.71944,3.21566,593.181,-9999.0,7.01,-9999.0
201212091230,201212091300,-9999.0,1.0,240.6,4.51,10.424,2.38607,3.24886,1.76158,2.87038,579.154,-9999.0,7.01,-9999.0
201212091300,201212091330,-9999.0,1.0,355.4,5.897,9.304,2.22649,4.27347,1.72005,3.15345,548.859,-9999.0,7.02,-9999.0
201212091330,201212091400,-9999.0,1.0,325.3,5.928,9.622,2.27303,3.91887,1.73324,3.08241,502.816,-9999.0,7.03,-9999.0
201212091400,201212091430,-9999.0,1.0,282.5,5.566,10.214,2.35966,3.24019,1.7568,2.97009,441.812,-9999.0,7.05,-9999.0
201212091430,201212091500,-9999.0,1.0,231.9,4.645,10.316,2.37587,2.93463,1.76171,2.80651,366.89,-9999.0,7.08,-9999.0
201212091500,201212091530,-9999.0,1.0,169.2,3.631,9.851,2.30987,2.26703,1.7451,2.528,279.333,-9999.0,7.1,-9999.0
201212091530,201212091600,-9999.0,1.0,103.7,2.841,9.398,2.24634,2.54749,1.72881,2.06269,180.638,-9999.0,7.12,-9999.0
201212091600,201212091630,-9999.0,1.0,33.82,1.6,5.879,1.77138,0.21894,1.59138,1.05856,72.4949,-9999.0,7.15,-9999.0
201212091630,201212091700,-9999.0,1.0,4.107,1.61,7.247,1.9516,0.299382,1.64698,0.173341,1.06436,-9999.0,7.17,-9999.0
201212091700,201212091730,-9999.0,1.0,0.102,1.601,7.219,1.94898,0.288932,1.64685,0.004527,0.0,-9999.0,7.18,-9999.0
201212091730,201212091800,-9999.0,1.0,0.006,1.604,7.237,1.95252,0.291929,1.64854,0.000267,0.0,-9999.0,7.2,-9999.0
201212091800,201212091830,-9999.0,1.0,0.002,1.606,7.258,1.95647,0.295253,1.65036,8.9e-05,0.0,-9999.0,7.21,-9999.0
201212091830,201212091900,-9999.0,1.0,0.0,1.598,7.277,1.96015,0.298364,1.6521,0.0,0.0,-9999.0,7.21,-9999.0
201212091900,201212091930,-9999.0,1.0,0.034,1.591,7.294,1.96357,0.307341,1.65375,0.001509,0.0,-9999.0,7.21,-9999.0
201212091930,201212092000,-9999.0,1.0,0.197,1.584,7.308,1.96659,0.309914,1.65529,0.008723,0.0,-9999.0,7.21,-9999.0
201212092000,201212092030,-9999.0,1.0,0.215,1.575,7.32,1.96934,0.312274,1.65675,0.009515,0.0,-9999.0,7.2,-9999.0
201212092030,201212092100,-9999.0,1.0,0.314,1.566,7.33,1.97183,0.314417,1.65813,0.013874,0.0,-9999.0,7.2,-9999.0
201212092100,201212092130,-9999.0,1.0,0.308,1.555,7.339,1.97418,0.298994,1.65947,0.013607,0.0,-9999.0,7.18,-9999.0
201212092130,201212092200,-9999.0,1.0,0.302,1.545,7.348,1.97654,0.301031,1.66082,0.01334,0.0,-9999.0,7.16,-9999.0
201212092200,201212092230,-9999.0,1.0,0.313,1.536,7.356,1.97876,0.302961,1.66212,0.01382,0.0,-9999.0,7.14,-9999.0
201212092230,201212092300,-9999.0,1.0,0.245,1.528,7.361,1.98058,0.299575,1.6633,0.010825,0.0,-9999.0,7.11,-9999.0
201212092300,201212092330,-9999.0,1.0,0.252,1.519,7.364,1.98212,0.300962,1.66441,0.011131,0.0,-9999.0,7.08,-9999.0
201212092330,201212100000,-9999.0,1.0,0.314,1.51,7.369,1.98394,0.302567,1.66559,0.013854,0.0,-9999.0,7.04,-9999.0
201212100000,201212100030,-9999.0,1.0,0.33,1.5,7.372,1.98549,0.307405,1.6667,0.014553,0.0,-9999.0,7.01,-9999.0
201212100030,201212100100,-9999.0,1.0,0.322,1.499,7.379,1.98758,0.30923,1.66796,0.014198,0.0,-9999.0,6.97,-9999.0
201212100100,201212100130,-9999.0,1.0,0.33,1.499,7.389,1.99008,0.331963,1.66934,0.014546,0.0,-9999.0,6.933,-9999.0
201212100130,201212100200,-9999.0,1.0,0.33,1.499,7.4,1.99272,0.319427,1.67077,0.014542,0.0,-9999.0,6.891,-9999.0
201212100200,201212100230,-9999.0,1.0,0.319,1.494,7.402,1.99414,0.331788,1.67183,0.014056,0.0,-9999.0,6.851,-9999.0
201212100230,201212100300,-9999.0,1.0,0.328,1.486,7.417,1.99732,0.334491,1.67342,0.014447,0.0,-9999.0,6.807,-9999.0
201212100300,201212100330,-9999.0,1.0,0.298,1.477,7.43,2.00024,0.336978,1.67493,0.013128,0.0,-9999.0,6.764,-9999.0
201212100330,201212100400,-9999.0,1.0,0.227,1.468,7.446,2.00357,0.339796,1.67655,0.010008,0.0,-9999.0,6.722,-9999.0
201212100400,201212100430,-9999.0,1.0,0.214,1.463,7.444,2.00444,0.340642,1.67746,0.009434,0.0,-9999.0,6.677,-9999.0
201212100430,201212100500,-9999.0,1.0,0.231,1.463,7.456,2.00723,0.359033,1.67893,0.010179,0.0,-9999.0,6.632,-9999.0
201212100500,201212100530,-9999.0,1.0,0.015,1.462,7.469,2.01015,0.355846,1.68043,0.000663,0.0,-9999.0,6.592,-9999.0
201212100530,201212100600,-9999.0,1.0,0.0,1.461,7.479,2.01267,0.392691,1.68182,0.0,0.0,-9999.0,6.557,-9999.0
201212100600,201212100630,-9999.0,1.0,0.0,1.459,7.491,2.01547,0.395078,1.68329,0.0,0.0,-9999.0,6.52,-9999.0
201212100630,201212100700,-9999.0,1.0,0.0,1.457,7.504,2.0184,0.420996,1.6848,0.0,0.0,-9999.0,6.483,-9999.0
201212100700,201212100730,-9999.0,1.0,0.658,1.455,7.539,2.02435,0.417349,1.68719,0.02878,0.0,-9999.0,6.455,-9999.0
201212100730,201212100800,-9999.0,1.0,5.827,1.463,7.589,2.03239,0.432773,1.69019,0.237151,35.6287,-9999.0,6.43,-9999.0
201212100800,201212100830,-9999.0,1.0,19.1,1.5,7.633,2.03961,0.457875,1.69294,0.661744,143.841,-9999.0,6.409,-9999.0
201212100830,201212100900,-9999.0,1.0,38.27,1.471,6.387,1.87214,0.522451,1.64352,1.096,245.838,-9999.0,6.39,-9999.0
201212100900,201212100930,-9999.0,1.0,73.2,2.369,8.863,2.21487,2.2389,1.74389,1.60195,337.245,-9999.0,6.373,-9999.0
201212100930,201212101000,-9999.0,1.0,126.2,3.163,9.376,2.29011,2.72849,1.7651,2.04268,416.498,-9999.0,6.356,-9999.0
201212101000,201212101030,-9999.0,1.0,221.0,4.665,10.782,2.4996,2.70427,1.82077,2.44845,482.242,-9999.0,6.347,-9999.0
201212101030,201212101100,-9999.0,1.0,321.2,5.921,9.631,2.32992,3.8102,1.77716,2.66785,533.351,-9999.0,6.345,-9999.0
201212101100,201212101130,-9999.0,1.0,386.2,5.862,9.423,2.30086,4.71413,1.77004,2.75424,568.951,-9999.0,6.352,-9999.0
201212101130,201212101200,-9999.0,1.0,330.6,5.667,9.755,2.35078,3.73512,1.78409,2.66414,588.433,-9999.0,6.373,-9999.0
201212101200,201212101230,-9999.0,1.0,368.6,5.903,9.489,2.31311,4.28699,1.7747,2.71058,591.463,-9999.0,6.398,-9999.0
201212101230,201212101300,-9999.0,1.0,238.4,4.337,11.176,2.56657,2.80561,1.84125,2.45579,577.99,-9999.0,6.431,-9999.0
201212101300,201212101330,-9999.0,1.0,333.9,5.544,9.893,2.37515,3.31439,1.79261,2.64005,548.243,-9999.0,6.468,-9999.0
201212101330,201212101400,-9999.0,1.0,305.5,5.061,10.413,2.45395,2.75419,1.81392,2.58297,502.733,-9999.0,6.518,-9999.0
201212101400,201212101430,-9999.0,1.0,262.8,4.628,11.017,2.54667,2.71583,1.83835,2.4887,442.238,-9999.0,6.576,-9999.0
201212101430,201212101500,-9999.0,1.0,212.1,4.12,10.987,2.54354,2.56921,1.83826,2.34886,367.792,-9999.0,6.637,-9999.0
201212101500,201212101530,-9999.0,1.0,155.5,3.389,10.742,2.50775,2.53311,1.82986,2.13153,280.67,-9999.0,6.702,-9999.0
201212101530,201212101600,-9999.0,1.0,91.3,2.365,9.415,2.31145,2.42124,1.77902,1.72677,182.363,-9999.0,6.768,-9999.0
201212101600,201212101630,-9999.0,1.0,30.18,1.425,6.355,1.88386,0.416194,1.65662,0.911965,74.5512,-9999.0,6.834,-9999.0
201212101630,201212101700,-9999.0,1.0,3.302,1.441,7.572,2.05088,0.447109,1.70732,0.138063,1.37748,-9999.0,6.891,-9999.0
201212101700,201212101730,-9999.0,1.0,0.003,1.414,7.533,2.04662,0.436039,1.70673,0.000132,0.0,-9999.0,6.948,-9999.0
201212101730,201212101800,-9999.0,1.0,0.0,1.037,7.64,2.06267,0.724836,1.71206,0.0,0.0,-9999.0,7.01,90.1
201212101800,201212101830,0.105414,0.0,0.0,0.955,7.83,2.09041,1.99861,1.72075,0.0,0.0,-9999.0,7.05,91.0
201212101830,201212101900,2.18159,0.0,0.0,1.828,8.2,2.14382,-0.034909,1.73668,0.0,0.0,-9999.0,7.09,83.2
201212101900,201212101930,0.01787,0.0,0.0,1.814,8.0,2.11671,2.10741,1.72961,0.0,0.0,-9999.0,7.12,83.1
201212101930,201212102000,1.87661,0.0,0.0,0.573,6.784,1.94928,0.114387,1.68104,0.0,0.0,-9999.0,7.16,94.2
201212102000,201212102030,1.91824,0.0,0.0,0.505,6.263,1.88004,0.016611,1.6605,0.0,0.0,-9999.0,7.19,94.7
201212102030,201212102100,1.35916,0.0,0.0,0.354,6.313,1.8878,0.582155,1.66353,0.0,0.0,-9999.0,7.22,96.3
201212102100,201212102130,2.10167,0.0,0.0,0.855,6.387,1.8988,-0.151251,1.66756,0.0,0.0,-9999.0,7.24,91.1
201212102130,201212102200,0.874141,0.0,0.0,1.504,6.434,1.9062,1.08244,1.67046,0.0,0.0,-9999.0,7.26,84.4
201212102200,201212102230,0.755848,0.0,0.0,2.369,6.537,1.92119,1.21306,1.67569,0.0,0.0,-9999.0,7.28,75.6
201212102230,201212102300,-9999.0,1.0,0.002,1.986,5.357,1.76554,0.476985,1.62743,8.8e-05,0.0,-9999.0,7.29,77.8
201212102300,201212102330,-9999.0,1.0,0.0,1.665,4.759,1.68946,0.176205,1.60312,0.0,0.0,-9999.0,7.31,80.6
201212102330,201212110000,-9999.0,1.0,0.118,1.579,4.61,1.67144,0.116778,1.59772,0.005161,0.0,-9999.0,7.32,81.4
201212110000,201212110030,4.58529,0.0,0.191,1.245,4.097,1.6031,-2.8925,1.57675,0.008342,0.0,-9999.0,7.32,84.8
201212110030,201212110100,-9999.0,1.0,0.212,1.308,4.521,1.65221,0.1969,1.59576,0.009254,0.0,-9999.0,7.32,84.5
201212110100,201212110130,-9999.0,1.0,0.258,1.128,4.165,1.60382,-0.016111,1.58147,0.01125,0.0,-9999.0,7.32,86.3
201212110130,201212110200,2.45996,0.0,0.13,0.92,3.518,1.52093,-0.837033,1.55455,0.005679,0.0,-9999.0,7.31,88.3
201212110200,201212110230,4.77221,0.0,0.196,1.152,3.375,1.50009,-3.16717,1.54925,0.008551,0.0,-9999.0,7.3,85.2
201212110230,201212110300,-9999.0,1.0,0.231,0.957,2.478,1.39128,-0.501384,1.51107,0.01007,0.0,-9999.0,7.29,86.9
201212110300,201212110330,-9999.0,1.0,0.214,1.272,2.739,1.41803,-0.504155,1.52335,0.009329,0.0,-9999.0,7.27,82.9
201212110330,201212110400,-9999.0,1.0,0.245,1.558,2.83,1.42513,-0.49828,1.5282,0.010672,0.0,-9999.0,7.26,79.2
201212110400,201212110430,-9999.0,1.0,0.244,1.848,2.985,1.43967,-0.486042,1.53584,0.010626,0.0,-9999.0,7.24,75.6
201212110430,201212110500,-0.179258,0.0,0.038,2.321,3.255,1.46774,1.7557,1.54848,0.00166,0.0,-9999.0,7.22,69.93
201212110500,201212110530,0.198729,0.0,0.017,2.445,3.052,1.44041,1.35418,1.54052,0.000743,0.0,-9999.0,7.2,67.86
201212110530,201212110600,0.796902,0.0,0.001,2.754,3.418,1.47968,0.789261,1.55734,4.4e-05,0.0,-9999.0,7.18,64.73
201212110600,201212110630,-9999.0,1.0,0.0,2.814,3.827,1.52448,-0.147477,1.57596,0.0,0.0,-9999.0,7.17,64.99
201212110630,201212110700,-9999.0,1.0,0.068,1.8,1.783,1.28689,-0.643477,1.48728,0.002967,0.0,-9999.0,7.14,74.1
201212110700,201212110730,-9999.0,1.0,1.443,1.256,0.658,1.16372,-0.693566,1.43784,0.061485,0.0,-9999.0,7.12,80.4
201212110730,201212110800,-9999.0,1.0,11.15,0.945,0.419,1.13619,-0.7403,1.42789,0.408576,34.4377,-9999.0,7.1,85.0
201212110800,201212110830,-9999.0,1.0,30.25,0.843,0.191,1.11016,-0.871738,1.41839,0.871416,142.272,-9999.0,7.07,86.4
201212110830,201212110900,-9999.0,1.0,89.6,0.911,0.876,1.17765,1.18523,1.45011,1.56356,244.23,-9999.0,7.05,86.0
201212110900,201212110930,-9999.0,1.0,154.1,1.447,2.626,1.36385,1.57186,1.52885,1.88666,335.602,-9999.0,7.03,80.4
201212110930,201212111000,2.16255,0.0,209.4,2.26,4.404,1.56653,-0.504803,1.60722,2.03896,414.826,-9999.0,6.997,73.0
201212111000,201212111030,-0.25756,0.0,260.7,4.347,7.08,1.8981,2.18762,1.72154,2.13023,480.544,-9999.0,6.965,56.86
201212111030,201212111100,2.26573,0.0,303.3,4.938,8.15,2.03546,-0.225999,1.76677,2.18257,531.634,-9999.0,6.928,54.45
201212111100,201212111130,-1.59511,0.0,335.8,5.417,8.53,2.08177,3.67127,1.78334,2.21085,567.22,-9999.0,6.898,51.31
201212111130,201212111200,-0.24022,0.0,357.7,6.265,9.42,2.19889,2.40818,1.82052,2.223,586.694,-9999.0,6.885,46.97
201212111200,201212111230,-1.9594,0.0,366.2,7.145,10.19,2.30135,4.20678,1.8525,2.2208,589.723,-9999.0,6.882,42.57
201212111230,201212111300,-1.1603,0.0,233.3,8.023,10.96,2.40544,3.4876,1.88419,2.03943,576.255,-9999.0,6.886,38.74
201212111300,201212111330,-9999.0,1.0,347.5,9.245,12.21,2.58182,3.81532,1.93431,2.18321,546.52,-9999.0,6.897,35.01
201212111330,201212111400,-9999.0,1.0,322.3,9.633,12.29,2.58704,3.60211,1.93852,2.14759,501.028,-9999.0,6.916,32.64
201212111400,201212111430,-0.038738,0.0,281.1,9.041,11.65,2.48656,2.42713,1.91461,2.08852,440.555,-9999.0,6.944,34.05
201212111430,201212111500,-0.330895,0.0,229.8,8.649,11.01,2.38799,2.6436,1.89044,1.99956,366.138,-9999.0,6.979,34.18
201212111500,201212111530,-9999.0,1.0,171.9,8.549,10.95,2.37328,2.49877,1.88913,1.86105,279.049,-9999.0,7.02,34.68
201212111530,201212111600,-9999.0,1.0,109.2,7.396,9.75,2.19937,2.63954,1.84214,1.61676,180.779,-9999.0,7.06,38.77
201212111600,201212111630,-9999.0,1.0,35.73,6.499,8.56,2.03295,0.907976,1.7947,0.944555,73.0092,-9999.0,7.1,41.7
201212111630,201212111700,-9999.0,1.0,3.584,5.438,7.09,1.8371,0.546132,1.73468,0.146225,1.15809,-9999.0,7.14,46.07
201212111700,201212111730,-9999.0,1.0,0.118,4.83,6.045,1.70237,0.463434,1.6915,0.005118,0.0,-9999.0,7.17,48.52
201212111730,201212111800,-9999.0,1.0,0.004,4.114,5.237,1.60076,0.146923,1.65788,0.000174,0.0,-9999.0,7.19,53.63
201212111800,201212111830,-9999.0,1.0,0.073,3.119,3.683,1.41785,-0.401105,1.59123,0.003167,0.0,-9999.0,7.21,60.8
201212111830,201212111900,2.81537,0.0,0.004,2.873,2.951,1.33373,-1.35955,1.55981,0.000174,0.0,-9999.0,7.22,61.97
201212111900,201212111930,-9999.0,1.0,0.169,2.09,1.792,1.20804,-0.717283,1.5089,0.007316,0.0,-9999.0,7.22,69.95
201212111930,201212112000,-9999.0,1.0,0.255,1.358,0.389,1.06534,-0.766748,1.44604,0.011018,0.0,-9999.0,7.22,78.4
201212112000,201212112030,-9999.0,1.0,0.299,1.271,0.335,1.05734,-0.774155,1.44438,0.012906,0.0,-9999.0,7.22,79.7
201212112030,201212112100,-9999.0,1.0,0.276,1.596,0.941,1.11324,-0.795946,1.47288,0.011915,0.0,-9999.0,7.2,75.6
201212112100,201212112130,-9999.0,1.0,0.116,1.888,1.412,1.15691,-0.768657,1.49511,0.005022,0.0,-9999.0,7.19,72.1
201212112130,201212112200,0.374669,0.0,0.008,2.189,2.064,1.21984,0.980694,1.52539,0.000347,0.0,-9999.0,7.17,69.13
201212112200,201212112230,0.914524,0.0,0.0,2.406,2.689,1.28142,0.494646,1.55427,0.0,0.0,-9999.0,7.14,67.55
201212112230,201212112300,0.925936,0.0,0.0,2.369,2.572,1.26574,0.46938,1.54991,0.0,0.0,-9999.0,7.12,67.78
201212112300,201212112330,1.59681,0.0,0.0,2.047,1.901,1.19349,-0.265188,1.52061,0.0,0.0,-9999.0,7.09,70.8
201212112330,201212120000,0.793356,0.0,0.0,2.209,2.058,1.20616,0.549302,1.52855,0.0,0.0,-9999.0,7.06,68.84
201212120000,201212120030,1.02678,0.0,0.0,2.278,2.108,1.20796,0.317312,1.53166,0.0,0.0,-9999.0,7.03,67.97
201212120030,201212120100,3.05856,0.0,0.0,1.826,1.304,1.12469,-1.78862,1.49193,0.0,0.0,-9999.0,6.998,72.8
201212120100,201212120130,1.19541,0.0,0.0,1.9,1.503,1.14111,0.089066,1.49767,0.0,0.0,-9999.0,6.971,72.1
201212120130,201212120200,1.50445,0.0,0.034,2.002,1.594,1.14694,-0.214925,1.49848,0.001458,0.0,-9999.0,6.943,70.8
201212120200,201212120230,5.04347,0.0,0.105,2.059,1.699,1.15413,-3.74768,1.49991,0.004481,0.0,-9999.0,6.912,70.2
201212120230,201212120300,4.11564,0.0,0.181,1.846,1.248,1.10704,-2.8621,1.4762,0.007687,0.0,-9999.0,6.881,72.4
201212120300,201212120330,3.74227,0.0,0.18,2.062,1.584,1.13654,-2.46246,1.48809,0.007619,0.0,-9999.0,6.85,69.91
201212120330,201212120400,1.98931,0.0,0.146,2.105,1.682,1.14297,-0.703911,1.48919,0.006164,0.0,-9999.0,6.821,69.49
201212120400,201212120430,-9999.0,1.0,0.007,1.861,1.213,1.09455,-0.611004,1.46474,0.000295,0.0,-9999.0,6.792,72.1
201212120430,201212120500,-9999.0,1.0,0.006,1.468,0.362,1.01204,-0.773983,1.42284,0.000252,0.0,-9999.0,6.767,76.6
201212120500,201212120530,0.566682,0.0,0.005,1.316,-0.039,0.972955,0.564257,1.40128,0.00021,0.0,-9999.0,6.742,78.4
201212120530,201212120600,-9999.0,1.0,0.051,1.263,-0.156,0.95982,-0.962786,1.3927,0.002128,0.0,-9999.0,6.719,79.1
201212120600,201212120630,-9999.0,1.0,0.088,1.364,0.205,0.989383,-0.838905,1.40594,0.003657,0.0,-9999.0,6.695,78.0
201212120630,201212120700,3.42607,0.0,0.191,1.099,-0.748,0.902927,-2.36051,1.35915,0.007895,0.0,-9999.0,6.668,81.0
201212120700,201212120730,2.25614,0.0,1.403,0.977,-0.836,0.892878,-1.20011,1.35191,0.056516,0.0,-9999.0,6.64,83.0
201212120730,201212120800,2.79361,0.0,10.99,0.964,-0.699,0.902026,-1.72912,1.35499,0.37556,30.5392,-9999.0,6.615,83.4
201212120800,201212120830,3.01797,0.0,29.87,1.188,0.249,0.982199,-1.87925,1.39495,0.787467,137.288,-9999.0,6.586,80.9
201212120830,201212120900,0.297133,0.0,90.8,2.004,2.145,1.15578,0.998283,1.47661,1.3818,239.535,-9999.0,6.558,71.9
201212120900,201212120930,-9999.0,1.0,158.0,2.507,3.218,1.25857,0.790161,1.52047,1.63907,331.255,-9999.0,6.523,67.44
201212120930,201212121000,-9999.0,1.0,214.8,3.314,4.693,1.40788,0.561981,1.58094,1.75448,410.879,-9999.0,6.489,61.2
201212121000,201212121030,-9999.0,1.0,267.2,4.382,6.276,1.57678,1.01249,1.6447,1.82351,477.045,-9999.0,6.456,54.04
201212121030,201212121100,-9999.0,1.0,311.5,4.675,6.64,1.61322,2.47455,1.65645,1.86521,528.62,-9999.0,6.432,52.18
201212121100,201212121130,-9999.0,1.0,345.3,5.087,7.13,1.66433,2.43838,1.67334,1.88954,564.723,-9999.0,6.417,49.69
201212121130,201212121200,-9999.0,1.0,365.6,4.801,10.094,2.01364,2.87089,1.79042,1.90069,584.734,-9999.0,6.413,-9999.0
201212121200,201212121230,-9999.0,1.0,373.2,4.83,10.295,2.03281,2.77771,1.7948,1.90244,588.313,-9999.0,6.417,-9999.0
201212121230,201212121300,-9999.0,1.0,235.0,6.082,9.3,1.90476,2.62524,1.75137,1.76545,575.396,-9999.0,6.428,48.1
201212121300,201212121330,-9999.0,1.0,350.6,6.594,9.68,1.94534,2.32126,1.76302,1.88015,546.207,-9999.0,6.445,45.15
201212121330,201212121400,0.609971,0.0,321.2,7.518,10.6,2.05296,1.43087,1.79599,1.85366,501.244,-9999.0,6.47,41.2
201212121400,201212121430,-0.168761,0.0,280.3,7.435,10.35,2.01598,2.18021,1.78246,1.81137,441.276,-9999.0,6.5,40.87
201212121430,201212121500,0.008996,0.0,229.8,6.871,9.39,1.89335,1.90463,1.74057,1.74455,367.329,-9999.0,6.536,41.72
201212121500,201212121530,0.178497,0.0,168.5,6.84,9.35,1.88298,1.72664,1.73536,1.6258,280.669,-9999.0,6.575,41.83
201212121530,201212121600,0.802293,0.0,103.5,5.815,8.33,1.75757,1.00136,1.69063,1.40341,182.779,-9999.0,6.616,47.01
201212121600,201212121630,-9999.0,1.0,29.43,1.155,5.689,1.45947,0.033693,1.57817,0.744923,75.3327,-9999.0,6.655,-9999.0
201212121630,201212121700,-9999.0,1.0,3.512,1.141,6.75,1.56952,0.088891,1.61882,0.127633,1.53924,-9999.0,6.691,-9999.0
201212121700,201212121730,-9999.0,1.0,0.215,1.14,6.711,1.56057,0.073873,1.61369,0.008248,0.0,-9999.0,6.72,-9999.0
201212121730,201212121800,-9999.0,1.0,0.212,2.392,3.349,1.21011,-0.364342,1.46859,0.008104,0.0,-9999.0,6.741,69.21
201212121800,201212121830,-9999.0,1.0,0.224,1.557,1.911,1.07191,-0.586363,1.40304,0.008529,0.0,-9999.0,6.76,77.8
201212121830,201212121900,-9999.0,1.0,0.31,1.32,1.207,1.00591,-0.694741,1.36896,0.011742,0.0,-9999.0,6.772,80.2
201212121900,201212121930,-9999.0,1.0,0.323,1.182,0.836,0.970682,-0.639396,1.34939,0.012186,0.0,-9999.0,6.775,81.8
201212121930,201212122000,-9999.0,1.0,0.315,1.293,1.196,0.998881,-0.701358,1.36189,0.011842,0.0,-9999.0,6.773,80.6
201212122000,201212122030,-9999.0,1.0,0.368,1.268,0.788,0.960703,-0.648766,1.34073,0.01377,0.0,-9999.0,6.767,80.4
201212122030,201212122100,-9999.0,1.0,0.467,1.112,0.15,0.904298,-0.967206,1.3094,0.017378,0.0,-9999.0,6.752,82.0
201212122100,201212122130,-9999.0,1.0,0.394,0.737,-1.229,0.791809,-1.1647,1.24503,0.014626,0.0,-9999.0,6.736,86.8
201212122130,201212122200,-9999.0,1.0,0.338,0.511,-1.462,0.771649,-1.00295,1.23146,0.012512,0.0,-9999.0,6.72,90.7
201212122200,201212122230,-9999.0,1.0,0.331,0.577,-0.927,0.810192,-1.14794,1.2521,0.012208,0.0,-9999.0,6.699,89.9
201212122230,201212122300,-9999.0,1.0,0.331,0.509,-1.781,0.743126,-1.03069,1.21092,0.012161,0.0,-9999.0,6.67,90.5
201212122300,201212122330,-9999.0,1.0,0.331,0.397,-2.656,0.677899,-1.2327,1.16862,0.012115,0.0,-9999.0,6.64,92.1
201212122330,201212130000,-9999.0,1.0,0.331,0.325,-2.719,0.671397,-1.2392,1.1627,0.012069,0.0,-9999.0,6.606,93.5
201212130000,201212130030,-9999.0,1.0,0.331,0.329,-3.171,0.638314,-1.23254,1.13932,0.012022,0.0,-9999.0,6.571,93.2
201212130030,201212130100,-9999.0,1.0,0.331,0.311,-3.537,0.611903,0.52872,1.1198,0.011976,0.0,-9999.0,6.534,93.4
201212130100,201212130130,-9999.0,1.0,0.331,0.397,-2.976,0.647515,-1.26315,1.14193,0.011929,0.0,-9999.0,6.494,91.9
201212130130,201212130200,-9999.0,1.0,0.331,0.486,-2.413,0.684282,-1.20663,1.16398,0.011883,0.0,-9999.0,6.455,90.5
201212130200,201212130230,-9999.0,1.0,0.33,0.477,-2.243,0.694051,-0.99646,1.16843,0.011801,0.0,-9999.0,6.413,90.8
201212130230,201212130300,-9999.0,1.0,0.331,0.407,-1.991,0.709686,-0.981157,1.17649,0.01179,0.0,-9999.0,6.372,92.3
201212130300,201212130330,-9999.0,1.0,0.327,0.459,-1.525,0.740955,-1.03337,1.19394,0.011603,0.0,-9999.0,6.33,91.6
201212130330,201212130400,-9999.0,1.0,0.327,0.419,-1.915,0.710576,-1.06306,1.17359,0.011557,0.0,-9999.0,6.289,92.1
201212130400,201212130430,0.54382,0.0,0.326,0.402,-1.971,0.704345,0.328039,1.16798,0.011476,0.0,-9999.0,6.249,92.4
201212130430,201212130500,-0.040888,0.0,0.28,0.418,-1.605,0.728123,0.935949,1.18095,0.009825,0.0,-9999.0,6.209,92.3
201212130500,201212130530,3.25747,0.0,0.149,0.607,-1.015,0.768697,-2.32314,1.20364,0.005219,0.0,-9999.0,6.172,89.3
201212130530,201212130600,2.31724,0.0,0.184,0.775,-0.641,0.79402,-1.35864,1.21675,0.006415,0.0,-9999.0,6.132,86.7
201212130600,201212130630,-9999.0,1.0,0.157,0.928,-0.37,0.811862,-1.02212,1.22531,0.005454,0.0,-9999.0,6.093,84.4
201212130630,201212130700,-9999.0,1.0,0.161,1.009,-0.149,0.826021,-1.00871,1.23165,0.00557,0.0,-9999.0,6.058,83.3
201212130700,201212130730,3.41094,0.0,0.907,1.114,0.029,0.836947,-2.41164,1.2361,0.030863,0.0,-9999.0,6.025,81.8
201212130730,201212130800,0.053137,0.0,4.713,1.15,0.094,0.839199,0.94824,1.23566,0.150205,29.6215,-9999.0,6.0,81.3
201212130800,201212130830,2.76764,0.0,14.19,1.343,0.559,0.872444,-1.73499,1.25237,0.392508,136.008,-9999.0,5.977,78.9
201212130830,201212130900,1.35368,0.0,34.44,1.638,1.074,0.910231,-0.285773,1.27109,0.745361,238.225,-9999.0,5.956,75.2
201212130900,201212130930,0.184739,0.0,58.09,1.929,1.708,0.958425,0.927706,1.29469,1.00277,329.919,-9999.0,5.938,72.1
201212130930,201212131000,0.592258,0.0,82.2,2.227,2.413,1.01367,0.57068,1.32105,1.17599,409.52,-9999.0,5.92,69.37
201212131000,201212131030,-0.525275,0.0,79.1,2.535,3.204,1.0777,1.74603,1.35074,1.15369,475.666,-9999.0,5.908,67.04
201212131030,201212131100,-0.548696,0.0,96.4,2.912,3.718,1.1189,1.80626,1.36867,1.24814,527.226,-9999.0,5.899,63.49
201212131100,201212131130,-9999.0,1.0,187.9,3.419,4.93,1.22395,0.169472,1.41504,1.53555,563.318,-9999.0,5.888,60.62
201212131130,201212131200,-9999.0,1.0,159.8,3.967,6.244,1.3428,0.749434,1.46481,1.46854,583.324,-9999.0,5.883,58.3
201212131200,201212131230,0.34464,0.0,144.8,4.443,6.674,1.37958,1.13991,1.47855,1.42418,586.901,-9999.0,5.889,54.66
201212131230,201212131300,-9999.0,1.0,165.0,4.685,6.924,1.39911,1.10073,1.48501,1.47489,573.989,-9999.0,5.901,53.01
201212131300,201212131330,1.25781,0.0,315.5,5.268,7.67,1.46744,0.301114,1.51107,1.69215,544.808,-9999.0,5.919,49.79
201212131330,201212131400,0.618572,0.0,237.2,5.502,8.42,1.53734,0.998892,1.53699,1.6017,499.858,-9999.0,5.943,50.17
201212131400,201212131430,-0.663719,0.0,231.5,5.592,8.58,1.54823,2.29021,1.53967,1.59021,439.907,-9999.0,5.973,49.9
201212131430,201212131500,0.325801,0.0,214.4,5.484,8.61,1.54596,1.29875,1.53726,1.56041,365.982,-9999.0,6.007,50.97
201212131500,201212131530,0.161532,0.0,112.6,5.066,8.4,1.51961,1.44099,1.52549,1.29289,279.348,-9999.0,6.044,54.06
201212131530,201212131600,-0.72555,0.0,60.96,4.667,7.75,1.45031,2.2698,1.49646,0.989958,181.486,-9999.0,6.085,55.76
201212131600,201212131630,0.585006,0.0,27.08,4.427,7.45,1.41624,0.930376,1.48111,0.604124,74.0715,-9999.0,6.126,57.17
201212131630,201212131700,2.38901,0.0,2.601,4.028,6.558,1.32681,-0.950037,1.4423,0.079556,1.33225,-9999.0,6.164,58.57
201212131700,201212131730,-9999.0,1.0,0.226,3.378,5.409,1.21725,0.171908,1.3929,0.007143,0.0,-9999.0,6.202,62.37
201212131730,201212131800,-9999.0,1.0,0.206,3.343,5.405,1.21264,0.167847,1.38927,0.006484,0.0,-9999.0,6.234,62.76
201212131800,201212131830,2.42619,0.0,0.05,2.752,6.01,1.26275,-1.04266,1.40998,0.001571,0.0,-9999.0,6.26,70.6
201212131830,201212131900,2.11805,0.0,0.0,2.279,6.401,1.29391,-0.707538,1.42203,0.0,0.0,-9999.0,6.285,76.3
201212131900,201212131930,2.75536,0.0,0.0,2.123,6.122,1.26398,-1.3708,1.40745,0.0,0.0,-9999.0,6.305,77.5
201212131930,201212132000,-0.519882,0.0,0.0,2.098,5.957,1.24467,1.88763,1.3974,0.0,0.0,-9999.0,6.322,77.5
201212132000,201212132030,-9999.0,1.0,0.0,2.038,5.536,1.2029,0.212064,1.37715,0.0,0.0,-9999.0,6.336,77.5
201212132030,201212132100,-9999.0,1.0,0.0,2.142,5.505,1.19588,0.20336,1.37244,0.0,0.0,-9999.0,6.349,76.3
201212132100,201212132130,1.71605,0.0,0.0,2.568,6.293,1.26137,-0.333798,1.40023,0.0,0.0,-9999.0,6.362,73.1
201212132130,201212132200,0.752354,0.0,0.0,2.696,6.842,1.30634,0.668833,1.41834,0.0,0.0,-9999.0,6.373,72.8
201212132200,201212132230,0.590681,0.0,0.0,2.691,7.25,1.33886,0.858481,1.43079,0.0,0.0,-9999.0,6.381,73.6
201212132230,201212132300,1.5103,0.0,0.0,2.541,7.44,1.35145,-0.050341,1.43466,0.0,0.0,-9999.0,6.388,75.4
201212132300,201212132330,-0.061465,0.0,0.0,2.616,7.69,1.36955,1.53691,1.44084,0.0,0.0,-9999.0,6.399,75.1
201212132330,201212140000,0.82919,0.0,0.0,2.783,7.85,1.38294,0.65461,1.44349,0.0,0.0,-9999.0,6.41,73.8
201212140000,201212140030,0.751699,0.0,0.0,2.724,8.05,1.40009,0.743567,1.44767,0.0,0.0,-9999.0,6.418,74.7
201212140030,201212140100,0.860418,0.0,0.037,2.669,8.22,1.41451,0.646763,1.45342,0.0011,0.0,-9999.0,6.429,75.5
201212140100,201212140130,0.950845,0.0,0.062,3.136,8.37,1.42709,0.566675,1.4584,0.001842,0.0,-9999.0,6.444,71.5
201212140130,201212140200,1.3978,0.0,0.078,3.462,8.51,1.43877,0.12927,1.46299,0.002317,0.0,-9999.0,6.461,68.84
201212140200,201212140230,1.00164,0.0,0.035,3.094,8.59,1.44481,0.530224,1.46528,0.00104,0.0,-9999.0,6.48,72.3
201212140230,201212140300,0.832639,0.0,0.09,2.66,8.6,1.44425,0.698467,1.46487,0.002673,0.0,-9999.0,6.5,76.2
201212140300,201212140330,1.24135,0.0,0.165,2.225,8.46,1.42959,0.27714,1.45866,0.004893,0.0,-9999.0,6.527,79.9
201212140330,201212140400,1.00275,0.0,0.179,1.671,8.26,1.40943,0.498451,1.45012,0.005307,0.0,-9999.0,6.549,84.7
201212140400,201212140430,1.45814,0.0,0.183,0.89,7.82,1.3673,0.007097,1.4322,0.005425,0.0,-9999.0,6.574,91.6
201212140430,201212140500,1.53922,0.0,0.257,0.382,7.44,1.33122,-0.104991,1.41654,0.007607,0.0,-9999.0,6.6,96.3
201212140500,201212140530,1.63994,0.0,0.14,0.124,7.47,1.33255,-0.204848,1.41688,0.004153,0.0,-9999.0,6.63,98.8
201212140530,201212140600,1.68531,0.0,0.039,0.0,7.6,1.34295,-0.241617,1.42114,0.001159,0.0,-9999.0,6.659,100.0
201212140600,201212140630,2.04547,0.0,0.002,0.887,7.93,1.37166,-0.577635,1.43322,5.9e-05,0.0,-9999.0,6.689,91.6988
201212140630,201212140700,1.91509,0.0,0.0,0.033,8.26,1.4006,-0.423031,1.44528,0.0,0.0,-9999.0,6.715,99.7
201212140700,201212140730,1.87083,0.0,0.008,0.056,8.7,1.44006,-0.34583,1.46158,0.000238,0.0,-9999.0,6.74,99.5
201212140730,201212140800,0.940288,0.0,0.745,0.023,8.91,1.45824,0.599666,1.46894,0.021823,28.835,-9999.0,6.766,99.8
201212140800,201212140830,1.74735,0.0,12.01,0.058,9.12,1.47649,-0.192424,1.4763,0.288886,134.874,-9999.0,6.79,99.5
201212140830,201212140900,1.30858,0.0,27.06,0.48,9.64,1.52439,0.285901,1.49562,0.529786,237.066,-9999.0,6.815,96.0
201212140900,201212140930,0.706582,0.0,46.69,0.689,10.03,1.56028,0.917289,1.50988,0.737919,328.737,-9999.0,6.841,94.4
201212140930,201212141000,0.077641,0.0,105.8,0.852,10.74,1.62782,1.6014,1.53635,1.06654,408.318,-9999.0,6.867,93.4
201212141000,201212141030,-0.238107,0.0,149.5,1.328,11.47,1.69846,1.97434,1.56343,1.18479,474.448,-9999.0,6.897,90.2
201212141030,201212141100,-0.209823,0.0,163.6,1.704,12.06,1.75603,1.99221,1.58508,1.20599,525.996,-9999.0,6.928,87.9
201212141100,201212141130,-0.530826,0.0,213.4,2.078,12.64,1.81326,2.35877,1.60625,1.27728,562.078,-9999.0,6.964,85.8
201212141130,201212141200,-9999.0,1.0,206.4,2.148,13.04,1.8525,0.97109,1.6206,1.25798,582.079,-9999.0,7.0,85.7
201212141200,201212141230,-9999.0,1.0,256.3,3.418,14.2,1.97181,1.10096,1.66315,1.30548,585.655,-9999.0,7.05,78.9
201212141230,201212141300,-9999.0,1.0,226.5,4.059,14.61,2.01324,1.12918,1.67771,1.26352,572.746,-9999.0,7.1,75.6
201212141300,201212141330,-9999.0,1.0,205.4,4.524,15.13,2.06675,1.49463,1.69628,1.22722,543.573,-9999.0,7.15,73.7
201212141330,201212141400,-9999.0,1.0,293.5,6.515,15.89,2.14681,1.24011,1.72353,1.30523,498.633,-9999.0,7.21,63.93
201212141400,201212141430,-9999.0,1.0,210.5,6.812,15.84,2.13908,1.41551,1.72118,1.21418,438.698,-9999.0,7.27,62.16
201212141430,201212141500,-9999.0,1.0,110.2,5.672,14.88,2.03341,0.728179,1.68538,1.00702,364.791,-9999.0,7.34,66.49
201212141500,201212141530,-9999.0,1.0,43.06,4.68,13.93,1.93093,0.528395,1.64952,0.658994,278.178,-9999.0,7.41,70.6
201212141530,201212141600,0.721873,0.0,21.16,4.232,13.58,1.89244,1.16584,1.63581,0.421108,180.341,-9999.0,7.48,72.8
201212141600,201212141630,1.00159,0.0,3.864,4.118,13.33,1.86459,0.863701,1.62579,0.104461,72.9526,-9999.0,7.54,73.1
201212141630,201212141700,1.16435,0.0,0.394,3.621,12.98,1.82671,0.670479,1.61195,0.011594,1.17641,-9999.0,7.61,75.8
201212141700,201212141730,1.08555,0.0,0.0,3.117,12.64,1.7902,0.71979,1.59841,0.0,0.0,-9999.0,7.66,78.7
201212141730,201212141800,1.92135,0.0,0.0,2.572,12.28,1.75201,-0.146952,1.58404,0.0,0.0,-9999.0,7.71,82.0
201212141800,201212141830,1.06164,0.0,0.0,2.137,12.03,1.72515,0.690813,1.57381,0.0,0.0,-9999.0,7.76,84.8
201212141830,201212141900,2.05828,0.0,0.0,1.585,11.86,1.7064,-0.321275,1.56661,0.0,0.0,-9999.0,7.81,88.6
201212141900,201212141930,1.26277,0.0,0.0,1.212,11.72,1.69073,0.461237,1.56054,0.0,0.0,-9999.0,7.85,91.2
201212141930,201212142000,1.37374,0.0,0.0,0.879,11.67,1.68398,0.344475,1.55792,0.0,0.0,-9999.0,7.88,93.6
201212142000,201212142030,-9999.0,1.0,0.0,0.504,11.54,1.66939,0.034115,1.55221,0.0,0.0,-9999.0,7.91,96.3
201212142030,201212142100,-9999.0,1.0,0.0,0.269,11.38,1.65194,0.037995,1.54533,0.0,0.0,-9999.0,7.95,98.0
201212142100,201212142130,1.40622,0.0,0.0,0.174,11.29,1.64139,0.276478,1.54113,0.0,0.0,-9999.0,7.98,98.7
201212142130,201212142200,0.84761,0.0,0.0,0.0,11.6,1.66985,0.857844,1.55245,0.0,0.0,-9999.0,8.0,100.0
201212142200,201212142230,1.65493,0.0,0.0,0.113,12.08,1.71524,0.086842,1.57033,0.0,0.0,-9999.0,8.03,99.2
201212142230,201212142300,1.09953,0.0,0.0,0.112,12.03,1.70844,0.636429,1.56772,0.0,0.0,-9999.0,8.05,99.2
201212142300,201212142330,1.52196,0.0,0.0,1.166,11.96,1.69969,0.20661,1.56434,0.0,0.0,-9999.0,8.08,91.664
201212142330,201212150000,0.928581,0.0,0.0,1.071,11.95,1.69686,0.797369,1.56327,0.0,0.0,-9999.0,8.1,92.3419
201212150000,201212150030,4.71821,0.0,0.0,1.038,12.1,1.70976,-2.9822,1.56841,0.0,0.0,-9999.0,8.13,92.6487
201212150030,201212150100,3.90828,0.0,0.0,1.09,12.3,1.72762,-2.15825,1.57548,0.0,0.0,-9999.0,8.15,92.3821
201212150100,201212150130,5.73405,0.0,0.041,1.031,12.34,1.72969,-3.9827,1.57636,0.001218,0.0,-9999.0,8.17,92.8133
201212150130,201212150200,-9999.0,1.0,0.046,1.003,12.39,1.73274,0.118077,1.57763,0.001366,0.0,-9999.0,8.19,93.0324
201212150200,201212150230,-0.33488,0.0,0.015,1.283,12.72,1.76355,2.11266,1.58975,0.000446,0.0,-9999.0,8.22,91.2776
201212150230,201212150300,-9999.0,1.0,0.0,1.393,12.9,1.77954,0.104444,1.59605,0.0,0.0,-9999.0,8.24,90.6441
201212150300,201212150330,0.47949,0.0,0.053,1.533,13.11,1.79857,1.32552,1.60352,0.001573,0.0,-9999.0,8.27,89.839
201212150330,201212150400,0.806417,0.0,0.084,0.045,13.15,1.80059,0.999852,1.60443,0.002491,0.0,-9999.0,8.29,99.7
201212150400,201212150430,-9999.0,1.0,0.0,0.152,13.27,1.81063,0.123321,1.60842,0.0,0.0,-9999.0,8.32,99.0
201212150430,201212150500,3.6731,0.0,0.0,0.094,13.64,1.84583,-1.83166,1.62206,0.0,0.0,-9999.0,8.34,99.4
201212150500,201212150530,2.43499,0.0,0.0,1.258,13.5,1.82971,-0.606678,1.61605,0.0,0.0,-9999.0,8.38,91.8756
201212150530,201212150600,1.03213,0.0,0.0,1.135,13.29,1.80665,0.777536,1.60731,0.0,0.0,-9999.0,8.4,92.5635
201212150600,201212150630,1.39294,0.0,0.0,1.021,13.43,1.81866,0.425897,1.6121,0.0,0.0,-9999.0,8.43,93.3731
201212150630,201212150700,1.94786,0.0,0.0,1.234,13.54,1.82767,-0.122243,1.61573,0.0,0.0,-9999.0,8.46,92.0512
201212150700,201212150730,2.29121,0.0,0.15,0.187,13.62,1.83367,-0.461205,1.61821,0.004436,0.0,-9999.0,8.49,98.8
201212150730,201212150800,1.80983,0.0,1.602,1.195,13.45,1.81463,0.004737,1.61101,0.044935,25.5608,-9999.0,8.52,92.2547
201212150800,201212150830,0.822507,0.0,6.882,1.015,13.34,1.80166,0.981412,1.60611,0.163267,130.319,-9999.0,8.55,93.3744
201212150830,201212150900,1.2192,0.0,16.52,0.953,13.19,1.78478,0.570947,1.59964,0.308945,232.812,-9999.0,8.58,93.719
201212150900,201212150930,1.13394,0.0,24.63,0.766,13.07,1.77093,0.644838,1.59433,0.392164,324.841,-9999.0,8.62,94.9079
201212150930,201212151000,0.650695,0.0,55.91,0.867,13.2,1.7818,1.13638,1.59877,0.577165,404.833,-9999.0,8.65,94.29
201212151000,201212151030,0.237784,0.0,34.26,0.983,13.46,1.80557,1.56781,1.60828,0.461351,471.417,-9999.0,8.68,93.6307
201212151030,201212151100,1.62339,0.0,38.23,1.262,13.71,1.82843,0.199938,1.6174,0.482829,523.456,-9999.0,8.72,91.9568
201212151100,201212151130,1.047,0.0,17.08,1.391,13.66,1.82141,0.770416,1.61484,0.308951,560.058,-9999.0,8.75,91.1048
201212151130,201212151200,1.91912,0.0,15.98,1.214,13.44,1.79755,-0.12096,1.60563,0.294911,580.598,-9999.0,8.78,92.1259
201212151200,201212151230,1.02922,0.0,19.18,0.591,13.56,1.80742,0.776402,1.6097,0.328744,584.724,-9999.0,8.82,96.2
201212151230,201212151300,1.3107,0.0,20.59,1.667,14.04,1.85315,0.530683,1.62783,0.341117,572.365,-9999.0,8.85,89.6
201212151300,201212151330,1.94276,0.0,14.84,2.19,14.45,1.89219,-0.071057,1.64319,0.27778,543.732,-9999.0,8.89,86.7
201212151330,201212151400,1.56901,0.0,12.36,2.093,14.59,1.90417,0.311707,1.64804,0.245149,499.317,-9999.0,8.92,87.4
201212151400,201212151430,1.01149,0.0,7.28,1.988,14.55,1.898,0.864021,1.64591,0.166258,439.878,-9999.0,8.95,88.0
201212151430,201212151500,1.7737,0.0,8.59,2.091,14.57,1.89788,0.10134,1.64611,0.188043,366.432,-9999.0,8.99,87.4
201212151500,201212151530,0.837142,0.0,5.624,2.267,14.64,1.90278,1.04136,1.64826,0.134951,280.237,-9999.0,9.02,86.4
201212151530,201212151600,0.778714,0.0,2.839,2.614,14.72,1.90869,1.10403,1.6508,0.075174,182.767,-9999.0,9.05,84.4
201212151600,201212151630,1.00055,0.0,0.819,2.82,14.75,1.90955,0.882496,1.65139,0.023509,75.6905,-9999.0,9.08,83.2
201212151630,201212151700,1.28021,0.0,0.162,2.724,14.68,1.90037,0.595271,1.64809,0.004783,1.63076,-9999.0,9.11,83.7
201212151700,201212151730,1.12707,0.0,0.0,2.165,14.63,1.89321,0.742431,1.64556,0.0,0.0,-9999.0,9.14,87.0
201212151730,201212151800,1.55544,0.0,0.0,1.712,14.45,1.87309,0.297917,1.63793,0.0,0.0,-9999.0,9.17,89.6
201212151800,201212151830,1.31949,0.0,0.0,2.934,15.0,1.92603,0.574905,1.65887,0.0,0.0,-9999.0,9.2,82.8
201212151830,201212151900,-9999.0,1.0,0.0,3.691,15.54,1.97843,0.306335,1.67936,0.0,0.0,-9999.0,9.23,79.1
201212151900,201212151930,-9999.0,1.0,0.0,3.339,15.71,1.99347,0.25809,1.68543,0.0,0.0,-9999.0,9.25,81.3
201212151930,201212152000,1.22735,0.0,0.0,2.704,15.55,1.97495,0.703926,1.67867,0.0,0.0,-9999.0,9.28,84.7
201212152000,201212152030,2.43287,0.0,0.0,2.345,15.4,1.95753,-0.515499,1.67228,0.0,0.0,-9999.0,9.31,86.6
201212152030,201212152100,1.46461,0.0,0.0,1.919,15.35,1.95026,0.446723,1.66977,0.0,0.0,-9999.0,9.34,89.0
201212152100,201212152130,3.12798,0.0,0.0,1.526,15.26,1.93898,-1.2258,1.6657,0.0,0.0,-9999.0,9.37,91.2
201212152130,201212152200,1.29068,0.0,0.0,1.261,15.2,1.93075,0.604708,1.66279,0.0,0.0,-9999.0,9.4,92.7
201212152200,201212152230,3.69479,0.0,0.0,1.014,15.11,1.91954,-1.80852,1.6587,0.0,0.0,-9999.0,9.43,94.1
201212152230,201212152300,0.615058,0.0,0.0,0.787,15.04,1.91035,1.26367,1.65539,0.0,0.0,-9999.0,9.46,95.4
201212152300,201212152330,2.85693,0.0,0.0,0.408,14.96,1.9002,-0.986499,1.65167,0.0,0.0,-9999.0,9.48,97.6
201212152330,201212160000,2.89877,0.0,0.0,1.202,14.74,1.87621,-1.04746,1.64241,0.0,0.0,-9999.0,9.51,92.8338
201212160000,201212160030,-9999.0,1.0,0.0,1.083,14.67,1.86715,0.139735,1.63907,0.0,0.0,-9999.0,9.54,93.513
201212160030,201212160100,4.67662,0.0,0.0,1.194,14.7,1.86796,-2.83253,1.63929,0.0,0.0,-9999.0,9.56,92.8648
201212160100,201212160130,0.925871,0.0,0.0,1.257,14.65,1.86088,0.912308,1.63632,0.0,0.0,-9999.0,9.59,92.4643
201212160130,201212160200,1.11395,0.0,0.0,1.256,14.54,1.84794,0.713711,1.63094,0.0,0.0,-9999.0,9.62,92.413
201212160200,201212160230,0.877662,0.0,0.0,1.289,14.45,1.837,0.941042,1.62634,0.0,0.0,-9999.0,9.64,92.1697
201212160230,201212160300,1.06663,0.0,0.0,1.314,14.31,1.82122,0.739309,1.61968,0.0,0.0,-9999.0,9.66,91.9437
201212160300,201212160330,2.24017,0.0,0.0,1.247,14.11,1.7997,-0.451539,1.61055,0.0,0.0,-9999.0,9.68,92.258
201212160330,201212160400,1.19709,0.0,0.0,1.118,13.85,1.77252,0.569731,1.5989,0.0,0.0,-9999.0,9.7,92.941
201212160400,201212160430,-9999.0,1.0,0.0,1.259,13.68,1.75416,0.061359,1.59086,0.0,0.0,-9999.0,9.72,91.9583
201212160430,201212160500,-9999.0,1.0,0.0,1.348,13.59,1.74352,0.05257,1.58606,0.0,0.0,-9999.0,9.74,91.3455
201212160500,201212160530,1.21285,0.0,0.0,1.235,13.4,1.72341,0.513973,1.57709,0.0,0.0,-9999.0,9.76,91.9718
201212160530,201212160600,-9999.0,1.0,0.0,0.962,13.01,1.68455,-0.002888,1.55977,0.0,0.0,-9999.0,9.78,93.5812
201212160600,201212160630,-9999.0,1.0,0.001,0.484,12.33,1.61916,0.007419,1.53016,2.6e-05,0.0,-9999.0,9.79,96.6254
201212160630,201212160700,-9999.0,1.0,0.006,0.184,12.11,1.59699,-0.000511,1.51965,0.000154,0.0,-9999.0,9.8,98.7
201212160700,201212160730,-9999.0,1.0,0.445,0.2,11.75,1.56219,-0.088693,1.50315,0.011058,0.0,-9999.0,9.81,98.5523
201212160730,201212160800,-9999.0,1.0,6.019,0.0,11.53,1.5404,-0.06366,1.49247,0.116085,25.0095,-9999.0,9.82,100.0
201212160800,201212160830,-9999.0,1.0,13.28,0.37,11.53,1.53859,-0.097041,1.49111,0.197754,129.478,-9999.0,9.83,97.2785
201212160830,201212160900,-9999.0,1.0,34.51,0.306,10.87,1.47766,0.116082,1.46152,0.309789,231.955,-9999.0,9.83,97.6498
201212160900,201212160930,-9999.0,1.0,47.39,0.231,10.92,1.48037,0.117982,1.46222,0.339736,323.97,-9999.0,9.83,98.2323
201212160930,201212161000,-9999.0,1.0,89.8,0.346,11.1,1.49464,0.806307,1.46853,0.390028,403.949,-9999.0,9.84,97.3819
201212161000,201212161030,-9999.0,1.0,150.5,0.325,11.63,1.54039,1.32481,1.48995,0.415473,470.524,-9999.0,9.83,97.6295
201212161030,201212161100,-1.48583,0.0,159.2,1.144,12.91,1.65563,3.15479,1.54363,0.41265,522.555,-9999.0,9.84,92.3172
201212161100,201212161130,1.05049,0.0,222.1,2.115,14.05,1.76065,0.701497,1.59126,0.420431,559.151,-9999.0,9.84,86.8135
201212161130,201212161200,1.49892,0.0,241.8,1.588,15.53,1.90105,0.362567,1.65332,0.417559,579.688,-9999.0,9.84,91.0
201212161200,201212161230,-1.1663,0.0,245.6,3.571,16.43,1.98733,3.09406,1.69068,0.412326,583.813,-9999.0,9.85,80.9
201212161230,201212161300,1.79613,0.0,206.3,4.082,16.24,1.96619,0.114959,1.68187,0.400852,571.456,-9999.0,9.87,77.9
201212161300,201212161330,0.738296,0.0,131.0,4.313,16.21,1.9609,1.16832,1.67983,0.376108,542.828,-9999.0,9.89,76.6
201212161330,201212161400,1.06142,0.0,116.7,4.298,16.02,1.93991,0.828597,1.67093,0.364817,498.419,-9999.0,9.92,76.4
201212161400,201212161430,1.88035,0.0,120.8,4.449,15.91,1.92684,-0.000829,1.66541,0.361323,438.989,-9999.0,9.95,75.4
201212161430,201212161500,1.06914,0.0,144.0,4.585,16.13,1.94608,0.824848,1.6741,0.364344,365.555,-9999.0,9.98,75.0
201212161500,201212161530,1.27207,0.0,189.0,4.813,16.46,1.97618,0.645808,1.68758,0.369634,279.373,-9999.0,10.02,74.3
201212161530,201212161600,1.86831,0.0,133.9,4.301,16.3,1.9581,0.036342,1.67992,0.350247,181.918,-9999.0,10.06,76.8
201212161600,201212161630,-9999.0,1.0,30.31,2.603,14.86,1.81651,0.591444,1.6163,0.23883,74.8579,-9999.0,10.1,84.6
201212161630,201212161700,-9999.0,1.0,4.008,1.481,13.29,1.66712,0.008969,1.54609,0.06516,1.49368,-9999.0,10.13,90.3
201212161700,201212161730,-9999.0,1.0,0.109,0.965,12.63,1.60612,-0.042307,1.5156,0.002082,0.0,-9999.0,10.16,93.4
201212161730,201212161800,-9999.0,1.0,0.014,0.677,12.39,1.58381,-0.025392,1.50365,0.000264,0.0,-9999.0,10.19,95.3
201212161800,201212161830,-9999.0,1.0,0.067,0.23,11.43,1.49751,-0.129875,1.45931,0.001241,0.0,-9999.0,10.21,98.3
201212161830,201212161900,-9999.0,1.0,0.026,0.313,10.67,1.43052,-0.086511,1.42364,0.000475,0.0,-9999.0,10.22,97.5663
201212161900,201212161930,-9999.0,1.0,0.026,0.344,10.1,1.38102,0.112247,1.39635,0.000467,0.0,-9999.0,10.23,97.2187
201212161930,201212162000,-9999.0,1.0,0.018,0.0,9.83,1.35758,0.107064,1.38255,0.000318,0.0,-9999.0,10.24,100.0
201212162000,201212162030,-9999.0,1.0,0.049,0.0,9.71,1.34696,0.18457,1.37552,0.000848,0.0,-9999.0,10.23,100.0
201212162030,201212162100,-9999.0,1.0,0.035,0.0,9.5,1.32882,0.226256,1.36434,0.000595,0.0,-9999.0,10.23,100.0
201212162100,201212162130,-9999.0,1.0,0.063,0.0,9.22,1.30496,0.271902,1.34992,0.001051,0.0,-9999.0,10.22,100.0
201212162130,201212162200,-9999.0,1.0,0.093,0.0,8.58,1.25172,0.171658,1.31888,0.00152,0.0,-9999.0,10.2,100.0
201212162200,201212162230,-9999.0,1.0,0.14,0.136,7.34,1.15181,0.069733,1.26003,0.00224,0.0,-9999.0,10.19,98.6755
201212162230,201212162300,-9999.0,1.0,0.127,0.0,6.953,1.12113,0.078315,1.24034,0.001994,0.0,-9999.0,10.17,100.0
201212162300,201212162330,-9999.0,1.0,0.016,0.0,7.4,1.15573,0.06801,1.25918,0.000248,0.0,-9999.0,10.14,100.0
201212162330,201212170000,1.17376,0.0,0.009,0.026,7.02,1.12555,0.049793,1.23975,0.000137,0.0,-9999.0,10.11,99.7378
201212170000,201212170030,-9999.0,1.0,0.063,0.0,7.29,1.14626,0.08899,1.25045,0.000934,0.0,-9999.0,10.08,100.0
201212170030,201212170100,-1.52369,0.0,0.144,0.224,7.83,1.18859,2.80048,1.27378,0.002082,0.0,-9999.0,10.05,97.8877
201212170100,201212170130,4.02451,0.0,0.205,0.074,7.59,1.1691,-2.76473,1.26081,0.002892,0.0,-9999.0,10.01,99.2875
201212170130,201212170200,-0.06103,0.0,0.194,0.217,7.83,1.18775,1.33633,1.27025,0.002679,0.0,-9999.0,9.98,97.9551
201212170200,201212170230,-9999.0,1.0,0.282,0.183,7.51,1.16195,0.062062,1.25349,0.00379,0.0,-9999.0,9.94,98.2351
201212170230,201212170300,-9999.0,1.0,0.306,0.049,7.29,1.14425,0.0817,1.24136,0.004015,0.0,-9999.0,9.91,99.5221
201212170300,201212170330,-9999.0,1.0,0.265,0.039,7.1,1.129,0.068236,1.2306,0.003403,0.0,-9999.0,9.88,99.6088
201212170330,201212170400,-9999.0,1.0,0.084,0.049,6.928,1.11525,0.069519,1.22066,0.001062,0.0,-9999.0,9.85,99.5065
201212170400,201212170430,-0.86959,0.0,0.006,0.0,7.34,1.14695,2.10813,1.23826,7.4e-05,0.0,-9999.0,9.83,100.0
201212170430,201212170500,-9999.0,1.0,0.0,0.131,7.62,1.16858,0.060875,1.24971,0.0,0.0,-9999.0,9.8,98.7456
201212170500,201212170530,-9999.0,1.0,0.0,0.114,7.29,1.14223,0.081729,1.23226,0.0,0.0,-9999.0,9.77,98.8839
201212170530,201212170600,-9999.0,1.0,0.0,0.0,7.74,1.17725,0.062182,1.25184,0.0,0.0,-9999.0,9.74,100.0
201212170600,201212170630,-9999.0,1.0,0.0,0.144,7.8,1.1816,0.057445,1.25292,0.0,0.0,-9999.0,9.72,98.6424
201212170630,201212170700,-9999.0,1.0,0.0,0.082,6.874,1.10872,0.07096,1.20697,0.0,0.0,-9999.0,9.69,99.1711
201212170700,201212170730,-9999.0,1.0,0.293,0.0,6.838,1.10555,0.064073,1.20339,0.003042,0.0,-9999.0,9.67,100.0
201212170730,201212170800,-9999.0,1.0,6.642,0.0,7.28,1.13943,0.07401,1.22269,0.050968,22.1322,-9999.0,9.64,100.0
201212170800,201212170830,-9999.0,1.0,27.5,0.201,6.886,1.10847,-0.107343,1.20197,0.114755,125.208,-9999.0,9.62,97.9761
201212170830,201212170900,-9999.0,1.0,64.05,0.0,7.02,1.11842,0.041084,1.20655,0.146314,227.994,-9999.0,9.6,100.0
201212170900,201212170930,-1.17082,0.0,96.8,0.0,8.17,1.20856,2.45784,1.26016,0.153986,320.375,-9999.0,9.57,100.0
201212170930,201212171000,-9999.0,1.0,128.9,0.0,9.33,1.30258,0.283136,1.31464,0.155481,400.77,-9999.0,9.55,100.0
201212171000,201212171030,-9999.0,1.0,256.0,0.0,11.09,1.45114,1.92108,1.39868,0.160841,467.804,-9999.0,9.52,100.0
201212171030,201212171100,-9999.0,1.0,281.7,0.669,12.75,1.5972,1.54571,1.47832,0.156128,520.329,-9999.0,9.5,95.4619
201212171100,201212171130,-2.0039,0.0,236.3,1.846,13.28,1.6446,3.64496,1.50305,0.148456,557.448,-9999.0,9.49,87.9004
201212171130,201212171200,1.12489,0.0,206.9,1.353,14.3,1.73783,0.588978,1.55194,0.141181,578.525,-9999.0,9.48,91.7
201212171200,201212171230,0.37739,0.0,259.3,3.486,14.95,1.79801,1.38282,1.58287,0.137991,583.199,-9999.0,9.48,79.5
201212171230,201212171300,1.55629,0.0,305.3,5.165,15.89,1.88662,0.271792,1.62822,0.133683,571.391,-9999.0,9.48,71.4
201212171300,201212171330,2.62348,0.0,305.5,6.447,16.18,1.9138,-0.775129,1.64172,0.127876,543.302,-9999.0,9.5,64.96
201212171330,201212171400,1.84787,0.0,99.7,4.466,15.35,1.83385,-0.061569,1.59987,0.10833,499.413,-9999.0,9.53,74.4
201212171400,201212171430,1.84932,0.0,88.5,2.004,14.29,1.73382,-0.141259,1.54634,0.101036,440.475,-9999.0,9.58,87.7
201212171430,201212171500,2.60966,0.0,142.6,0.903,14.13,1.71838,-0.914194,1.53735,0.103198,367.497,-9999.0,9.63,94.4
201212171500,201212171530,3.76042,0.0,205.4,1.682,14.94,1.79323,-2.00721,1.57676,0.101585,281.726,-9999.0,9.67,90.1
201212171530,201212171600,4.06059,0.0,32.47,2.811,13.05,1.61852,-2.44474,1.48117,0.065162,184.632,-9999.0,9.71,81.3
201212171600,201212171630,1.52969,0.0,54.73,0.516,8.65,1.24109,-0.221014,1.25978,0.072577,77.8739,-9999.0,9.75,95.4
201212171630,201212171700,-9999.0,1.0,7.4,0.149,7.9,1.18071,0.056702,1.22073,0.025097,2.04048,-9999.0,9.8,98.6
201212171700,201212171730,-9999.0,1.0,0.326,0.419,6.996,1.10984,0.051033,1.17401,0.001391,0.0,-9999.0,9.82,95.8179
201212171730,201212171800,-9999.0,1.0,0.14,0.219,6.875,1.10016,0.05541,1.16615,0.00056,0.0,-9999.0,9.83,97.7918
201212171800,201212171830,-9999.0,1.0,0.045,0.367,6.951,1.10559,0.038862,1.16808,0.000167,0.0,-9999.0,9.84,96.3275
201212171830,201212171900,-9999.0,1.0,0.04,0.415,6.562,1.07556,0.027128,1.14684,0.000136,0.0,-9999.0,9.83,95.7373
201212171900,201212171930,-9999.0,1.0,0.0,0.253,6.522,1.07215,0.011639,1.14296,0.0,0.0,-9999.0,9.82,97.3941
201212171930,201212172000,-9999.0,1.0,0.0,0.306,6.281,1.05363,-0.023723,1.12904,0.0,0.0,-9999.0,9.8,96.7947
201212172000,201212172030,-9999.0,1.0,0.0,0.142,6.271,1.05251,-0.016656,1.12663,0.0,0.0,-9999.0,9.78,98.5143
201212172030,201212172100,-9999.0,1.0,0.0,0.233,6.262,1.05146,-0.015683,1.12427,0.0,0.0,-9999.0,9.76,97.5557
201212172100,201212172130,-9999.0,1.0,0.0,0.283,6.186,1.0454,-0.002052,1.11854,0.0,0.0,-9999.0,9.74,97.0113
201212172130,201212172200,-9999.0,1.0,0.0,0.253,5.839,1.01928,-0.07526,1.09922,0.0,0.0,-9999.0,9.71,97.2698
201212172200,201212172230,-9999.0,1.0,0.01,0.256,4.814,0.944658,-0.13049,1.04606,1.2e-05,0.0,-9999.0,9.68,97.0313
201212172230,201212172300,-9999.0,1.0,0.009,0.0,4.538,0.924789,-0.132298,1.03028,8e-06,0.0,-9999.0,9.65,100.0
201212172300,201212172330,-9999.0,1.0,0.03,0.0,4.119,0.895192,-0.261767,1.0074,1.9e-05,0.0,-9999.0,9.62,100.0
201212172330,201212180000,-9999.0,1.0,0.008,0.0,3.865,0.877359,-0.330187,0.992708,2e-06,0.0,-9999.0,9.59,100.0
201212180000,201212180030,-9999.0,1.0,0.129,0.012,3.403,0.845635,-0.377854,0.967726,0.0,0.0,-9999.0,9.55,99.8436
201212180030,201212180100,-9999.0,1.0,0.133,0.0,3.182,0.830512,-0.365121,0.958173,2e-06,0.0,-9999.0,9.51,100.0
201212180100,201212180130,-9999.0,1.0,0.137,0.0,3.79,0.871283,-0.305542,0.990314,5e-06,0.0,-9999.0,9.47,100.0
201212180130,201212180200,-9999.0,1.0,0.041,0.303,2.714,0.798983,-0.440073,0.937068,2e-06,0.0,-9999.0,9.43,95.9214
201212180200,201212180230,-9999.0,1.0,0.006,0.0,2.571,0.789364,-0.321591,0.930829,0.0,0.0,-9999.0,9.39,100.0
201212180230,201212180300,-9999.0,1.0,0.005,0.0,2.435,0.78026,-0.405745,0.924809,0.0,0.0,-9999.0,9.35,100.0
201212180300,201212180330,-9999.0,1.0,0.0,0.0,2.225,0.766462,-0.508627,0.914813,0.0,0.0,-9999.0,9.3,100.0
201212180330,201212180400,-9999.0,1.0,0.0,0.0,2.305,0.771321,-0.458678,0.919829,0.0,0.0,-9999.0,9.25,100.0
201212180400,201212180430,-9999.0,1.0,0.002,0.0,1.881,0.744042,-0.600033,0.898278,0.0,0.0,-9999.0,9.21,100.0
201212180430,201212180500,-9999.0,1.0,0.0,0.0,2.864,0.807093,-0.345039,0.951684,0.0,0.0,-9999.0,9.16,100.0
201212180500,201212180530,-9999.0,1.0,0.001,0.22,3.154,0.82597,-0.303253,0.968783,0.0,0.0,-9999.0,9.11,97.1295
201212180530,201212180600,-9999.0,1.0,0.006,0.117,0.928,0.684401,-1.0836,0.849125,1e-06,0.0,-9999.0,9.07,98.2082
201212180600,201212180630,-9999.0,1.0,0.004,0.0,1.528,0.720896,-1.01346,0.881601,1e-06,0.0,-9999.0,9.02,100.0
201212180630,201212180700,-9999.0,1.0,0.0,0.0,1.598,0.724985,-1.00994,0.885894,0.0,0.0,-9999.0,8.98,100.0
201212180700,201212180730,-9999.0,1.0,0.845,0.0,1.098,0.693964,-1.01927,0.858908,0.000215,0.0,-9999.0,8.93,100.0
201212180730,201212180800,-9999.0,1.0,10.8,0.0,1.381,0.711034,-1.10349,0.874806,0.002941,21.7897,-9999.0,8.89,100.0
201212180800,201212180830,-9999.0,1.0,49.44,0.0,1.187,0.698886,-1.10502,0.864362,0.014332,124.662,-9999.0,8.84,100.0
201212180830,201212180900,-9999.0,1.0,113.1,0.0,2.093,0.755032,0.663004,0.916178,0.034714,227.442,-9999.0,8.79,100.0
201212180900,201212180930,-9999.0,1.0,166.1,0.0,3.588,0.85261,-1.09653,1.00554,0.053825,319.817,-9999.0,8.74,100.0
201212180930,201212181000,-9999.0,2.0,210.3,0.093,5.041,0.952967,-0.549226,1.09748,0.071761,400.208,-9999.0,8.69,98.9344
201212181000,201212181030,-9999.0,1.0,250.3,0.714,6.765,1.07891,0.661557,1.21266,0.089711,467.238,-9999.0,8.64,92.7607
201212181030,201212181100,-9999.0,1.0,290.7,1.198,8.07,1.17886,1.11798,1.30579,0.109162,519.761,-9999.0,8.61,88.8901
201212181100,201212181130,-9999.0,1.0,319.9,1.776,9.6,1.30104,0.011125,1.42004,0.125649,556.877,-9999.0,8.58,85.1485
201212181130,201212181200,-9999.0,1.0,338.0,1.02,11.13,1.42829,0.534506,1.54068,0.138658,577.953,-9999.0,8.55,92.3
201212181200,201212181230,1.43785,0.0,374.8,2.635,12.31,1.5296,0.087133,1.64032,0.160122,582.627,-9999.0,8.54,81.6
201212181230,201212181300,0.358073,0.0,334.6,3.701,13.25,1.61214,1.23128,1.72507,0.149226,570.819,-9999.0,8.53,75.7
201212181300,201212181330,-0.184246,0.0,295.6,3.694,12.79,1.57069,1.74061,1.69748,0.137395,542.732,-9999.0,8.54,75.0
201212181330,201212181400,-9999.0,1.0,392.2,4.901,13.93,1.6721,0.15672,1.80252,0.188324,498.845,-9999.0,8.55,69.21
201212181400,201212181430,-9999.0,1.0,163.8,5.081,13.81,1.66065,0.569596,1.80318,0.082578,439.911,-9999.0,8.58,67.83
201212181430,201212181500,-9999.0,1.0,213.7,3.232,12.09,1.50767,0.675801,1.66721,0.11128,366.937,-9999.0,8.62,77.1
201212181500,201212181530,0.167473,0.0,133.6,3.154,12.19,1.51582,1.34366,1.68454,0.072283,281.171,-9999.0,8.66,77.8
201212181530,201212181600,-9999.0,1.0,89.3,2.23,11.34,1.44203,0.590929,1.62088,0.050046,184.082,-9999.0,8.71,83.4
201212181600,201212181630,-9999.0,1.0,29.91,1.617,10.19,1.34483,0.029665,1.53171,0.017359,77.3306,-9999.0,8.75,87.0
201212181630,201212181700,-9999.0,1.0,4.132,0.909,8.85,1.23535,0.157677,1.42742,0.002477,1.93261,-9999.0,8.79,92.0
201212181700,201212181730,-0.863139,0.0,0.164,0.417,7.93,1.16242,2.08586,1.35812,0.000101,0.0,-9999.0,8.82,96.1
201212181730,201212181800,-9999.0,1.0,0.0,0.178,6.771,1.07352,0.043494,1.27031,0.0,0.0,-9999.0,8.84,98.2
201212181800,201212181830,-9999.0,1.0,0.0,0.018,5.829,1.00361,-0.00947,1.20051,0.0,0.0,-9999.0,8.87,99.8
201212181830,201212181900,-9999.0,1.0,0.14,1.156,6.68,1.06593,-0.276868,1.27067,9.4e-05,0.0,-9999.0,8.88,-9999.0
201212181900,201212181930,-9999.0,1.0,0.254,0.127,4.795,0.929131,-0.048919,1.12695,0.000175,0.0,-9999.0,8.88,98.525
201212181930,201212182000,-9999.0,1.0,0.246,0.079,4.506,0.908667,-0.040503,1.10733,0.000174,0.0,-9999.0,8.88,99.0674
201212182000,201212182030,3.85108,0.0,0.226,0.454,3.847,0.863257,-2.88722,1.05979,0.000164,0.0,-9999.0,8.87,94.3639
201212182030,201212182100,0.208011,0.0,0.14,0.288,3.438,0.835537,0.730917,1.03104,0.000104,0.0,-9999.0,8.86,96.3145
201212182100,201212182130,2.02865,0.0,0.042,0.166,3.21,0.820149,-1.10376,1.01561,3.2e-05,0.0,-9999.0,8.84,97.836
201212182130,201212182200,1.57373,0.0,0.006,0.227,2.934,0.801779,-0.665605,0.99652,5e-06,0.0,-9999.0,8.82,96.993
201212182200,201212182230,0.889863,0.0,0.001,0.033,2.787,0.791948,0.009125,0.986842,1e-06,0.0,-9999.0,8.8,99.5522
201212182230,201212182300,-0.02789,0.0,0.0,0.011,2.953,0.802433,0.936002,1.00036,0.0,0.0,-9999.0,8.77,99.8583
201212182300,201212182330,0.3323,0.0,0.0,0.224,3.104,0.811999,0.584083,1.01301,0.0,0.0,-9999.0,8.74,97.0696
201212182330,201212190000,-9999.0,1.0,0.0,0.178,2.543,0.775391,-0.447952,0.971882,0.0,0.0,-9999.0,8.71,97.5706
201212190000,201212190030,-9999.0,1.0,0.001,0.069,2.304,0.759897,-0.650141,0.954969,1e-06,0.0,-9999.0,8.67,99.0458
201212190030,201212190100,-9999.0,1.0,0.002,0.0,2.003,0.740685,-0.733707,0.93339,2e-06,0.0,-9999.0,8.64,100.0
201212190100,201212190130,-9999.0,1.0,0.001,0.0,2.006,0.740602,-0.752604,0.934313,1e-06,0.0,-9999.0,8.6,100.0
201212190130,201212190200,-9999.0,1.0,0.011,0.0,2.193,0.75206,-0.6831,0.949117,1e-05,0.0,-9999.0,8.57,100.0
201212190200,201212190230,-9999.0,1.0,0.001,0.0,2.183,0.751156,-0.509226,0.949154,1e-06,0.0,-9999.0,8.53,100.0
201212190230,201212190300,-9999.0,1.0,0.0,0.006,2.447,0.767578,-0.222115,0.970335,0.0,0.0,-9999.0,8.49,99.9131
201212190300,201212190330,-9999.0,1.0,0.0,0.121,2.469,0.768697,-0.101964,0.972993,0.0,0.0,-9999.0,8.46,98.3435
201212190330,201212190400,-9999.0,1.0,0.0,0.194,2.369,0.762069,-0.050738,0.966073,0.0,0.0,-9999.0,8.42,97.3295
201212190400,201212190430,-9999.0,1.0,0.0,0.498,2.372,0.761981,-0.051107,0.967203,0.0,0.0,-9999.0,8.38,93.135
201212190430,201212190500,-9999.0,1.0,0.094,0.394,2.125,0.746147,-0.177547,0.948555,9.7e-05,0.0,-9999.0,8.34,94.461
201212190500,201212190530,-9999.0,1.0,0.15,0.353,2.028,0.739812,-0.212623,0.941655,0.000158,0.0,-9999.0,8.31,95.0124
201212190530,201212190600,-9999.0,1.0,0.209,0.656,3.36,0.824924,-0.088119,1.05147,0.000224,0.0,-9999.0,8.27,91.5677
201212190600,201212190630,0.35835,0.0,0.1,0.033,4.287,0.886738,0.619735,1.13348,0.000109,0.0,-9999.0,8.23,99.6
201212190630,201212190700,0.704488,0.0,0.016,0.757,4.966,0.933279,0.313743,1.19708,1.8e-05,0.0,-9999.0,8.2,91.3
201212190700,201212190730,0.797669,0.0,0.513,1.563,5.415,0.964548,0.247169,1.2416,0.000578,0.0,-9999.0,8.16,82.6
201212190730,201212190800,0.424108,0.0,7.84,2.001,5.79,0.990966,0.642999,1.28038,0.008969,19.2844,-9999.0,8.13,78.3
201212190800,201212190830,0.232473,0.0,25.87,1.963,5.452,0.966466,0.813311,1.25075,0.030036,120.679,-9999.0,8.1,78.2
201212190830,201212190900,0.128955,0.0,79.0,2.626,6.725,1.05842,0.994598,1.38013,0.092884,223.775,-9999.0,8.07,73.3
201212190900,201212190930,-9999.0,1.0,141.3,3.608,8.12,1.16356,0.168915,1.53137,0.168116,316.523,-9999.0,8.05,66.65
201212190930,201212191000,-9999.0,1.0,195.1,4.549,9.12,1.24149,0.597925,1.64782,0.234956,397.336,-9999.0,8.03,60.71
201212191000,201212191030,-9999.0,1.0,246.7,5.498,10.27,1.33383,0.477045,1.78804,0.300689,464.83,-9999.0,8.01,56.04
201212191030,201212191100,1.28874,0.0,290.6,6.052,10.98,1.39202,0.105545,1.88137,0.358554,517.852,-9999.0,7.98,53.85
201212191100,201212191130,1.90683,0.0,324.1,5.967,10.97,1.39067,-0.514083,1.88778,0.40495,555.494,-9999.0,7.97,54.47
201212191130,201212191200,1.79967,0.0,346.7,6.225,11.36,1.42281,-0.381946,1.94455,0.438842,577.111,-9999.0,7.96,53.71
201212191200,201212191230,1.55902,0.0,357.5,6.629,11.53,1.4366,-0.130887,1.9744,0.458619,582.335,-9999.0,7.96,51.26
201212191230,201212191300,2.68141,0.0,228.3,6.928,11.81,1.45979,-1.23553,2.01909,0.299021,571.075,-9999.0,7.97,50.0
201212191300,201212191330,2.34328,0.0,337.3,7.414,12.49,1.51745,-0.852794,2.1183,0.445209,543.524,-9999.0,7.99,48.83
201212191330,201212191400,2.23803,0.0,312.1,7.584,12.91,1.55328,-0.720219,2.18504,0.418081,500.154,-9999.0,8.02,49.08
201212191400,201212191430,2.23366,0.0,274.9,7.147,12.57,1.52324,-0.739681,2.14783,0.373909,441.707,-9999.0,8.06,50.93
201212191430,201212191500,1.81293,0.0,233.8,6.461,11.86,1.46188,-0.36736,2.05997,0.322908,369.182,-9999.0,8.1,53.52
201212191500,201212191530,2.06713,0.0,178.6,6.929,11.89,1.46389,-0.620476,2.07265,0.250622,283.822,-9999.0,8.15,50.25
201212191530,201212191600,1.45588,0.0,121.1,6.433,11.28,1.41192,-0.050575,1.99815,0.172653,187.085,-9999.0,8.19,51.91
201212191600,201212191630,1.60556,0.0,38.77,5.552,10.32,1.33203,-0.264133,1.87783,0.056226,80.6281,-9999.0,8.23,55.76
201212191630,201212191700,1.62369,0.0,3.601,4.384,8.98,1.22406,-0.369649,1.71181,0.005298,2.62197,-9999.0,8.27,61.77
201212191700,201212191730,1.23712,0.0,0.053,3.7,8.04,1.1506,-0.043545,1.60057,7.9e-05,0.0,-9999.0,8.31,65.61
201212191730,201212191800,0.500854,0.0,0.0,3.176,7.26,1.09112,0.643146,1.51109,0.0,0.0,-9999.0,8.34,68.87
201212191800,201212191830,-0.129857,0.0,0.0,2.73,6.444,1.03048,1.22277,1.41929,0.0,0.0,-9999.0,8.36,71.7
201212191830,201212191900,-9999.0,1.0,0.001,2.413,5.94,0.993691,-0.044946,1.3649,2e-06,0.0,-9999.0,8.38,74.1
201212191900,201212191930,-9999.0,1.0,0.0,2.457,5.925,0.992249,-0.035299,1.36637,0.0,0.0,-9999.0,8.38,73.6
201212191930,201212192000,-9999.0,1.0,0.0,2.785,5.986,0.996251,-0.045185,1.37657,0.0,0.0,-9999.0,8.38,70.2
201212192000,201212192030,-9999.0,1.0,0.0,3.188,6.271,1.0164,-0.036521,1.4131,0.0,0.0,-9999.0,8.38,66.55
201212192030,201212192100,-9999.0,1.0,0.0,4.028,7.33,1.09393,-0.02604,1.54504,0.0,0.0,-9999.0,8.37,60.71
201212192100,201212192130,0.271652,0.0,0.0,3.444,6.846,1.05761,0.841733,1.48942,0.0,0.0,-9999.0,8.35,65.27
201212192130,201212192200,1.46483,0.0,0.0,2.759,5.999,0.995708,-0.4038,1.39096,0.0,0.0,-9999.0,8.34,70.5
201212192200,201212192230,0.750709,0.0,0.0,2.438,5.228,0.940863,0.263364,1.30398,0.0,0.0,-9999.0,8.33,72.5
201212192230,201212192300,-9999.0,1.0,0.0,2.257,4.652,0.900778,-0.108193,1.24108,0.0,0.0,-9999.0,8.31,73.5
201212192300,201212192330,-9999.0,1.0,0.052,1.946,3.955,0.853478,-0.122486,1.16611,8.9e-05,0.0,-9999.0,8.29,76.0
201212192330,201212200000,-9999.0,1.0,0.012,1.519,3.381,0.815417,-0.079052,1.10609,2.1e-05,0.0,-9999.0,8.26,80.5
201212200000,201212200030,-9999.0,1.0,0.015,1.898,4.145,0.865518,-0.144433,1.19076,2.6e-05,0.0,-9999.0,8.24,76.9
201212200030,201212200100,-0.207125,0.0,0.0,2.306,4.798,0.909422,1.19254,1.26115,0.0,0.0,-9999.0,8.22,73.2
201212200100,201212200130,0.477692,0.0,0.088,2.546,5.038,0.925598,0.521247,1.28531,0.000154,0.0,-9999.0,8.19,70.9
201212200130,201212200200,0.801348,0.0,0.13,2.555,4.843,0.911831,0.185452,1.25933,0.000228,0.0,-9999.0,8.16,70.4
201212200200,201212200230,-9999.0,1.0,0.128,3.112,4.744,0.904716,-0.10717,1.24456,0.000225,0.0,-9999.0,8.13,63.69
201212200230,201212200300,-9999.0,1.0,0.128,3.651,5.182,0.934531,-0.162668,1.29128,0.000225,0.0,-9999.0,8.09,58.69
201212200300,201212200330,0.263667,0.0,0.03,3.474,4.809,0.908486,0.71924,1.24499,5.3e-05,0.0,-9999.0,8.06,59.65
201212200330,201212200400,-9999.0,1.0,0.0,2.826,3.712,0.834597,-0.146309,1.12097,0.0,0.0,-9999.0,8.03,64.55
201212200400,201212200430,-9999.0,1.0,0.013,2.417,2.9,0.781817,0.070712,1.03334,2.3e-05,0.0,-9999.0,8.0,67.89
201212200430,201212200500,-9999.0,1.0,0.004,2.128,2.396,0.749821,-0.09486,0.980039,7e-06,0.0,-9999.0,7.97,70.7
201212200500,201212200530,-9999.0,1.0,0.0,1.669,1.56,0.698429,-0.666441,0.897171,0.0,0.0,-9999.0,7.95,75.6
201212200530,201212200600,0.154517,0.0,0.0,1.388,1.149,0.673723,0.619611,0.856794,0.0,0.0,-9999.0,7.92,79.1
201212200600,201212200630,-9999.0,1.0,0.0,2.025,2.747,0.770969,0.04651,1.00621,0.0,0.0,-9999.0,7.89,72.8
201212200630,201212200700,-9999.0,1.0,0.0,2.67,4.093,0.857882,-0.155302,1.14236,0.0,0.0,-9999.0,7.86,67.39
201212200700,201212200730,-9999.0,1.0,1.442,2.01,2.594,0.760779,0.033513,0.985287,0.002573,0.0,-9999.0,7.83,72.7
201212200730,201212200800,-9999.0,1.0,13.27,1.739,2.368,0.746407,-0.006259,0.96041,0.023696,19.1408,-9999.0,7.79,76.0
201212200800,201212200830,1.96445,0.0,41.33,1.99,3.08,0.790941,-1.08686,1.02773,0.073792,120.429,-9999.0,7.76,73.9
201212200830,201212200900,1.23582,0.0,97.9,2.323,3.98,0.849117,-0.307757,1.1173,0.174458,223.529,-9999.0,7.72,71.4
201212200900,201212200930,1.95306,0.0,135.3,2.994,5.588,0.958244,-0.931982,1.29053,0.240918,316.281,-9999.0,7.69,67.06
201212200930,201212201000,1.03512,0.0,178.0,3.233,6.496,1.02242,0.039439,1.39271,0.316591,397.097,-9999.0,7.65,66.6
201212201000,201212201030,0.28615,0.0,215.8,3.837,7.81,1.11881,0.867567,1.54979,0.383494,464.594,-9999.0,7.62,63.78
201212201030,201212201100,-0.15989,0.0,239.9,4.246,8.75,1.18999,1.37101,1.66623,0.426313,517.617,-9999.0,7.59,62.4
201212201100,201212201130,0.708299,0.0,263.6,4.782,9.46,1.24488,0.546467,1.7558,0.468422,555.261,-9999.0,7.57,59.63
201212201130,201212201200,0.884873,0.0,239.2,5.37,10.0,1.28722,0.403154,1.82421,0.426357,576.879,-9999.0,7.57,56.28
201212201200,201212201230,1.45236,0.0,152.8,5.378,10.06,1.29153,-0.161368,1.82729,0.274287,582.103,-9999.0,7.57,56.39
201212201230,201212201300,-9999.0,1.0,123.1,5.17,9.76,1.26717,0.316046,1.78126,0.221739,570.842,-9999.0,7.58,57.23
201212201300,201212201330,-9999.0,1.0,115.5,5.024,9.59,1.25326,0.088168,1.75332,0.208472,543.29,-9999.0,7.59,57.96
201212201330,201212201400,2.1829,0.0,155.1,5.127,9.74,1.26464,-0.914609,1.76843,0.279644,499.919,-9999.0,7.62,57.53
201212201400,201212201430,1.30219,0.0,148.2,5.563,9.99,1.28401,-0.01897,1.79708,0.26773,441.469,-9999.0,7.64,54.68
201212201430,201212201500,1.84065,0.0,96.8,5.404,9.96,1.28114,-0.560157,1.78788,0.175743,368.942,-9999.0,7.68,55.89
201212201500,201212201530,0.851249,0.0,25.82,5.141,9.75,1.26401,0.415197,1.75458,0.047175,283.578,-9999.0,7.71,57.44
201212201530,201212201600,2.05611,0.0,20.71,4.512,9.27,1.22583,-0.820529,1.6862,0.037911,186.838,-9999.0,7.74,61.42
201212201600,201212201630,-9999.0,1.0,22.42,3.86,8.97,1.20206,-0.201663,1.64246,0.041101,80.3766,-9999.0,7.78,66.32
201212201630,201212201700,-9999.0,1.0,1.727,3.324,8.47,1.16321,-0.03273,1.57418,0.003175,2.57114,-9999.0,7.81,70.0
201212201700,201212201730,0.971874,0.0,0.0,3.06,8.01,1.12795,0.183586,1.5125,0.0,0.0,-9999.0,7.85,71.5
201212201730,201212201800,1.12648,0.0,0.0,3.178,7.86,1.11627,0.01908,1.48971,0.0,0.0,-9999.0,7.88,70.1
201212201800,201212201830,1.46094,0.0,0.0,3.078,7.64,1.09945,-0.329493,1.45873,0.0,0.0,-9999.0,7.91,70.6
201212201830,201212201900,-9999.0,1.0,0.0,2.868,7.37,1.07906,-0.038507,1.42222,0.0,0.0,-9999.0,7.93,72.1
201212201900,201212201930,-9999.0,1.0,0.0,2.723,7.09,1.05813,-0.002188,1.38512,0.0,0.0,-9999.0,7.95,73.0
201212201930,201212202000,-9999.0,1.0,0.0,2.433,6.576,1.02052,-0.020841,1.32194,0.0,0.0,-9999.0,7.96,75.0
201212202000,201212202030,-9999.0,1.0,0.0,2.272,6.538,1.01741,-0.023795,1.31363,0.0,0.0,-9999.0,7.98,76.6
201212202030,201212202100,-9999.0,1.0,0.0,2.221,6.523,1.01595,0.019648,1.30794,0.0,0.0,-9999.0,7.99,77.1
201212202100,201212202130,-9999.0,1.0,0.0,2.226,6.495,1.01356,0.025833,1.3008,0.0,0.0,-9999.0,7.99,77.0
201212202130,201212202200,-9999.0,1.0,0.0,1.951,6.183,0.990987,-0.011917,1.26221,0.0,0.0,-9999.0,8.0,79.4
201212202200,201212202230,-9999.0,1.0,0.0,1.729,5.911,0.971457,-0.042078,1.22867,0.0,0.0,-9999.0,8.0,81.4
201212202230,201212202300,-2.47849,0.0,0.0,1.778,6.079,0.982898,3.51042,1.24307,0.0,0.0,-9999.0,8.0,81.1
201212202300,201212202330,-9999.0,1.0,0.0,1.688,6.202,0.99121,-0.060029,1.25261,0.0,0.0,-9999.0,8.0,82.2
201212202330,201212210000,-9999.0,1.0,0.0,1.636,6.161,0.987938,-0.05632,1.24424,0.0,0.0,-9999.0,8.0,82.7
201212210000,201212210030,-9999.0,1.0,0.0,1.598,6.157,0.987283,-0.061896,1.23992,0.0,0.0,-9999.0,8.0,83.1
201212210030,201212210100,-9999.0,1.0,0.0,1.495,6.163,0.987333,-0.065506,1.23669,0.0,0.0,-9999.0,8.0,84.2
201212210100,201212210130,-9999.0,1.0,0.0,1.243,5.989,0.974722,-0.079532,1.21412,0.0,0.0,-9999.0,8.0,86.7
201212210130,201212210200,1.03923,0.0,0.0,1.299,6.091,0.981516,-0.010672,1.22119,0.0,0.0,-9999.0,8.0,86.2
201212210200,201212210230,0.34644,0.0,0.0,1.568,6.407,1.00348,0.69995,1.25133,0.0,0.0,-9999.0,8.0,83.7
201212210230,201212210300,-9999.0,1.0,0.055,1.919,6.736,1.02659,-0.08487,1.28323,0.000104,0.0,-9999.0,8.0,80.5
201212210300,201212210330,-9999.0,1.0,0.111,1.537,6.656,1.02047,-0.077952,1.27042,0.000211,0.0,-9999.0,7.99,84.3
201212210330,201212210400,-9999.0,1.0,0.134,1.161,6.37,0.999718,-0.030074,1.23546,0.000255,0.0,-9999.0,7.99,87.9
201212210400,201212210430,3.03766,0.0,0.158,0.61,6.037,0.975872,-2.01564,1.19616,0.000301,0.0,-9999.0,7.99,93.5
201212210430,201212210500,2.3865,0.0,0.094,0.27,5.931,0.968089,-1.37132,1.18121,0.000179,0.0,-9999.0,7.98,97.1
201212210500,201212210530,1.91158,0.0,0.0,0.279,5.919,0.966884,-0.897768,1.17615,0.0,0.0,-9999.0,7.98,97.0
201212210530,201212210600,1.74727,0.0,0.0,0.356,6.023,0.973782,-0.728098,1.18315,0.0,0.0,-9999.0,7.98,96.2
201212210600,201212210630,4.03631,0.0,0.0,0.12,5.854,0.961626,-3.02761,1.16181,0.0,0.0,-9999.0,7.97,98.7
201212210630,201212210700,1.97145,0.0,0.0,0.723,5.73,0.952658,-0.970575,1.1453,0.0,0.0,-9999.0,7.97,92.1198
201212210700,201212210730,3.33559,0.0,0.253,0.702,5.706,0.950636,-2.33676,1.13911,0.000486,0.0,-9999.0,7.96,92.3461
201212210730,201212210800,1.77977,0.0,4.746,0.712,5.658,0.946959,-0.78437,1.13049,0.009133,16.9492,-9999.0,7.96,92.2026
201212210800,201212210830,0.71894,0.0,10.49,0.806,5.811,0.957182,0.284604,1.14226,0.020208,116.732,-9999.0,7.96,91.2675
201212210830,201212210900,1.48628,0.0,9.24,0.574,5.83,0.958135,-0.48231,1.1404,0.017828,220.157,-9999.0,7.95,93.7915
201212210900,201212210930,2.01257,0.0,31.75,0.509,5.897,0.962421,-1.00541,1.14341,0.061239,313.288,-9999.0,7.95,94.5221
201212210930,201212211000,3.34233,0.0,55.18,0.582,6.21,0.983912,-2.31775,1.17153,0.106381,394.533,-9999.0,7.94,93.87
201212211000,201212211030,2.55862,0.0,67.2,0.735,6.505,1.00434,-1.51574,1.19808,0.129616,462.5,-9999.0,7.94,92.4087
201212211030,201212211100,1.3242,0.0,103.5,0.828,6.856,1.02896,-0.259604,1.23079,0.199322,516.027,-9999.0,7.94,91.6536
201212211100,201212211130,2.71327,0.0,118.5,0.0,7.31,1.0613,-1.62068,1.27494,0.228253,554.198,-9999.0,7.94,100.0
201212211130,201212211200,-9999.0,1.0,158.5,0.254,7.78,1.09527,-0.034793,1.32159,0.304723,576.359,-9999.0,7.95,97.6
201212211200,201212211230,-9999.0,1.0,145.2,0.657,8.3,1.13509,0.099411,1.37461,0.27986,582.133,-9999.0,7.95,94.0
201212211230,201212211300,0.870831,0.0,114.2,1.133,8.37,1.14158,0.288978,1.37784,0.220998,571.42,-9999.0,7.96,89.7
201212211300,201212211330,1.18936,0.0,100.6,1.117,8.15,1.12633,-0.041573,1.34886,0.195182,544.403,-9999.0,7.98,89.7
201212211330,201212211400,2.57052,0.0,201.4,1.303,8.42,1.14783,-1.40512,1.37421,0.38799,501.544,-9999.0,7.99,88.2
201212211400,201212211430,2.04973,0.0,154.6,1.803,8.91,1.18631,-0.85317,1.42457,0.299432,443.577,-9999.0,8.01,84.2
201212211430,201212211500,2.65397,0.0,101.8,1.626,8.55,1.16016,-1.47809,1.37942,0.198339,371.494,-9999.0,8.03,85.4
201212211500,201212211530,1.16687,0.0,90.4,2.028,8.39,1.14929,0.000555,1.35707,0.176552,286.528,-9999.0,8.05,81.6
201212211530,201212211600,2.9555,0.0,42.03,1.892,7.94,1.11672,-1.81411,1.30354,0.082548,190.133,-9999.0,8.08,82.3
201212211600,201212211630,2.71667,0.0,4.497,1.803,7.57,1.09043,-1.59637,1.25972,0.008874,83.9582,-9999.0,8.1,82.7
201212211630,201212211700,2.09693,0.0,0.59,1.748,7.46,1.08349,-0.982025,1.24385,0.001166,3.42063,-9999.0,8.13,83.1
201212211700,201212211730,1.80233,0.0,0.0,2.161,7.32,1.07434,-0.694627,1.225,0.0,0.0,-9999.0,8.15,78.9
201212211730,201212211800,2.21219,0.0,0.0,2.177,7.15,1.06302,-1.11349,1.20326,0.0,0.0,-9999.0,8.16,78.5
201212211800,201212211830,2.09977,0.0,0.0,1.902,6.682,1.03013,-1.02785,1.15178,0.0,0.0,-9999.0,8.17,80.6
201212211830,201212211900,1.91416,0.0,0.0,1.425,5.747,0.9647,-0.896348,1.05677,0.0,0.0,-9999.0,8.18,84.5
201212211900,201212211930,-9999.0,1.0,0.0,1.128,5.027,0.915859,-0.047211,0.986077,0.0,0.0,-9999.0,8.19,87.1
201212211930,201212212000,-9999.0,1.0,0.0,0.718,4.206,0.861446,-0.090662,0.909521,0.0,0.0,-9999.0,8.19,91.3
201212212000,201212212030,-9999.0,1.0,0.001,0.471,3.977,0.847197,-0.06905,0.886494,2e-06,0.0,-9999.0,8.19,94.2
201212212030,201212212100,0.456712,0.0,0.01,0.315,4.275,0.867891,0.48013,0.908871,2e-05,0.0,-9999.0,8.18,96.2
201212212100,201212212130,-9999.0,1.0,0.163,0.526,4.843,0.907185,-0.034482,0.955403,0.000326,0.0,-9999.0,8.17,93.9
201212212130,201212212200,-9999.0,1.0,0.199,0.572,4.28,0.870079,-0.08238,0.902641,0.000399,0.0,-9999.0,8.15,93.1
201212212200,201212212230,-9999.0,1.0,0.254,0.468,3.898,0.845595,-0.110819,0.866854,0.00051,0.0,-9999.0,8.13,94.2
201212212230,201212212300,-9999.0,1.0,0.235,0.405,3.935,0.848943,-0.092449,0.866733,0.000473,0.0,-9999.0,8.11,95.0
201212212300,201212212330,0.365368,0.0,0.047,0.478,4.189,0.866762,0.571617,0.884903,9.5e-05,0.0,-9999.0,8.09,94.2
201212212330,201212220000,0.286553,0.0,0.0,0.578,4.416,0.882953,0.664507,0.900921,0.0,0.0,-9999.0,8.07,93.1
201212220000,201212220030,0.257564,0.0,0.0,0.565,4.521,0.891004,0.700592,0.906543,0.0,0.0,-9999.0,8.05,93.3
201212220030,201212220100,0.533314,0.0,0.0,0.818,5.271,0.943613,0.469666,0.968958,0.0,0.0,-9999.0,8.02,90.8
201212220100,201212220130,0.318236,0.0,0.0,1.216,5.781,0.980568,0.716008,1.01127,0.0,0.0,-9999.0,8.0,86.8
201212220130,201212220200,0.338796,0.0,0.0,1.496,6.088,1.00358,0.714891,1.03553,0.0,0.0,-9999.0,7.97,84.1
201212220200,201212220230,0.067395,0.0,0.0,1.325,5.86,0.988281,0.973783,1.01112,0.0,0.0,-9999.0,7.95,85.7
201212220230,201212220300,0.156093,0.0,0.0,1.23,5.722,0.979475,0.877965,0.995174,0.0,0.0,-9999.0,7.93,86.6
201212220300,201212220330,1.38804,0.0,0.0,1.348,5.81,0.98679,-0.34762,0.999357,0.0,0.0,-9999.0,7.91,85.4
201212220330,201212220400,0.450775,0.0,0.0,1.55,6.148,1.01216,0.611043,1.02568,0.0,0.0,-9999.0,7.89,83.6
201212220400,201212220430,-9999.0,1.0,0.0,1.507,6.01,1.00325,-0.014074,1.00963,0.0,0.0,-9999.0,7.87,83.9
201212220430,201212220500,-9999.0,1.0,0.0,1.436,6.049,1.00712,-0.026981,1.0093,0.0,0.0,-9999.0,7.85,84.7
201212220500,201212220530,-0.23119,0.0,0.0,1.854,6.997,1.07786,1.34808,1.09008,0.0,0.0,-9999.0,7.84,81.5
201212220530,201212220600,-9999.0,1.0,0.0,1.581,6.615,1.05062,-0.076269,1.05142,0.0,0.0,-9999.0,7.82,83.8
201212220600,201212220630,-9999.0,1.0,0.0,1.57,6.971,1.07818,-0.114986,1.07902,0.0,0.0,-9999.0,7.81,84.3
201212220630,201212220700,0.09736,0.0,0.0,1.319,6.524,1.04611,0.994124,1.03521,0.0,0.0,-9999.0,7.8,86.4
201212220700,201212220730,1.05522,0.0,0.321,1.203,6.407,1.03858,0.030285,1.02102,0.000554,0.0,-9999.0,7.79,87.5
201212220730,201212220800,2.34696,0.0,5.356,1.209,6.478,1.0449,-1.25597,1.02312,0.009125,16.9678,-9999.0,7.78,87.5
201212220800,201212220830,1.48534,0.0,20.21,1.462,7.09,1.09164,-0.355569,1.07205,0.033958,116.779,-9999.0,7.77,85.5
201212220830,201212220900,1.5207,0.0,67.86,2.163,8.19,1.17713,-0.32105,1.16587,0.1121,220.218,-9999.0,7.76,80.1
201212220900,201212220930,1.26752,0.0,133.6,2.908,9.25,1.26235,0.000782,1.25914,0.216586,313.362,-9999.0,7.75,75.1
201212220930,201212221000,-9999.0,1.0,187.3,3.561,10.1,1.33289,0.076922,1.33465,0.298274,394.617,-9999.0,7.74,71.2
201212221000,201212221030,-9999.0,1.0,238.2,4.782,11.42,1.44496,1.04434,1.45887,0.372668,462.593,-9999.0,7.72,64.58
201212221030,201212221100,2.04372,0.0,281.6,5.241,12.04,1.49975,-0.588721,1.51437,0.433058,516.127,-9999.0,7.72,62.74
201212221100,201212221130,-9999.0,1.0,315.7,5.288,12.06,1.50304,0.279984,1.50827,0.477546,554.304,-9999.0,7.71,62.46
201212221130,201212221200,-9999.0,1.0,340.4,5.886,12.62,1.55352,0.317139,1.55737,0.506817,576.469,-9999.0,7.72,59.72
201212221200,201212221230,1.43795,0.0,353.1,6.869,13.35,1.6199,0.109799,1.62434,0.51793,582.243,-9999.0,7.73,55.19
201212221230,201212221300,0.701518,0.0,223.2,7.317,13.73,1.65574,0.873679,1.65477,0.326673,571.528,-9999.0,7.75,53.43
201212221300,201212221330,0.702831,0.0,336.7,8.047,14.43,1.72116,0.921887,1.71889,0.480867,544.507,-9999.0,7.78,51.06
201212221330,201212221400,1.7117,0.0,313.3,9.33,15.44,1.81655,-0.015602,1.81681,0.44199,501.643,-9999.0,7.82,46.83
201212221400,201212221430,1.18027,0.0,276.3,9.04,15.14,1.79039,0.49682,1.7733,0.385435,443.668,-9999.0,7.87,47.48
201212221430,201212221500,1.25199,0.0,209.7,8.799,14.55,1.73754,0.386094,1.70038,0.289981,371.576,-9999.0,7.93,46.9
201212221500,201212221530,0.435645,0.0,109.3,8.386,14.16,1.70348,1.1773,1.64999,0.150268,286.598,-9999.0,7.98,48.1
201212221530,201212221600,0.738042,0.0,53.04,7.148,13.06,1.60558,0.801309,1.5308,0.07219,190.19,-9999.0,8.04,52.48
201212221600,201212221630,0.985139,0.0,21.48,6.541,12.42,1.55028,0.512362,1.46057,0.02887,84.0001,-9999.0,8.09,54.65
201212221630,201212221700,-9999.0,1.0,2.9,6.148,11.88,1.50441,-0.172147,1.40192,0.003843,3.4282,-9999.0,8.14,55.83
201212221700,201212221730,-9999.0,1.0,0.078,4.705,10.59,1.39491,-0.332509,1.27875,0.000102,0.0,-9999.0,8.19,63.18
201212221730,201212221800,-9999.0,1.0,0.001,3.68,9.18,1.27895,-0.208767,1.1529,1e-06,0.0,-9999.0,8.22,68.34
201212221800,201212221830,-9999.0,1.0,0.0,3.21,8.92,1.25907,-0.165189,1.12597,0.0,0.0,-9999.0,8.25,71.9
201212221830,201212221900,-9999.0,1.0,0.0,2.703,8.23,1.20483,-0.188128,1.06589,0.0,0.0,-9999.0,8.28,75.2
201212221900,201212221930,-9999.0,1.0,0.0,2.42,7.84,1.17513,-0.187119,1.03086,0.0,0.0,-9999.0,8.3,77.2
201212221930,201212222000,-9999.0,1.0,0.0,2.288,7.34,1.13717,-0.164005,0.988685,0.0,0.0,-9999.0,8.31,77.7
201212222000,201212222030,-9999.0,1.0,0.0,1.594,6.035,1.03886,-0.080889,0.891195,0.0,0.0,-9999.0,8.32,83.0
201212222030,201212222100,-9999.0,1.0,0.0,1.476,6.072,1.04268,-0.078187,0.889968,0.0,0.0,-9999.0,8.32,84.3
201212222100,201212222130,-9999.0,1.0,0.003,1.187,5.111,0.972962,-0.154713,0.821999,3e-06,0.0,-9999.0,8.31,86.5
201212222130,201212222200,-9999.0,1.0,0.012,0.811,3.952,0.891655,-0.054946,0.745549,1.3e-05,0.0,-9999.0,8.3,90.0
201212222200,201212222230,-9999.0,1.0,0.001,0.407,3.174,0.839243,0.115442,0.696329,1e-06,0.0,-9999.0,8.29,94.7
201212222230,201212222300,-9999.0,1.0,0.003,0.264,2.916,0.822752,0.112887,0.679131,3e-06,0.0,-9999.0,8.27,96.5
201212222300,201212222330,-9999.0,1.0,0.004,0.177,2.579,0.801182,0.018076,0.65791,4e-06,0.0,-9999.0,8.25,97.6
201212222330,201212230000,-9999.0,1.0,0.004,0.12,2.02,0.765478,-0.261544,0.625197,4e-06,0.0,-9999.0,8.23,98.3
201212230000,201212230030,-9999.0,1.0,0.01,0.034,1.488,0.732266,-0.463043,0.595222,1e-05,0.0,-9999.0,8.2,99.5
201212230030,201212230100,-9999.0,1.0,0.0,0.401,1.557,0.737372,-0.458276,0.597303,0.0,0.0,-9999.0,8.17,94.1387
201212230100,201212230130,-9999.0,1.0,0.0,0.537,1.332,0.723907,-0.18588,0.584184,0.0,0.0,-9999.0,8.14,92.014
201212230130,201212230200,-9999.0,1.0,0.001,0.31,1.369,0.726965,-0.467254,0.584615,1e-06,0.0,-9999.0,8.11,95.4079
201212230200,201212230230,-9999.0,1.0,0.0,0.558,2.431,0.796241,-0.172975,0.638177,0.0,0.0,-9999.0,8.07,92.3398
201212230230,201212230300,-9999.0,1.0,0.001,0.021,1.966,0.766612,-0.339394,0.612026,1e-06,0.0,-9999.0,8.03,99.7
201212230300,201212230330,-9999.0,1.0,0.002,0.032,0.442,0.671794,-0.097245,0.535212,2e-06,0.0,-9999.0,8.0,99.5
201212230330,201212230400,-9999.0,1.0,0.0,0.374,0.357,0.667324,0.249346,0.530105,0.0,0.0,-9999.0,7.96,94.0327
201212230400,201212230430,-9999.0,2.0,0.124,0.349,0.136,0.654705,-1.18114,0.518799,0.000104,0.0,-9999.0,7.92,94.3476
201212230430,201212230500,-9999.0,1.0,0.164,0.433,1.064,0.712152,-0.132237,0.561144,0.000135,0.0,-9999.0,7.88,93.4428
201212230500,201212230530,-9999.0,1.0,0.147,0.805,2.575,0.810633,-0.11832,0.634027,0.000118,0.0,-9999.0,7.84,89.0504
201212230530,201212230600,-9999.0,1.0,0.188,0.064,2.129,0.781892,-0.313294,0.609802,0.000146,0.0,-9999.0,7.8,99.1
201212230600,201212230630,-9999.0,1.0,0.073,0.021,1.733,0.756872,-0.427765,0.588802,5.5e-05,0.0,-9999.0,7.76,99.7
201212230630,201212230700,-9999.0,1.0,0.0,0.762,2.547,0.811186,-0.117235,0.626728,0.0,0.0,-9999.0,7.73,89.6168
201212230700,201212230730,-9999.0,1.0,0.4,0.0,3.186,0.855368,-0.070324,0.656504,0.000286,0.0,-9999.0,7.69,100.0
201212230730,201212230800,-9999.0,1.0,6.38,0.09,4.01,0.913853,-0.148453,0.696026,0.004428,15.0507,-9999.0,7.66,98.9
201212230800,201212230830,-9999.0,1.0,23.51,0.248,4.246,0.931621,-0.395863,0.705467,0.015796,113.368,-9999.0,7.64,97.0
201212230830,201212230900,-0.87478,0.0,51.95,0.319,5.201,1.00236,1.94237,0.752247,0.033725,217.14,-9999.0,7.61,96.4
201212230900,201212230930,0.25164,0.0,96.3,0.751,6.612,1.11094,0.906918,0.824512,0.060252,310.671,-9999.0,7.59,92.3
201212230930,201212231000,-0.6548,0.0,188.8,1.9,8.6,1.27225,1.94512,0.931644,0.113221,392.361,-9999.0,7.57,83.0
201212231000,201212231030,-9999.0,1.0,224.4,3.327,10.44,1.43032,0.98029,1.03381,0.129507,460.813,-9999.0,7.56,73.7
201212231030,201212231100,-9999.0,1.0,277.2,4.148,11.21,1.4997,0.898931,1.07302,0.153526,514.854,-9999.0,7.54,68.85
201212231100,201212231130,1.03297,0.0,340.5,4.734,11.97,1.56959,0.492162,1.11126,0.180562,553.562,-9999.0,7.54,66.19
201212231130,201212231200,-9999.0,1.0,272.5,4.823,12.57,1.62608,1.05021,1.13932,0.139803,576.272,-9999.0,7.55,66.89
201212231200,201212231230,-9999.0,1.0,238.9,4.846,13.18,1.68436,0.591962,1.16741,0.118023,582.597,-9999.0,7.57,68.03
201212231230,201212231300,0.746588,0.0,202.0,4.752,13.54,1.71986,0.894276,1.17982,0.095958,572.429,-9999.0,7.6,69.38
201212231300,201212231330,0.867178,0.0,146.2,4.915,13.84,1.74997,0.796789,1.18815,0.066772,545.941,-9999.0,7.63,68.94
201212231330,201212231400,-9999.0,1.0,156.0,4.819,13.32,1.70249,-0.286839,1.14808,0.067948,503.586,-9999.0,7.68,68.5
201212231400,201212231430,-9999.0,1.0,191.0,4.731,12.94,1.66852,0.191721,1.11719,0.078977,446.09,-9999.0,7.73,68.3
201212231430,201212231500,0.187508,0.0,144.2,4.592,12.84,1.66081,1.40992,1.10269,0.056888,374.436,-9999.0,7.78,69.03
201212231500,201212231530,1.23169,0.0,77.7,3.866,12.14,1.59758,0.317657,1.05579,0.029219,289.85,-9999.0,7.83,72.7
201212231530,201212231600,-9999.0,1.0,38.45,3.279,11.35,1.52713,-0.451805,1.00592,0.013706,193.779,-9999.0,7.89,75.6
201212231600,201212231630,-9999.0,1.0,21.74,2.723,10.39,1.44287,-0.49097,0.949454,0.007305,87.868,-9999.0,7.94,78.4
201212231630,201212231700,-9999.0,1.0,10.72,2.307,9.75,1.38822,-0.072233,0.911105,0.00338,4.47506,-9999.0,7.99,80.9
201212231700,201212231730,-9999.0,1.0,0.459,1.816,9.01,1.32587,-0.106647,0.869404,0.000135,0.0,-9999.0,8.04,84.2
201212231730,201212231800,-9999.0,1.0,0.0,1.343,8.37,1.27307,-0.141892,0.833948,0.0,0.0,-9999.0,8.08,87.8
201212231800,201212231830,-9999.0,1.0,0.0,0.959,8.23,1.26259,-0.152582,0.822319,0.0,0.0,-9999.0,8.11,91.2
201212231830,201212231900,-9999.0,1.0,0.0,0.71,7.6,1.21166,-0.149935,0.789228,0.0,0.0,-9999.0,8.13,93.2
201212231900,201212231930,-9999.0,1.0,0.0,0.382,7.06,1.16887,-0.093079,0.761201,0.0,0.0,-9999.0,8.15,96.2
201212231930,201212232000,-9999.0,1.0,0.0,0.212,6.398,1.11706,-0.01458,0.72905,0.0,0.0,-9999.0,8.17,97.8
201212232000,201212232030,-9999.0,1.0,0.0,0.489,6.562,1.13117,-0.088947,0.731798,0.0,0.0,-9999.0,8.17,94.972
201212232030,201212232100,-9999.0,1.0,0.0,0.616,6.225,1.10556,-0.067641,0.714096,0.0,0.0,-9999.0,8.18,93.5142
201212232100,201212232130,-9999.0,1.0,0.0,0.493,5.54,1.05319,-0.067128,0.683233,0.0,0.0,-9999.0,8.17,94.5582
201212232130,201212232200,-9999.0,1.0,0.0,0.274,5.2,1.02813,-0.149913,0.666692,0.0,0.0,-9999.0,8.17,96.9063
201212232200,201212232230,-9999.0,1.0,0.0,0.298,4.84,1.00181,-0.115065,0.64987,0.0,0.0,-9999.0,8.16,96.5448
201212232230,201212232300,-9999.0,1.0,0.0,0.222,4.418,0.971181,-0.110805,0.631264,0.0,0.0,-9999.0,8.14,97.349
201212232300,201212232330,-9999.0,1.0,0.0,0.0,4.81,1.00148,-0.083127,0.642599,0.0,0.0,-9999.0,8.13,100.0
201212232330,201212240000,-9999.0,1.0,0.0,0.205,5.304,1.04008,-0.145074,0.65729,0.0,0.0,-9999.0,8.11,97.6989
201212240000,201212240030,-9999.0,1.0,0.0,0.262,5.391,1.04778,-0.079824,0.657038,0.0,0.0,-9999.0,8.09,97.0778
201212240030,201212240100,-9999.0,1.0,0.0,0.35,4.297,0.965925,-0.116854,0.624069,0.0,0.0,-9999.0,8.07,95.7846
201212240100,201212240130,-9999.0,1.0,0.159,0.401,3.828,0.932301,-0.116526,0.613112,1.7e-05,0.0,-9999.0,8.04,95.0055
201212240130,201212240200,-9999.0,1.0,0.186,0.273,3.805,0.931516,-0.116989,0.617804,3e-05,0.0,-9999.0,8.02,96.5957
201212240200,201212240230,-9999.0,1.0,0.193,0.218,4.459,0.98081,-0.088218,0.646831,4.1e-05,0.0,-9999.0,7.99,97.4089
201212240230,201212240300,-9999.0,1.0,0.192,0.388,4.461,0.9819,-0.087062,0.652585,5.1e-05,0.0,-9999.0,7.96,95.3828
201212240300,201212240330,-9999.0,1.0,0.062,0.148,4.565,0.990662,-0.057645,0.662089,2e-05,0.0,-9999.0,7.93,98.2502
201212240330,201212240400,-9999.0,1.0,0.0,0.65,3.771,0.9326,-0.115193,0.638572,0.0,0.0,-9999.0,7.91,91.8844
201212240400,201212240430,-9999.0,1.0,0.0,0.294,2.752,0.860287,0.022633,0.60686,0.0,0.0,-9999.0,7.88,96.0541
201212240430,201212240500,-9999.0,1.0,0.0,0.0,3.634,0.92436,-0.085656,0.64448,0.0,0.0,-9999.0,7.85,100.0
201212240500,201212240530,-9999.0,1.0,0.0,0.293,3.555,0.919481,-0.187153,0.646992,0.0,0.0,-9999.0,7.82,96.285
201212240530,201212240600,-9999.0,1.0,0.0,0.0,3.74,0.933889,-0.083152,0.659379,0.0,0.0,-9999.0,7.8,100.0
201212240600,201212240630,-9999.0,1.0,0.0,0.027,4.506,0.991882,-0.031465,0.694086,0.0,0.0,-9999.0,7.77,99.6783
201212240630,201212240700,-9999.0,1.0,0.0,0.158,4.064,0.959643,-0.054608,0.682752,0.0,0.0,-9999.0,7.74,98.0667
201212240700,201212240730,-9999.0,1.0,0.512,0.161,3.905,0.948741,-0.110281,0.682187,0.000381,0.0,-9999.0,7.72,98.0028
201212240730,201212240800,-9999.0,1.0,7.77,0.481,3.457,0.916706,-0.116557,0.670385,0.006191,15.2122,-9999.0,7.69,93.8559
201212240800,201212240830,-9999.0,1.0,29.8,0.205,2.561,0.853365,-0.151423,0.641289,0.025288,113.71,-9999.0,7.66,97.2141
201212240830,201212240900,-9999.0,1.0,81.8,0.0,4.696,1.01109,-0.155338,0.730121,0.073478,217.506,-9999.0,7.63,100.0
201212240900,201212240930,-9999.0,1.0,138.8,0.709,6.145,1.12588,-0.256433,0.794655,0.131477,311.059,-9999.0,7.6,92.4973
201212240930,201212241000,-9999.0,1.0,184.9,0.895,7.3,1.2218,0.273433,0.848808,0.18427,392.768,-9999.0,7.57,91.2545
201212241000,201212241030,-9999.0,1.0,227.9,1.667,9.39,1.40347,1.00438,0.944368,0.23835,461.236,-9999.0,7.55,85.86
201212241030,201212241100,-9999.0,1.0,274.4,0.408,12.06,1.65096,2.51824,1.06857,0.300344,515.291,-9999.0,7.53,97.1
201212241100,201212241130,-9999.0,1.0,303.1,2.534,13.38,1.78027,0.852589,1.13554,0.346853,554.007,-9999.0,7.52,83.5
201212241130,201212241200,-9999.0,1.0,322.5,3.377,13.94,1.83732,0.684759,1.16913,0.385302,576.723,-9999.0,7.51,78.8
201212241200,201212241230,-0.556794,0.0,287.0,3.927,14.88,1.93353,2.37538,1.22055,0.358692,583.049,-9999.0,7.5,76.8
201212241230,201212241300,-0.237222,0.0,276.5,3.983,15.37,1.98535,2.09474,1.25184,0.360235,572.879,-9999.0,7.52,77.2
201212241300,201212241330,0.63892,0.0,341.5,4.846,15.91,2.04291,1.26156,1.28578,0.460605,546.384,-9999.0,7.54,73.2
201212241330,201212241400,1.09922,0.0,307.7,5.751,16.68,2.12529,0.862181,1.33093,0.432004,504.02,-9999.0,7.58,69.72
201212241400,201212241430,0.960406,0.0,257.8,5.716,16.46,2.10416,0.985919,1.32961,0.376673,446.51,-9999.0,7.63,69.48
201212241430,201212241500,0.795879,0.0,203.3,4.891,15.88,2.04555,1.10773,1.31104,0.30884,374.839,-9999.0,7.7,72.9
201212241500,201212241530,1.34105,0.0,142.4,4.477,15.82,2.04123,0.559759,1.31706,0.224754,290.234,-9999.0,7.76,75.1
201212241530,201212241600,0.741019,0.0,74.0,3.467,15.02,1.96058,1.10038,1.2875,0.12128,194.141,-9999.0,7.83,79.7
201212241600,201212241630,0.973727,0.0,28.39,2.515,14.03,1.86192,0.794171,1.24849,0.048187,88.2043,-9999.0,7.9,84.3
201212241630,201212241700,-9999.0,1.0,3.435,1.581,12.93,1.75429,-0.16745,1.20389,0.006023,4.56032,-9999.0,7.96,89.4
201212241700,201212241730,-9999.0,1.0,0.121,0.957,11.82,1.64813,-0.266593,1.15854,0.000219,0.0,-9999.0,8.01,93.1
201212241730,201212241800,-9999.0,1.0,0.0,0.356,11.05,1.57644,-0.382488,1.12925,0.0,0.0,-9999.0,8.06,97.3
201212241800,201212241830,-9999.0,1.0,0.0,0.076,10.46,1.52269,-0.254973,1.10837,0.0,0.0,-9999.0,8.1,99.4
201212241830,201212241900,-9999.0,1.0,0.0,0.7,9.7,1.45413,-0.098215,1.07912,0.0,0.0,-9999.0,8.13,94.188
201212241900,201212241930,-9999.0,1.0,0.0,0.699,9.43,1.43094,-0.145879,1.07324,0.0,0.0,-9999.0,8.16,94.0884
201212241930,201212242000,-9999.0,1.0,0.0,0.803,8.7,1.36675,-0.120163,1.04506,0.0,0.0,-9999.0,8.18,92.8649
201212242000,201212242030,-9999.0,1.0,0.0,0.288,8.52,1.35205,-0.116219,1.04321,0.0,0.0,-9999.0,8.2,97.4074
201212242030,201212242100,-9999.0,1.0,0.0,0.71,9.07,1.40239,-0.162367,1.07682,0.0,0.0,-9999.0,8.21,93.8489
201212242100,201212242130,-9999.0,1.0,0.0,0.66,8.27,1.33248,-0.118698,1.04462,0.0,0.0,-9999.0,8.22,93.9613
201212242130,201212242200,-9999.0,1.0,0.0,0.507,8.56,1.35936,-0.086409,1.0656,0.0,0.0,-9999.0,8.23,95.4517
201212242200,201212242230,-9999.0,1.0,0.0,0.78,9.21,1.41893,-0.164678,1.10467,0.0,0.0,-9999.0,8.23,93.3036
201212242230,201212242300,-9999.0,1.0,0.0,0.867,9.53,1.44936,-0.103338,1.12771,0.0,0.0,-9999.0,8.24,92.7125
201212242300,201212242330,-9999.0,1.0,0.0,0.797,10.42,1.5331,-0.120313,1.17988,0.0,0.0,-9999.0,8.24,93.6908
201212242330,201212250000,-0.89606,0.0,0.0,0.936,11.15,1.60359,2.47133,1.22463,0.0,0.0,-9999.0,8.24,92.9457
201212250000,201212250030,-9999.0,1.0,0.0,1.117,11.44,1.63288,-0.306502,1.24718,0.0,0.0,-9999.0,8.25,91.7355
201212250030,201212250100,-9999.0,1.0,0.0,0.935,11.3,1.62092,-0.337113,1.24753,0.0,0.0,-9999.0,8.26,93.0225
201212250100,201212250130,-9999.0,1.0,0.0,0.759,11.47,1.63878,-0.353788,1.26401,0.0,0.0,-9999.0,8.27,94.398
201212250130,201212250200,-9999.0,1.0,0.0,0.999,11.39,1.63256,-0.288469,1.26744,0.0,0.0,-9999.0,8.28,92.5892
201212250200,201212250230,-9999.0,1.0,0.0,1.051,11.37,1.63213,-0.285471,1.274,0.0,0.0,-9999.0,8.29,92.1892
201212250230,201212250300,-9999.0,1.0,0.0,1.112,11.36,1.63266,-0.284737,1.28108,0.0,0.0,-9999.0,8.31,91.7326
201212250300,201212250330,2.62331,0.0,0.0,1.388,11.67,1.66421,-0.998705,1.30527,0.0,0.0,-9999.0,8.32,89.8861
201212250330,201212250400,-1.11512,0.0,0.0,1.687,12.02,1.69997,2.76767,1.33183,0.0,0.0,-9999.0,8.33,87.9946
201212250400,201212250430,1.92344,0.0,0.0,1.859,12.19,1.71827,-0.256464,1.34885,0.0,0.0,-9999.0,8.34,86.9149
201212250430,201212250500,2.35741,0.0,0.0,0.085,12.15,1.71589,-0.69193,1.35451,0.0,0.0,-9999.0,8.36,99.4
201212250500,201212250530,0.434824,0.0,0.0,0.242,12.23,1.72536,1.23828,1.36673,0.0,0.0,-9999.0,8.39,98.3
201212250530,201212250600,2.71486,0.0,0.0,0.313,12.21,1.72495,-1.04174,1.37348,0.0,0.0,-9999.0,8.41,97.8
201212250600,201212250630,2.79244,0.0,0.061,0.444,12.31,1.73645,-1.11015,1.38687,0.000195,0.0,-9999.0,8.43,96.9
201212250630,201212250700,1.48632,0.0,0.092,0.556,12.23,1.73008,0.191417,1.39029,0.000298,0.0,-9999.0,8.44,96.1
201212250700,201212250730,0.695117,0.0,0.598,0.541,11.83,1.69211,0.953685,1.37577,0.00197,0.0,-9999.0,8.47,96.1
201212250730,201212250800,1.84386,0.0,7.72,0.6,11.56,1.66713,-0.214056,1.36837,0.025836,13.5394,-9999.0,8.49,95.6
201212250800,201212250830,-9999.0,1.0,44.37,1.292,12.01,1.71296,-0.150681,1.40142,0.150449,110.584,-9999.0,8.51,90.8
201212250830,201212250900,-9999.0,1.0,75.2,1.958,12.73,1.78645,0.313622,1.45017,0.258399,214.721,-9999.0,8.53,86.7
201212250900,201212250930,1.0862,0.0,61.04,2.259,13.08,1.82349,0.664716,1.47823,0.213186,308.668,-9999.0,8.55,85.0
201212250930,201212251000,0.810588,0.0,55.4,2.126,13.1,1.82718,0.943481,1.48748,0.196499,390.819,-9999.0,8.57,85.9
201212251000,201212251030,0.300213,0.0,96.4,2.266,13.54,1.87385,1.48965,1.52111,0.346009,459.768,-9999.0,8.59,85.4
201212251030,201212251100,1.40862,0.0,98.0,2.647,14.05,1.9283,0.422719,1.55913,0.356884,514.335,-9999.0,8.61,83.5
201212251100,201212251130,0.588004,0.0,189.5,3.291,14.52,1.97921,1.28193,1.59515,0.695553,553.586,-9999.0,8.63,80.1
201212251130,201212251200,0.697358,0.0,213.2,4.111,15.26,2.0594,1.23279,1.64751,0.79239,576.849,-9999.0,8.66,76.3
201212251200,201212251230,1.8507,0.0,192.0,3.944,15.15,2.04952,0.07248,1.64966,0.724736,583.727,-9999.0,8.69,77.1
201212251230,201212251300,1.58961,0.0,207.5,4.46,15.51,2.08991,0.363945,1.67991,0.79325,574.103,-9999.0,8.72,74.7
201212251300,201212251330,1.53591,0.0,118.0,4.154,15.16,2.05428,0.39157,1.66763,0.460199,548.139,-9999.0,8.76,75.9
201212251330,201212251400,1.38095,0.0,124.8,3.77,14.86,2.02414,0.524454,1.65819,0.493057,506.282,-9999.0,8.81,77.7
201212251400,201212251430,2.79974,0.0,118.2,4.049,14.96,2.03661,-0.884661,1.67285,0.473431,449.247,-9999.0,8.86,76.2
201212251430,201212251500,0.754549,0.0,85.6,4.04,14.99,2.04164,1.16466,1.68331,0.348178,378.009,-9999.0,8.9,76.3
201212251500,201212251530,0.199121,0.0,69.13,4.06,14.87,2.03066,1.71227,1.6846,0.285174,293.789,-9999.0,8.95,76.0
201212251530,201212251600,1.29495,0.0,40.24,3.922,14.66,2.01012,0.601472,1.68028,0.168474,198.026,-9999.0,9.0,76.5
201212251600,201212251630,2.29863,0.0,10.37,3.531,14.41,1.9854,-0.420355,1.67339,0.04406,92.3597,-9999.0,9.05,78.5
201212251630,201212251700,1.52632,0.0,1.396,3.108,14.11,1.9555,0.329855,1.66328,0.006009,5.85101,-9999.0,9.09,80.7
201212251700,201212251730,-9999.0,1.0,0.009,2.838,13.87,1.93202,-0.126776,1.65675,3.9e-05,0.0,-9999.0,9.14,82.1
201212251730,201212251800,-9999.0,1.0,0.0,2.654,13.72,1.91803,-0.136983,1.65571,0.0,0.0,-9999.0,9.17,83.1
201212251800,201212251830,1.14109,0.0,0.0,2.621,13.71,1.91869,0.688405,1.66336,0.0,0.0,-9999.0,9.2,83.3
201212251830,201212251900,-9999.0,1.0,0.0,2.499,13.64,1.91307,-0.031137,1.66723,0.0,0.0,-9999.0,9.23,84.0
201212251900,201212251930,-9999.0,1.0,0.0,2.203,13.32,1.88138,-0.076542,1.65527,0.0,0.0,-9999.0,9.26,85.6
201212251930,201212252000,-9999.0,1.0,0.0,2.118,13.15,1.86539,-0.090066,1.65266,0.0,0.0,-9999.0,9.28,86.0
201212252000,201212252030,1.43299,0.0,0.0,2.336,13.19,1.8712,0.361913,1.66332,0.0,0.0,-9999.0,9.3,84.6
201212252030,201212252100,1.62522,0.0,0.0,2.54,13.23,1.87702,0.174459,1.674,0.0,0.0,-9999.0,9.32,83.3
201212252100,201212252130,-9999.0,1.0,0.0,2.473,13.1,1.86517,-0.068282,1.67379,0.0,0.0,-9999.0,9.33,83.6
201212252130,201212252200,-9999.0,1.0,0.0,2.304,12.88,1.844,-0.089478,1.66772,0.0,0.0,-9999.0,9.35,84.5
201212252200,201212252230,-9999.0,1.0,0.0,2.274,12.78,1.83529,-0.095786,1.66929,0.0,0.0,-9999.0,9.36,84.6
201212252230,201212252300,2.52902,0.0,0.0,2.446,12.93,1.85245,-0.746661,1.68704,0.0,0.0,-9999.0,9.38,83.6
201212252300,201212252330,4.93516,0.0,0.016,2.479,13.04,1.86552,-3.14249,1.70228,8e-05,0.0,-9999.0,9.39,83.5
201212252330,201212260000,1.308,0.0,0.04,2.599,13.22,1.88596,0.500576,1.72217,0.000202,0.0,-9999.0,9.4,82.9
201212260000,201212260030,2.39882,0.0,0.08,2.741,13.42,1.9086,-0.572695,1.74349,0.000408,0.0,-9999.0,9.4,82.2
201212260030,201212260100,0.86735,0.0,0.097,2.921,13.56,1.92504,0.971588,1.75549,0.000496,0.0,-9999.0,9.41,81.2
201212260100,201212260130,2.16996,0.0,0.042,3.066,13.66,1.93731,-0.321378,1.76486,0.000216,0.0,-9999.0,9.41,80.4
201212260130,201212260200,2.41872,0.0,0.0,3.134,13.69,1.94219,-0.566087,1.76961,0.0,0.0,-9999.0,9.43,80.0
201212260200,201212260230,1.48007,0.0,0.0,3.309,13.92,1.96836,0.392691,1.78759,0.0,0.0,-9999.0,9.44,79.2
201212260230,201212260300,1.7153,0.0,0.0,3.236,13.95,1.97329,0.161541,1.79234,0.0,0.0,-9999.0,9.45,79.7
201212260300,201212260330,2.64215,0.0,0.0,3.2,13.93,1.97288,-0.765255,1.79379,0.0,0.0,-9999.0,9.47,79.9
201212260330,201212260400,1.90658,0.0,0.0,3.154,13.94,1.97568,-0.027213,1.79722,0.0,0.0,-9999.0,9.48,80.2
201212260400,201212260430,2.05348,0.0,0.0,3.11,13.88,1.97099,-0.17729,1.79601,0.0,0.0,-9999.0,9.49,80.4
201212260430,201212260500,2.09843,0.0,0.0,2.942,13.83,1.96737,-0.224616,1.79546,0.0,0.0,-9999.0,9.5,81.4
201212260500,201212260530,2.33483,0.0,0.0,2.642,13.65,1.94987,-0.473888,1.7863,0.0,0.0,-9999.0,9.52,83.1
201212260530,201212260600,2.68082,0.0,0.0,2.275,13.39,1.92391,-0.839194,1.77183,0.0,0.0,-9999.0,9.53,85.2
201212260600,201212260630,2.83758,0.0,0.0,2.097,13.44,1.9309,-0.990297,1.7779,0.0,0.0,-9999.0,9.54,86.4
201212260630,201212260700,1.65164,0.0,0.0,2.021,13.45,1.93353,0.19808,1.78132,0.0,0.0,-9999.0,9.56,86.9
201212260700,201212260730,1.70595,0.0,0.21,1.841,13.24,1.91278,0.128456,1.77015,0.001116,0.0,-9999.0,9.57,87.9
201212260730,201212260800,2.77784,0.0,4.67,1.713,13.18,1.90797,-0.946037,1.76893,0.024801,13.8442,-9999.0,9.58,88.7
201212260800,201212260830,2.04462,0.0,29.76,1.622,13.18,1.90951,-0.210585,1.77168,0.155755,111.221,-9999.0,9.58,89.3
201212260830,201212260900,2.54763,0.0,83.5,2.501,14.24,2.02482,-0.625207,1.84486,0.423897,215.392,-9999.0,9.59,84.6
201212260900,201212260930,0.970535,0.0,230.3,3.593,15.42,2.15614,1.05125,1.92632,1.0977,309.371,-9999.0,9.59,79.5
201212260930,201212261000,0.378758,0.0,189.6,4.165,16.07,2.23063,1.69941,1.97256,0.914845,391.549,-9999.0,9.59,77.2
201212261000,201212261030,1.4699,0.0,66.8,3.499,15.71,2.19199,0.580853,1.9513,0.342778,460.521,-9999.0,9.59,80.4
201212261030,201212261100,0.190587,0.0,167.7,3.777,16.05,2.23197,1.89096,1.97684,0.813444,515.105,-9999.0,9.61,79.3
201212261100,201212261130,2.0985,0.0,157.6,3.994,16.26,2.25751,0.003107,1.99371,0.766828,554.369,-9999.0,9.62,78.4
201212261130,201212261200,2.09753,0.0,85.4,3.747,16.0,2.22992,-0.015126,1.97912,0.433117,577.64,-9999.0,9.64,79.4
201212261200,201212261230,1.81356,0.0,116.1,3.585,15.93,2.22381,0.265503,1.97724,0.576827,584.521,-9999.0,9.67,80.2
201212261230,201212261300,1.71442,0.0,159.6,3.909,16.29,2.26636,0.397323,2.00416,0.771786,574.893,-9999.0,9.71,78.9
201212261300,201212261330,1.48668,0.0,128.2,3.869,16.2,2.25795,0.620045,2.00094,0.630886,548.921,-9999.0,9.74,79.0
201212261330,201212261400,0.785867,0.0,120.1,3.278,16.02,2.23935,1.30827,1.99169,0.593667,507.05,-9999.0,9.78,82.0
201212261400,201212261430,-9999.0,1.0,72.9,2.163,15.47,2.17913,0.6503,1.95765,0.373637,449.996,-9999.0,9.82,87.7
201212261430,201212261500,-9999.0,1.0,63.69,1.533,14.98,2.12612,0.774918,1.92764,0.329294,378.735,-9999.0,9.86,91.0
201212261500,201212261530,1.78094,0.0,40.53,1.617,14.97,2.12671,0.232644,1.92977,0.214632,294.486,-9999.0,9.9,90.5
201212261530,201212261600,1.16691,0.0,21.45,1.458,14.9,2.12062,0.843231,1.92787,0.116252,198.692,-9999.0,9.94,91.4
201212261600,201212261630,1.90968,0.0,13.68,1.2,14.85,2.11675,0.09868,1.92731,0.075013,92.9908,-9999.0,9.98,92.9
201212261630,201212261700,1.7117,0.0,2.208,1.432,14.63,2.09401,0.280653,1.91536,0.012324,6.05317,-9999.0,10.01,91.4
201212261700,201212261730,1.47523,0.0,0.06,1.387,14.5,2.08128,0.508626,1.90944,0.000337,0.0,-9999.0,10.04,91.6
201212261730,201212261800,2.05855,0.0,0.0,1.265,14.42,2.07409,-0.079023,1.90686,0.0,0.0,-9999.0,10.07,92.3
201212261800,201212261830,0.971789,0.0,0.0,1.055,14.23,2.05477,0.9942,1.89692,0.0,0.0,-9999.0,10.09,93.5
201212261830,201212261900,-9999.0,1.0,0.0,0.846,13.98,2.02891,-0.071848,1.88295,0.0,0.0,-9999.0,10.11,94.7
201212261900,201212261930,-9999.0,1.0,0.0,0.766,13.96,2.02833,-0.071209,1.88438,0.0,0.0,-9999.0,10.13,95.2
201212261930,201212262000,4.97705,0.0,0.0,0.095,13.77,2.00911,-3.04255,1.87442,0.0,0.0,-9999.0,10.14,99.4
201212262000,201212262030,1.9001,0.0,0.048,1.193,13.4,1.97036,0.005813,1.85242,0.000274,0.0,-9999.0,10.15,92.2434
201212262030,201212262100,-9999.0,1.0,0.008,0.638,13.03,1.93186,-0.030302,1.83041,4.6e-05,0.0,-9999.0,10.17,95.7519
201212262100,201212262130,-9999.0,1.0,0.008,0.681,12.94,1.92369,-0.035567,1.82714,4.6e-05,0.0,-9999.0,10.18,95.4396
201212262130,201212262200,-9999.0,1.0,0.009,0.601,12.76,1.90585,-0.04318,1.81785,5.2e-05,0.0,-9999.0,10.2,95.9222
201212262200,201212262230,1.87473,0.0,0.012,0.605,12.64,1.89448,-0.02316,1.81256,6.9e-05,0.0,-9999.0,10.21,95.8664
201212262230,201212262300,3.65769,0.0,0.02,0.615,12.39,1.86925,-1.8247,1.79858,0.000116,0.0,-9999.0,10.22,95.7309
201212262300,201212262330,-9999.0,1.0,0.039,0.607,12.13,1.84306,-0.11381,1.78393,0.000226,0.0,-9999.0,10.23,95.7086
201212262330,201212270000,-9999.0,1.0,0.114,0.746,11.63,1.79174,-0.126683,1.75325,0.000662,0.0,-9999.0,10.24,94.5488
201212270000,201212270030,0.572334,0.0,0.067,0.828,11.17,1.74512,1.16633,1.72527,0.00039,0.0,-9999.0,10.25,93.7661
201212270030,201212270100,0.661502,0.0,0.104,1.07,10.68,1.69587,1.03907,1.69531,0.000607,0.0,-9999.0,10.26,91.6775
201212270100,201212270130,2.68288,0.0,0.152,1.051,9.96,1.62391,-1.03888,1.65012,0.00089,0.0,-9999.0,10.26,91.4229
201212270130,201212270200,2.26977,0.0,0.171,1.145,9.89,1.61813,-0.629519,1.64813,0.001003,0.0,-9999.0,10.25,90.6121
201212270200,201212270230,2.9216,0.0,0.192,1.132,9.43,1.57331,-1.31661,1.62026,0.001129,0.0,-9999.0,10.24,90.4274
201212270230,201212270300,-9999.0,1.0,0.221,0.935,8.59,1.49179,-0.130557,1.56731,0.001303,0.0,-9999.0,10.22,91.6284
201212270300,201212270330,-9999.0,1.0,0.296,0.482,8.0,1.43596,-0.117785,1.53101,0.00175,0.0,-9999.0,10.21,95.507
201212270330,201212270400,-9999.0,1.0,0.111,0.759,7.96,1.43326,-0.113221,1.53096,0.000658,0.0,-9999.0,10.19,92.9106
201212270400,201212270430,-9999.0,1.0,0.114,0.653,7.6,1.40007,-0.118952,1.50985,0.000678,0.0,-9999.0,10.16,93.7443
201212270430,201212270500,-9999.0,1.0,0.136,0.626,7.24,1.36721,-0.077512,1.48876,0.00081,0.0,-9999.0,10.14,93.852
201212270500,201212270530,-9999.0,1.0,0.1,0.401,6.676,1.3158,-0.067636,1.45435,0.000597,0.0,-9999.0,10.11,95.9108
201212270530,201212270600,-9999.0,1.0,0.022,0.184,7.04,1.35062,-0.100348,1.48074,0.000132,0.0,-9999.0,10.07,98.1687
201212270600,201212270630,-9999.0,1.0,0.073,0.706,6.499,1.30155,-0.020456,1.44783,0.000438,0.0,-9999.0,10.04,92.7069
201212270630,201212270700,-9999.0,1.0,0.039,0.246,5.171,1.18318,-0.088868,1.36384,0.000235,0.0,-9999.0,10.0,97.2155
201212270700,201212270730,-9999.0,1.0,0.443,0.265,5.061,1.17445,-0.060659,1.35918,0.002671,0.0,-9999.0,9.96,96.9811
201212270730,201212270800,-9999.0,1.0,7.38,0.639,4.821,1.15441,-0.079536,1.3461,0.043867,12.3854,-9999.0,9.91,92.5801
201212270800,201212270830,-9999.0,1.0,35.88,0.272,4.937,1.16542,-0.304014,1.35606,0.200429,108.377,-9999.0,9.87,96.8663
201212270830,201212270900,-9999.0,1.0,89.1,0.51,5.88,1.25014,-0.271701,1.41991,0.448951,212.897,-9999.0,9.82,94.4998
201212270900,201212270930,-9999.0,1.0,147.5,0.549,6.725,1.32857,0.016531,1.47784,0.674774,307.278,-9999.0,9.78,94.4216
201212270930,201212271000,-9999.0,1.0,193.6,0.98,8.01,1.45156,0.731671,1.56532,0.827619,389.905,-9999.0,9.73,90.8734
201212271000,201212271030,0.16422,0.0,197.7,1.81,9.58,1.60822,1.48304,1.67254,0.838217,459.363,-9999.0,9.69,84.8461
201212271030,201212271100,-1.42987,0.0,172.1,1.704,9.79,1.6308,3.09633,1.68924,0.754714,514.465,-9999.0,9.66,85.9271
201212271100,201212271130,-2.60178,0.0,254.5,0.112,10.24,1.67823,4.30745,1.72207,0.996503,554.267,-9999.0,9.63,99.1
201212271130,201212271200,-0.4115,0.0,327.9,0.696,11.29,1.78942,2.20712,1.79537,1.17613,578.088,-9999.0,9.6,94.8
201212271200,201212271230,-0.63569,0.0,337.1,1.66,12.7,1.94295,2.55343,1.89326,1.19081,585.521,-9999.0,9.57,88.7
201212271230,201212271300,-9999.0,1.0,294.2,3.171,14.1,2.10047,1.43771,1.99078,1.08417,576.439,-9999.0,9.56,80.3
201212271300,201212271330,-9999.0,1.0,255.2,4.224,14.85,2.18763,1.35227,2.04439,0.982379,550.996,-9999.0,9.56,75.0
201212271330,201212271400,0.962088,0.0,185.4,4.982,15.27,2.23782,1.18637,2.07566,0.785697,509.63,-9999.0,9.58,71.3
201212271400,201212271430,3.1471,0.0,161.3,4.014,14.89,2.19561,-1.02972,2.05268,0.709278,453.046,-9999.0,9.6,76.3
201212271430,201212271500,5.56331,0.0,147.7,3.018,14.82,2.18924,-3.4497,2.05072,0.663782,382.213,-9999.0,9.63,82.1
201212271500,201212271530,2.79427,0.0,197.9,2.539,14.47,2.15075,-0.70909,2.02975,0.815786,298.344,-9999.0,9.67,84.6
201212271530,201212271600,3.10503,0.0,121.7,2.349,13.99,2.09772,-1.05965,1.99994,0.57268,202.873,-9999.0,9.71,85.3
201212271600,201212271630,1.11691,0.0,49.52,2.207,13.56,2.05076,0.893127,1.97352,0.273171,97.4343,-9999.0,9.74,85.8
201212271630,201212271700,-9999.0,1.0,6.0,1.811,12.37,1.92016,0.099342,1.89553,0.037261,7.63428,-9999.0,9.78,87.4
201212271700,201212271730,-9999.0,1.0,0.277,1.144,11.55,1.83253,-0.010963,1.84268,0.001754,0.0,-9999.0,9.81,91.6
201212271730,201212271800,-9999.0,1.0,0.0,1.017,11.09,1.78467,-0.011251,1.81423,0.0,0.0,-9999.0,9.84,92.3
201212271800,201212271830,3.17974,0.0,0.0,0.683,10.72,1.74679,-1.40612,1.79188,0.0,0.0,-9999.0,9.86,94.7
201212271830,201212271900,2.13511,0.0,0.001,0.573,10.55,1.7302,-0.373949,1.78306,6e-06,0.0,-9999.0,9.87,95.5
201212271900,201212271930,4.68897,0.0,0.006,0.299,9.03,1.57461,-3.05375,1.68307,3.8e-05,0.0,-9999.0,9.88,97.4
201212271930,201212272000,-9999.0,1.0,0.005,0.671,8.03,1.47604,-0.065322,1.61843,3.2e-05,0.0,-9999.0,9.88,93.7564
201212272000,201212272030,-9999.0,1.0,0.0,0.551,7.97,1.47127,-0.08578,1.61698,0.0,0.0,-9999.0,9.88,94.8505
201212272030,201212272100,-9999.0,1.0,0.0,0.713,7.42,1.41877,-0.082588,1.58266,0.0,0.0,-9999.0,9.87,93.0915
201212272100,201212272130,0.705901,0.0,0.0,0.545,6.985,1.37804,0.768285,1.55609,0.0,0.0,-9999.0,9.86,94.5527
201212272130,201212272200,2.7032,0.0,0.0,0.512,6.939,1.3747,-1.2311,1.55556,0.0,0.0,-9999.0,9.85,94.867
201212272200,201212272230,-9999.0,1.0,0.0,0.498,7.23,1.40366,-0.048099,1.57761,0.0,0.0,-9999.0,9.83,95.1089
201212272230,201212272300,-9999.0,1.0,0.0,0.301,7.75,1.45526,-0.145195,1.61511,0.0,0.0,-9999.0,9.81,97.1471
201212272300,201212272330,-9999.0,1.0,0.0,0.477,8.65,1.54579,-0.159433,1.67839,0.0,0.0,-9999.0,9.78,95.7504
201212272330,201212280000,-0.078408,0.0,0.0,0.622,9.37,1.62023,1.7588,1.72974,0.0,0.0,-9999.0,9.76,94.7196
201212280000,201212280030,1.84025,0.0,0.0,0.818,9.76,1.66178,-0.124903,1.75883,0.0,0.0,-9999.0,9.74,93.2294
201212280030,201212280100,-9999.0,1.0,0.133,1.235,9.63,1.64955,0.078238,1.74914,0.00087,0.0,-9999.0,9.72,89.6943
201212280100,201212280130,-9999.0,1.0,0.243,0.932,8.67,1.5525,-0.05816,1.68377,0.00159,0.0,-9999.0,9.7,91.702
201212280130,201212280200,-9999.0,1.0,0.278,0.831,8.67,1.55368,-0.06063,1.68317,0.001818,0.0,-9999.0,9.68,92.5985
201212280200,201212280230,-9999.0,1.0,0.148,0.688,8.91,1.57922,-0.046994,1.69855,0.000968,0.0,-9999.0,9.66,93.9758
201212280230,201212280300,-9999.0,1.0,0.008,1.034,9.05,1.59634,-0.005473,1.70716,5.2e-05,0.0,-9999.0,9.65,91.0265
201212280300,201212280330,-9999.0,1.0,0.0,1.061,8.82,1.57565,0.007426,1.69127,0.0,0.0,-9999.0,9.64,90.6479
201212280330,201212280400,-9999.0,1.0,0.0,0.967,8.95,1.59175,-0.028766,1.69918,0.0,0.0,-9999.0,9.63,91.5533
201212280400,201212280430,2.6236,0.0,0.0,0.803,9.05,1.60486,-0.947893,1.70504,0.0,0.0,-9999.0,9.62,93.0289
201212280430,201212280500,-9999.0,1.0,0.0,0.675,9.33,1.63669,-0.027184,1.72259,0.0,0.0,-9999.0,9.61,94.2511
201212280500,201212280530,-9999.0,1.0,0.0,0.907,8.95,1.60021,-0.034827,1.69714,0.0,0.0,-9999.0,9.6,92.0714
201212280530,201212280600,0.068046,0.0,0.0,0.897,8.45,1.55177,1.56627,1.66419,0.0,0.0,-9999.0,9.59,91.8966
201212280600,201212280630,-9999.0,1.0,0.0,0.604,7.96,1.50489,-0.048818,1.63221,0.0,0.0,-9999.0,9.57,94.3605
201212280630,201212280700,-9999.0,1.0,0.0,0.577,7.72,1.48345,-0.050193,1.61649,0.0,0.0,-9999.0,9.56,94.5164
201212280700,201212280730,-9999.0,1.0,0.31,0.515,7.07,1.4216,0.014533,1.57489,0.002027,0.0,-9999.0,9.54,94.8896
201212280730,201212280800,-9999.0,1.0,6.836,0.331,6.635,1.3816,0.075243,1.54729,0.043637,12.8033,-9999.0,9.52,96.6162
201212280800,201212280830,-9999.0,1.0,30.4,0.327,6.931,1.41291,-0.366181,1.56584,0.178652,109.307,-9999.0,9.5,96.7225
201212280830,201212280900,-9999.0,1.0,80.6,0.691,7.22,1.44389,-0.148584,1.58382,0.405175,213.872,-9999.0,9.47,93.2122
201212280900,201212280930,-9999.0,1.0,138.9,1.045,8.04,1.52887,0.526693,1.63481,0.597674,308.293,-9999.0,9.45,90.2876
201212280930,201212281000,-9999.0,1.0,187.2,1.879,9.88,1.7242,1.00263,1.74903,0.718991,390.955,-9999.0,9.42,84.5781
201212281000,201212281030,-3.62729,0.0,237.7,1.054,12.02,1.96377,5.60678,1.88097,0.82027,460.443,-9999.0,9.39,92.5
201212281030,201212281100,-9999.0,1.0,279.3,2.721,13.48,2.13588,2.00271,1.96953,0.888561,515.568,-9999.0,9.36,82.4
201212281100,201212281130,-9999.0,1.0,314.0,3.761,14.21,2.22609,1.37891,2.01227,0.937007,555.386,-9999.0,9.33,76.8
201212281130,201212281200,1.16464,0.0,338.0,4.118,14.09,2.21559,1.01709,2.00269,0.966012,579.218,-9999.0,9.32,74.4
201212281200,201212281230,-9999.0,1.0,348.3,5.099,14.61,2.2819,1.3792,2.032,0.976005,586.654,-9999.0,9.31,69.35
201212281230,201212281300,-9999.0,1.0,249.2,5.308,15.23,2.36132,1.53799,2.06696,0.830414,577.568,-9999.0,9.31,69.34
201212281300,201212281330,0.919971,0.0,314.9,6.751,15.97,2.45682,1.45185,2.10864,0.927871,552.115,-9999.0,9.33,62.81
201212281330,201212281400,1.80028,0.0,315.4,10.723,17.13,2.60712,0.68721,2.17462,0.748249,510.73,-9999.0,9.35,45.13
201212281400,201212281430,1.75951,0.0,284.4,12.506,17.15,2.61413,0.734603,2.17259,0.396673,454.122,-9999.0,9.39,36.09
201212281430,201212281500,1.18927,0.0,237.0,11.424,16.3,2.51084,1.22766,2.11955,0.542504,383.26,-9999.0,9.43,38.38
201212281500,201212281530,1.16132,0.0,179.7,11.516,16.37,2.52394,1.26689,2.1207,0.476065,299.355,-9999.0,9.48,38.16
201212281530,201212281600,1.08051,0.0,118.5,10.74,15.87,2.46532,1.30413,2.0887,0.46402,203.844,-9999.0,9.52,40.46
201212281600,201212281630,0.240862,0.0,46.57,9.824,15.1,2.37359,2.07436,2.04132,0.256072,98.3599,-9999.0,9.56,42.78
201212281630,201212281700,0.349638,0.0,6.42,8.748,14.11,2.25617,1.87547,1.9816,0.040939,7.96172,-9999.0,9.6,45.68
201212281700,201212281730,0.459673,0.0,0.109,7.945,13.49,2.18506,1.71077,1.94368,0.000713,0.0,-9999.0,9.63,48.64
201212281730,201212281800,0.834931,0.0,0.0,7.237,13.01,2.13131,1.29419,1.91411,0.0,0.0,-9999.0,9.65,51.73
201212281800,201212281830,0.789144,0.0,0.0,6.348,12.37,2.05913,1.28368,1.87567,0.0,0.0,-9999.0,9.67,55.84
201212281830,201212281900,0.994065,0.0,0.0,5.55,11.22,1.929,0.975222,1.8085,0.0,0.0,-9999.0,9.68,58.35
201212281900,201212281930,1.65085,0.0,0.0,5.36,10.28,1.82561,0.23525,1.7538,0.0,0.0,-9999.0,9.68,57.17
201212281930,201212282000,0.517371,0.0,0.0,5.984,10.23,1.82306,1.36762,1.74991,0.0,0.0,-9999.0,9.67,52.03
201212282000,201212282030,0.855652,0.0,0.0,5.987,9.97,1.79701,1.00891,1.73424,0.0,0.0,-9999.0,9.66,51.16
201212282030,201212282100,0.947751,0.0,0.0,5.927,9.59,1.75777,0.885394,1.712,0.0,0.0,-9999.0,9.66,50.4
201212282100,201212282130,1.6368,0.0,0.0,6.512,10.18,1.8266,0.254002,1.74399,0.0,0.0,-9999.0,9.63,47.62
201212282130,201212282200,1.3246,0.0,0.0,6.358,10.26,1.83867,0.57708,1.74739,0.0,0.0,-9999.0,9.61,49.13
201212282200,201212282230,1.39626,0.0,0.0,6.353,10.05,1.81803,0.489439,1.73477,0.0,0.0,-9999.0,9.58,48.45
201212282230,201212282300,2.22278,0.0,0.0,5.883,9.67,1.77843,-0.368778,1.71294,0.0,0.0,-9999.0,9.56,51.03
201212282300,201212282330,1.52798,0.0,0.0,6.203,9.99,1.81731,0.359043,1.72951,0.0,0.0,-9999.0,9.53,49.47
201212282330,201212290000,1.26718,0.0,0.0,6.255,10.17,1.84069,0.64004,1.73829,0.0,0.0,-9999.0,9.5,49.65
201212290000,201212290030,1.29536,0.0,0.0,5.655,9.78,1.79964,0.579003,1.71623,0.0,0.0,-9999.0,9.47,53.28
201212290030,201212290100,1.32366,0.0,0.0,5.099,9.45,1.76559,0.523465,1.6976,0.0,0.0,-9999.0,9.44,56.93
201212290100,201212290130,1.38912,0.0,0.0,4.437,9.02,1.72068,0.421569,1.67379,0.0,0.0,-9999.0,9.42,61.42
201212290130,201212290200,3.30184,0.0,0.052,3.926,8.46,1.662,-1.53941,1.64328,0.00034,0.0,-9999.0,9.39,64.54
201212290200,201212290230,1.49617,0.0,0.065,4.201,8.48,1.66691,0.271282,1.6438,0.000425,0.0,-9999.0,9.37,62.11
201212290230,201212290300,2.01807,0.0,0.049,4.426,8.66,1.68939,-0.230853,1.65274,0.000321,0.0,-9999.0,9.34,60.56
201212290300,201212290330,1.90101,0.0,0.042,4.752,8.99,1.72867,-0.080009,1.66943,0.000275,0.0,-9999.0,9.31,58.59
201212290330,201212290400,1.24793,0.0,0.0,4.87,8.92,1.72371,0.569832,1.6651,0.0,0.0,-9999.0,9.28,57.36
201212290400,201212290430,2.11676,0.0,0.0,4.579,8.44,1.67345,-0.340267,1.63955,0.0,0.0,-9999.0,9.25,58.59
201212290430,201212290500,1.88356,0.0,0.0,4.601,8.48,1.68058,-0.100183,1.64108,0.0,0.0,-9999.0,9.22,58.5
201212290500,201212290530,1.33905,0.0,0.0,4.317,8.14,1.646,0.416037,1.62308,0.0,0.0,-9999.0,9.2,60.15
201212290530,201212290600,1.7416,0.0,0.0,3.662,7.57,1.58685,-0.035868,1.59348,0.0,0.0,-9999.0,9.17,64.86
201212290600,201212290630,1.90095,0.0,0.0,3.231,7.11,1.54022,-0.234256,1.56974,0.0,0.0,-9999.0,9.14,68.0
201212290630,201212290700,1.61613,0.0,0.0,2.95,6.966,1.52743,0.040398,1.56227,0.0,0.0,-9999.0,9.11,70.5
201212290700,201212290730,2.0598,0.0,0.302,2.85,6.768,1.50897,-0.418364,1.55214,0.001974,0.0,-9999.0,9.08,71.1
201212290730,201212290800,1.28077,0.0,7.41,2.934,6.644,1.49834,0.352293,1.54583,0.046833,11.5129,-9999.0,9.06,70.0
201212290800,201212290830,1.2799,0.0,22.14,3.479,7.44,1.58565,0.429002,1.58554,0.130907,106.742,-9999.0,9.03,66.32
201212290830,201212290900,2.07615,0.0,69.62,4.303,8.73,1.73044,-0.243755,1.64905,0.341074,211.665,-9999.0,9.0,61.84
201212290900,201212290930,1.73335,0.0,141.4,5.368,9.66,1.83924,0.190751,1.69389,0.550607,306.496,-9999.0,8.97,55.29
201212290930,201212291000,1.04,0.0,199.5,6.289,10.12,1.89571,0.931754,1.71528,0.665716,389.613,-9999.0,8.94,49.21
201212291000,201212291030,0.781013,0.0,253.2,7.313,11.2,2.02714,1.29938,1.76598,0.745536,459.593,-9999.0,8.91,45.04
201212291030,201212291100,1.14598,0.0,299.5,7.526,11.35,2.04852,0.952803,1.77176,0.799772,515.24,-9999.0,8.89,44.0
201212291100,201212291130,1.28031,0.0,337.4,8.0,11.51,2.07124,0.83793,1.77791,0.836193,555.6,-9999.0,8.87,41.1
201212291130,201212291200,1.56647,0.0,361.4,8.16,11.83,2.11372,0.587185,1.79142,0.855304,579.984,-9999.0,8.85,41.18
201212291200,201212291230,1.16424,0.0,371.6,8.664,12.05,2.14424,1.01508,1.80007,0.861092,587.974,-9999.0,8.85,38.45
201212291230,201212291300,0.940729,0.0,245.7,9.371,12.5,2.20371,1.28745,1.81912,0.724927,579.434,-9999.0,8.85,35.37
201212291300,201212291330,1.00572,0.0,350.2,9.673,12.97,2.26647,1.27372,1.83872,0.836846,554.509,-9999.0,8.85,35.31
201212291330,201212291400,1.23961,0.0,333.4,10.158,13.34,2.31723,1.08132,1.85347,0.797327,513.626,-9999.0,8.87,33.69
201212291400,201212291430,1.65242,0.0,296.7,10.289,13.39,2.3273,0.677614,1.85371,0.744653,457.485,-9999.0,8.9,33.05
201212291430,201212291500,1.54547,0.0,246.8,9.463,12.64,2.23536,0.712349,1.81844,0.718084,387.047,-9999.0,8.93,35.33
201212291500,201212291530,2.29375,0.0,189.2,9.399,12.71,2.24775,-0.024935,1.81976,0.630121,303.515,-9999.0,8.96,36.06
201212291530,201212291600,1.90211,0.0,127.2,9.357,12.37,2.20826,0.336104,1.80303,0.503241,208.321,-9999.0,8.99,34.91
201212291600,201212291630,2.15519,0.0,52.12,8.548,11.6,2.11538,0.00907,1.76759,0.268441,103.091,-9999.0,9.02,37.44
201212291630,201212291700,2.32456,0.0,7.52,7.665,10.49,1.98269,-0.267685,1.71741,0.047362,9.86403,-9999.0,9.04,39.61
201212291700,201212291730,2.08453,0.0,0.298,6.891,9.57,1.87578,-0.115174,1.67582,0.001948,0.0,-9999.0,9.05,42.26
201212291730,201212291800,1.39377,0.0,0.0,6.27,8.62,1.76776,0.486005,1.63311,0.0,0.0,-9999.0,9.06,43.98
201212291800,201212291830,1.71807,0.0,0.0,6.027,8.09,1.70982,0.113539,1.60918,0.0,0.0,-9999.0,9.07,44.18
201212291830,201212291900,0.959412,0.0,0.0,5.582,7.69,1.66722,0.836762,1.59116,0.0,0.0,-9999.0,9.06,46.87
201212291900,201212291930,1.88748,0.0,0.0,5.327,7.16,1.61059,-0.139038,1.56759,0.0,0.0,-9999.0,9.05,47.43
201212291930,201212292000,2.14944,0.0,0.0,5.87,7.42,1.64207,-0.373129,1.57876,0.0,0.0,-9999.0,9.04,43.09
201212292000,201212292030,1.22823,0.0,0.0,5.903,7.21,1.62115,0.530938,1.5694,0.0,0.0,-9999.0,9.02,41.94
201212292030,201212292100,2.07774,0.0,0.0,5.682,6.781,1.57614,-0.356615,1.55067,0.0,0.0,-9999.0,8.99,42.44
201212292100,201212292130,2.57529,0.0,0.0,5.027,6.066,1.50069,-0.919054,1.51972,0.0,0.0,-9999.0,8.97,46.5
201212292130,201212292200,1.9385,0.0,0.001,3.894,4.605,1.34937,-0.415421,1.45648,7e-06,0.0,-9999.0,8.93,54.12
201212292200,201212292230,1.51177,0.0,0.003,3.351,3.774,1.26747,-0.061795,1.42075,2e-05,0.0,-9999.0,8.9,58.15
201212292230,201212292300,2.0872,0.0,0.0,3.667,4.087,1.30079,-0.606397,1.43503,0.0,0.0,-9999.0,8.87,55.2
201212292300,201212292330,2.72724,0.0,0.0,3.792,4.336,1.32805,-1.22119,1.44636,0.0,0.0,-9999.0,8.83,54.48
201212292330,201212300000,2.4004,0.0,0.009,3.08,3.125,1.20926,-1.00155,1.39479,5.9e-05,0.0,-9999.0,8.8,59.72
201212300000,201212300030,-9999.0,1.0,0.092,2.654,2.431,1.14433,-0.203032,1.36565,0.000602,0.0,-9999.0,8.76,63.54
201212300030,201212300100,-9999.0,1.0,0.22,1.794,0.751,0.992094,-0.832594,1.29225,0.001439,0.0,-9999.0,8.72,72.2
201212300100,201212300130,-9999.0,1.0,0.305,1.247,-0.264,0.905999,-0.645969,1.24738,0.001993,0.0,-9999.0,8.68,79.2
201212300130,201212300200,-9999.0,1.0,0.291,1.168,-0.338,0.90115,-0.65204,1.24409,0.001902,0.0,-9999.0,8.63,80.4
201212300200,201212300230,-9999.0,2.0,0.316,1.313,-0.002,0.931038,0.229337,1.259,0.002065,0.0,-9999.0,8.59,78.5
201212300230,201212300300,-9999.0,1.0,0.331,1.079,-0.633,0.879208,-0.676103,1.23097,0.002163,0.0,-9999.0,8.54,81.5
201212300300,201212300330,-9999.0,1.0,0.331,1.125,-0.574,0.885458,-0.671308,1.2336,0.002163,0.0,-9999.0,8.49,80.8
201212300330,201212300400,-9999.0,2.0,0.329,1.434,-0.014,0.934253,0.228344,1.25847,0.00215,0.0,-9999.0,8.44,76.5
201212300400,201212300430,-9999.0,2.0,0.315,1.822,0.574,0.985484,0.334115,1.28445,0.002059,0.0,-9999.0,8.39,71.4
201212300430,201212300500,-9999.0,1.0,0.241,1.977,0.756,1.00163,-0.830176,1.29247,0.001576,0.0,-9999.0,8.34,69.37
201212300500,201212300530,-9999.0,2.0,0.236,1.88,0.489,0.977989,0.326971,1.28071,0.001543,0.0,-9999.0,8.29,70.3
201212300530,201212300600,-9999.0,1.0,0.322,1.419,-0.448,0.897363,-0.661038,1.2392,0.002104,0.0,-9999.0,8.24,76.0
201212300600,201212300630,-9999.0,1.0,0.284,1.331,-0.508,0.892325,-0.665933,1.23653,0.001856,0.0,-9999.0,8.19,77.4
201212300630,201212300700,-9999.0,1.0,0.272,1.208,-0.891,0.860522,-0.696969,1.21947,0.001778,0.0,-9999.0,8.14,78.9
201212300700,201212300730,-9999.0,1.0,0.565,1.059,-1.184,0.836609,-0.720462,1.20639,0.003687,0.0,-9999.0,8.1,81.1
201212300730,201212300800,-9999.0,2.0,7.31,1.57,0.602,0.987959,0.336472,1.28569,0.045976,12.0502,-9999.0,8.05,75.4
201212300800,201212300830,-9999.0,2.0,21.02,1.917,0.947,1.01872,-0.29548,1.30087,0.123128,107.963,-9999.0,8.0,70.7
201212300830,201212300900,-9999.0,1.0,68.79,1.81,1.029,1.02611,-0.09529,1.30447,0.325169,212.94,-9999.0,7.95,72.5
201212300900,201212300930,-9999.0,2.0,138.4,2.709,3.174,1.22892,-0.184166,1.39774,0.510598,307.82,-9999.0,7.91,64.7
201212300930,201212301000,-9999.0,1.0,194.1,3.358,4.966,1.41225,0.731697,1.47417,0.609099,390.98,-9999.0,7.86,61.42
201212301000,201212301030,-9999.0,1.0,247.9,5.463,8.54,1.81345,1.61084,1.62227,0.679818,460.996,-9999.0,7.82,50.93
201212301030,201212301100,-0.42182,0.0,294.9,6.041,9.82,1.96796,2.47035,1.67387,0.72845,516.672,-9999.0,7.78,50.22
201212301100,201212301130,-9999.0,1.0,331.0,5.649,9.92,1.98026,1.47489,1.67786,0.759713,557.053,-9999.0,7.75,53.76
201212301130,201212301200,-9999.0,1.0,355.1,6.339,11.08,2.12528,1.44036,1.72389,0.77823,581.45,-9999.0,7.73,51.98
201212301200,201212301230,0.202445,0.0,367.9,7.243,12.38,2.29281,2.10989,1.7747,0.787401,589.444,-9999.0,7.71,49.65
201212301230,201212301300,1.01024,0.0,243.8,7.83,13.11,2.38911,1.37877,1.80288,0.675063,580.899,-9999.0,7.71,48.11
201212301300,201212301330,1.35082,0.0,347.1,8.567,13.64,2.46,1.09423,1.82317,0.772271,555.961,-9999.0,7.72,45.16
201212301330,201212301400,-9999.0,1.0,325.0,10.367,15.21,2.67461,1.58153,1.88251,0.726368,515.058,-9999.0,7.74,40.04
201212301400,201212301430,-9999.0,1.0,289.3,10.859,15.28,2.68434,1.72045,1.88512,0.662571,458.888,-9999.0,7.78,37.48
201212301430,201212301500,-9999.0,1.0,240.4,9.541,14.2,2.53576,1.65762,1.84447,0.671049,388.412,-9999.0,7.83,41.1
201212301500,201212301530,-0.18819,0.0,184.5,9.313,14.2,2.53576,2.69276,1.84447,0.594277,304.838,-9999.0,7.87,42.51
201212301530,201212301600,-9999.0,1.0,110.4,8.643,13.69,2.46672,0.995738,1.82508,0.446747,209.594,-9999.0,7.92,44.85
201212301600,201212301630,-9999.0,1.0,50.21,7.843,12.77,2.34406,1.16475,1.78979,0.256607,104.31,-9999.0,7.97,46.86
201212301630,201212301700,-9999.0,1.0,11.21,6.888,11.6,2.19167,0.52201,1.74431,0.069056,10.3616,-9999.0,8.02,49.59
201212301700,201212301730,-9999.0,1.0,0.555,5.847,10.47,2.04848,0.611133,1.69977,0.003622,0.0,-9999.0,8.06,53.87
201212301730,201212301800,-9999.0,1.0,0.0,4.528,9.31,1.90574,0.332936,1.6534,0.0,0.0,-9999.0,8.09,61.39
201212301800,201212301830,-9999.0,1.0,0.0,4.139,8.5,1.80871,0.159631,1.62065,0.0,0.0,-9999.0,8.11,62.72
201212301830,201212301900,-9999.0,1.0,0.0,4.406,7.85,1.73245,0.123653,1.59414,0.0,0.0,-9999.0,8.13,58.52
201212301900,201212301930,-9999.0,1.0,0.001,3.453,6.312,1.55794,0.035764,1.53064,7e-06,0.0,-9999.0,8.15,63.87
201212301930,201212302000,-9999.0,1.0,0.02,2.878,5.646,1.48501,0.00887,1.5028,0.000131,0.0,-9999.0,8.15,68.47
201212302000,201212302030,-9999.0,1.0,0.002,2.247,5.252,1.44264,-0.076961,1.48624,1.3e-05,0.0,-9999.0,8.15,74.7
201212302030,201212302100,-9999.0,1.0,0.0,1.979,4.927,1.40813,-0.143854,1.47252,0.0,0.0,-9999.0,8.14,77.2
201212302100,201212302130,-9999.0,1.0,0.0,1.59,3.462,1.25755,-0.106342,1.41012,0.0,0.0,-9999.0,8.13,79.7
201212302130,201212302200,-9999.0,1.0,0.002,1.084,2.328,1.14673,-0.207647,1.36118,1.3e-05,0.0,-9999.0,8.12,85.0
201212302200,201212302230,-9999.0,1.0,0.0,0.804,1.871,1.10351,-0.782073,1.34131,0.0,0.0,-9999.0,8.1,88.5
201212302230,201212302300,-9999.0,1.0,0.031,0.749,1.747,1.09193,-0.630299,1.3359,0.000203,0.0,-9999.0,8.08,89.2
201212302300,201212302330,-9999.0,1.0,0.073,0.628,2.972,1.20904,-0.150448,1.38904,0.000478,0.0,-9999.0,8.05,91.7
201212302330,201212310000,-9999.0,1.0,0.13,0.899,4.458,1.35903,-0.244709,1.45265,0.00085,0.0,-9999.0,8.03,89.3
201212310000,201212310030,0.408448,0.0,0.154,0.908,4.462,1.35944,1.11933,1.45282,0.001007,0.0,-9999.0,7.99,89.2
201212310030,201212310100,-0.391053,0.0,0.11,1.012,4.753,1.38982,1.94584,1.46516,0.00072,0.0,-9999.0,7.96,88.2
201212310100,201212310130,-9999.0,1.0,0.015,1.024,4.799,1.39465,-0.128504,1.46711,9.8e-05,0.0,-9999.0,7.93,88.1
201212310130,201212310200,-9999.0,1.0,0.01,0.814,4.004,1.3123,-0.171733,1.43331,6.5e-05,0.0,-9999.0,7.9,90.0
201212310200,201212310230,-9999.0,1.0,0.151,0.506,2.747,1.18708,-0.170533,1.37932,0.000988,0.0,-9999.0,7.87,93.2
201212310230,201212310300,-9999.0,1.0,0.217,0.38,1.688,1.08644,-0.635419,1.33333,0.001419,0.0,-9999.0,7.84,94.5
201212310300,201212310330,-9999.0,1.0,0.061,0.24,0.845,1.00958,-0.822639,1.29639,0.000399,0.0,-9999.0,7.81,96.3
201212310330,201212310400,-9999.0,1.0,0.097,0.155,0.791,1.00475,-0.827215,1.29401,0.000635,0.0,-9999.0,7.78,97.6
201212310400,201212310430,-9999.0,1.0,0.056,0.116,1.579,1.07634,-0.587267,1.32857,0.000366,0.0,-9999.0,7.74,98.3
201212310430,201212310500,-9999.0,1.0,0.026,0.186,1.189,1.04059,-0.793337,1.31149,0.00017,0.0,-9999.0,7.7,97.2
201212310500,201212310530,-9999.0,1.0,0.042,0.172,1.114,1.03379,-0.799749,1.3082,0.000275,0.0,-9999.0,7.66,97.4
201212310530,201212310600,-9999.0,1.0,0.0,0.306,1.457,1.06509,-0.597799,1.32323,0.0,0.0,-9999.0,7.62,95.5
201212310600,201212310630,-9999.0,1.0,0.0,0.556,1.964,1.11224,-0.495871,1.34536,0.0,0.0,-9999.0,7.58,92.1
201212310630,201212310700,1.65831,0.0,0.0,1.113,2.423,1.15581,-0.314976,1.3653,0.0,0.0,-9999.0,7.54,84.7
201212310700,201212310730,-9999.0,1.0,0.295,1.359,2.33,1.14692,-0.207471,1.36127,0.001928,0.0,-9999.0,7.49,81.2
201212310730,201212310800,-9999.0,1.0,6.084,1.975,3.141,1.22566,-0.135293,1.39632,0.038519,10.933,-9999.0,7.45,74.2
201212310800,201212310830,-9999.0,1.0,20.89,1.429,1.76,1.09314,-0.670829,1.33647,0.122446,105.674,-9999.0,7.41,79.4
201212310830,201212310900,-9999.0,2.0,68.21,2.395,4.018,1.31373,-0.00903,1.43391,0.323185,211.017,-9999.0,7.37,70.6
201212310900,201212310930,-9999.0,2.0,138.7,4.001,6.457,1.57403,0.221148,1.53667,0.511221,306.315,-9999.0,7.33,58.56
201212310930,201212311000,-9999.0,1.0,195.3,5.061,8.07,1.7581,1.94854,1.60314,0.610898,389.936,-9999.0,7.28,53.06
201212311000,201212311030,-9999.0,1.0,249.8,6.401,9.99,1.98889,1.57264,1.68066,0.681991,460.451,-9999.0,7.24,47.85
201212311030,201212311100,-9999.0,1.0,297.1,7.433,10.98,2.11261,1.31573,1.71995,0.730491,516.653,-9999.0,7.2,43.32
201212311100,201212311130,-9999.0,1.0,333.7,7.652,11.03,2.11894,1.29536,1.72192,0.761874,557.579,-9999.0,7.18,41.84
201212311130,201212311200,-9999.0,1.0,358.9,7.906,11.12,2.13036,1.2729,1.72546,0.780998,582.531,-9999.0,7.17,40.27
201212311200,201212311230,0.144148,0.0,369.9,8.344,11.69,2.20325,2.09628,1.74783,0.788795,591.081,-9999.0,7.16,39.3
201212311230,201212311300,0.467416,0.0,248.5,8.66,12.12,2.25889,1.81776,1.7646,0.680507,583.082,-9999.0,7.17,38.76
201212311300,201212311330,0.665483,0.0,345.1,9.189,12.78,2.34538,1.6888,1.79017,0.770753,558.672,-9999.0,7.19,37.78
201212311330,201212311400,0.189853,0.0,328.9,10.311,14.01,2.50996,2.29449,1.83726,0.733665,518.268,-9999.0,7.23,35.56
201212311400,201212311430,-0.340011,0.0,290.7,10.536,14.37,2.55894,2.86271,1.85091,0.686286,462.561,-9999.0,7.27,35.67
201212311430,201212311500,-0.133837,0.0,242.2,9.646,13.72,2.47077,2.58737,1.82623,0.673182,392.505,-9999.0,7.32,38.57
201212311500,201212311530,-3.01935,0.0,185.1,9.456,13.62,2.4573,5.46228,1.82241,0.595226,309.299,-9999.0,7.37,39.39
201212311530,201212311600,-9999.0,1.0,123.0,8.671,12.93,2.36522,0.449992,1.79595,0.476947,214.365,-9999.0,7.42,41.86
201212311600,201212311630,-9999.0,1.0,51.39,7.41,11.91,2.23165,0.544634,1.75642,0.26129,109.329,-9999.0,7.47,46.87
201212311630,201212311700,-9999.0,1.0,9.13,6.232,10.45,2.04598,0.566718,1.69897,0.056866,12.6661,-9999.0,7.51,50.77
201212311700,201212311730,-9999.0,1.0,0.398,5.513,9.39,1.91544,0.443704,1.65662,0.0026,0.0,-9999.0,7.55,53.24
201212311730,201212311800,-9999.0,1.0,0.0,4.803,8.5,1.80871,0.159631,1.62065,0.0,0.0,-9999.0,7.58,56.74
201212311800,201212311830,-9999.0,1.0,0.0,4.444,7.64,1.70813,0.046932,1.58554,0.0,0.0,-9999.0,7.61,57.56
201212311830,201212311900,-9999.0,1.0,0.0,3.66,6.534,1.58261,-0.025532,1.53987,0.0,0.0,-9999.0,7.62,62.29
201212311900,201212311930,-9999.0,1.0,0.006,2.304,4.786,1.39328,-0.129715,1.46656,3.9e-05,0.0,-9999.0,7.62,73.2
201212311930,201212312000,-9999.0,1.0,0.003,1.443,3.717,1.28316,-0.197944,1.42105,2e-05,0.0,-9999.0,7.62,81.9
201212312000,201212312030,-9999.0,1.0,0.01,1.225,3.318,1.24319,-0.119355,1.40393,6.5e-05,0.0,-9999.0,7.61,84.2
201212312030,201212312100,-9999.0,1.0,0.035,1.139,3.019,1.21365,-0.146239,1.39106,0.000229,0.0,-9999.0,7.6,85.0
201212312100,201212312130,-9999.0,1.0,0.144,1.056,2.431,1.15658,-0.198559,1.36565,0.000942,0.0,-9999.0,7.58,85.5
201212312130,201212312200,-9999.0,1.0,0.171,0.742,0.997,1.02322,-0.809726,1.30307,0.001118,0.0,-9999.0,7.56,88.7
201212312200,201212312230,-9999.0,1.0,0.031,0.523,0.765,1.00243,-0.829415,1.29287,0.000203,0.0,-9999.0,7.53,91.9
201212312230,201212312300,-9999.0,1.0,0.007,0.449,1.082,1.03089,-0.802481,1.3068,4.6e-05,0.0,-9999.0,7.5,93.2
201212312300,201212312330,-9999.0,2.0,0.147,0.39,0.396,0.969824,0.267984,1.2766,0.000962,0.0,-9999.0,7.47,93.8
201212312330,201301010000,-9999.0,2.0,0.187,0.225,0.282,0.959863,0.252939,1.27157,0.001223,0.0,-9999.0,7.43,96.4
